2 0.881836 0.565430 0.074870 0.041016
0 0.159180 0.654297 0.098958 0.054688
0 0.142334 0.563477 0.063151 0.042480
2 0.512451 0.488932 0.044271 0.025879
2 0.353760 0.453451 0.026693 0.015137
2 0.287109 0.443034 0.021484 0.009766
2 0.243164 0.434570 0.017578 0.006836
2 0.222900 0.431966 0.016276 0.007324
0 0.130615 0.463542 0.019531 0.010254
0 0.129639 0.487305 0.031901 0.016113
2 0.203125 0.427083 0.011719 0.004883
0 0.130859 0.452148 0.013672 0.006836
0 0.127686 0.443034 0.012370 0.005371
2 0.194336 0.425456 0.009766 0.004883
0 0.126953 0.436849 0.006510 0.004883
2 0.178711 0.423177 0.007813 0.004883
2 0.174316 0.422852 0.007161 0.004883
0 0.126953 0.432292 0.006510 0.004883
