2 0.323975 0.556315 0.038574 0.070964
2 0.421143 0.458984 0.017090 0.033854
2 0.673828 0.453451 0.018555 0.031901
2 0.396484 0.484701 0.021484 0.039714
2 0.703125 0.485352 0.023438 0.041016
2 0.478516 0.439453 0.012695 0.024740
2 0.604736 0.421224 0.009277 0.018229
2 0.545654 0.427083 0.011230 0.022135
2 0.679688 0.417643 0.008789 0.018880
2 0.787109 0.433919 0.014648 0.025391
2 0.760254 0.417318 0.009766 0.016927
2 0.976563 0.422201 0.011719 0.018880
2 0.941406 0.436523 0.014648 0.022786
2 0.843018 0.417643 0.010254 0.017578
