0 0.212500 0.559122 0.047500 0.087838
2 0.750625 0.475507 0.033750 0.065878
0 0.374375 0.429899 0.021250 0.042230
2 0.633750 0.421453 0.025000 0.042230
2 0.521250 0.403716 0.015000 0.027027
2 0.409375 0.400338 0.013750 0.023649
0 0.310625 0.412162 0.016250 0.030405
0 0.249375 0.407939 0.013750 0.025338
2 0.213750 0.397804 0.010000 0.018581
2 0.336250 0.397804 0.010000 0.021959
2 0.268125 0.395270 0.011250 0.020270
0 0.053125 0.407939 0.008750 0.018581
2 0.128750 0.397804 0.010000 0.015203
0 0.185625 0.407939 0.011250 0.021959
