0 0.294434 0.518229 0.049479 0.027344
2 0.681885 0.508464 0.048177 0.027832
0 0.426758 0.428060 0.016276 0.007813
1 0.555664 0.431315 0.030599 0.009766
2 0.566895 0.444661 0.022135 0.010742
1 0.411865 0.433919 0.030599 0.011230
0 0.400146 0.447917 0.023438 0.012207
0 0.432129 0.420573 0.013021 0.005859
2 0.538330 0.426758 0.014974 0.008301
2 0.527344 0.419596 0.012370 0.006836
2 0.512695 0.412760 0.009115 0.004883
0 0.442139 0.415365 0.009115 0.005371
0 0.456055 0.411133 0.008464 0.004883
0 0.470215 0.408203 0.006510 0.004883
1 0.550293 0.429036 0.028646 0.008789
1 0.415771 0.430990 0.028646 0.009277
0 0.501953 0.404297 0.006510 0.004883
0 0.495117 0.402995 0.006510 0.004883
