1 0.551953 0.451389 0.016406 0.052778
0 0.611719 0.476389 0.018750 0.058333
0 0.684375 0.509722 0.025000 0.069444
0 0.301953 0.675694 0.038281 0.109722
0 0.328906 0.556944 0.025000 0.063889
1 0.332422 0.511111 0.017969 0.050000
0 0.491406 0.433333 0.010937 0.027778
1 0.010937 0.633333 0.021875 0.066667
0 0.080078 0.579861 0.016406 0.043056
0 0.920703 0.423611 0.014844 0.036111
0 0.848047 0.414583 0.013281 0.031944
0 0.851953 0.449306 0.016406 0.045833
0 0.782422 0.406944 0.010156 0.027778
1 0.714063 0.424306 0.015625 0.040278
0 0.140234 0.534722 0.013281 0.033333
0 0.657813 0.413889 0.010937 0.033333
0 0.770703 0.435417 0.014844 0.043056
0 0.339844 0.486111 0.014063 0.041667
1 0.402344 0.443750 0.010937 0.026389
0 0.685937 0.396528 0.009375 0.023611
0 0.732812 0.401389 0.009375 0.025000
0 0.341797 0.466667 0.013281 0.036111
