0 0.330000 0.726562 0.190625 0.060000
0 0.591875 0.529687 0.121875 0.041250
1 0.399375 0.476562 0.103125 0.028750
2 0.426875 0.415625 0.081250 0.021250
2 0.439375 0.348438 0.053125 0.018750
2 0.068750 0.306250 0.043750 0.012500
0 0.082500 0.337500 0.050000 0.012500
2 0.183125 0.303125 0.043750 0.011250
2 0.236250 0.284375 0.043750 0.010000
0 0.525000 0.309375 0.043750 0.010000
0 0.268125 0.275000 0.025000 0.008750
0 0.477500 0.276562 0.028125 0.007500
2 0.305000 0.287500 0.037500 0.010000
0 0.170000 0.275000 0.018750 0.007500
1 0.116875 0.279687 0.034375 0.008750
2 0.452500 0.318750 0.043750 0.010000
0 0.221250 0.265625 0.025000 0.007500
2 0.291250 0.260937 0.034375 0.007500
2 0.460000 0.306250 0.031250 0.010000
