2 0.864258 0.641276 0.100260 0.059570
2 0.282227 0.567383 0.073568 0.041016
2 0.395996 0.488607 0.050130 0.028320
2 0.859131 0.468099 0.039063 0.020996
2 0.439941 0.457031 0.032552 0.018555
2 0.624756 0.439779 0.027995 0.016113
2 0.476807 0.431966 0.020182 0.012207
2 0.508789 0.408529 0.012370 0.005859
2 0.785156 0.429688 0.020833 0.012695
2 0.911621 0.422852 0.017578 0.010742
2 0.968018 0.415039 0.013672 0.008301
2 0.499023 0.414714 0.014323 0.006836
2 0.606445 0.418294 0.018880 0.009766
2 0.735840 0.409180 0.013672 0.006836
2 0.589600 0.405599 0.013021 0.005371
2 0.515625 0.404948 0.010417 0.004883
2 0.891602 0.406901 0.011719 0.005859
