1 0.765625 0.608398 0.087891 0.047852
2 0.667236 0.480143 0.034505 0.019043
2 0.708740 0.455404 0.024089 0.011230
0 0.364746 0.465820 0.033203 0.015625
0 0.500488 0.440104 0.020833 0.007813
0 0.577393 0.430664 0.014974 0.006348
0 0.589355 0.424479 0.013021 0.005859
2 0.747559 0.443359 0.016927 0.007813
2 0.735596 0.435547 0.014323 0.006348
0 0.536865 0.415365 0.011719 0.005371
2 0.625488 0.415365 0.010417 0.004883
2 0.717041 0.428060 0.012370 0.006348
2 0.675293 0.421875 0.011719 0.005859
0 0.580566 0.420247 0.011068 0.004883
0 0.468018 0.410807 0.009115 0.005371
2 0.582031 0.412435 0.009766 0.004883
2 0.442139 0.405273 0.008464 0.005371
0 0.403076 0.406901 0.009115 0.005371
