1 0.850586 0.627930 0.180339 0.089844
2 0.689209 0.513346 0.064453 0.033691
0 0.316162 0.530599 0.069010 0.035645
1 0.199219 0.617188 0.169271 0.078125
2 0.611084 0.460612 0.041016 0.027832
1 0.047852 0.831380 0.253906 0.094727
0 0.388672 0.462891 0.035156 0.014648
0 0.426514 0.426432 0.022135 0.013184
2 0.544189 0.415039 0.016276 0.008301
2 0.559814 0.426432 0.020833 0.010254
2 0.533691 0.407878 0.013672 0.006836
0 0.451660 0.402669 0.012370 0.004883
2 0.519531 0.397461 0.011068 0.004883
2 0.524902 0.402018 0.011068 0.004883
