0 0.376172 0.297222 0.013281 0.027778
2 0.851172 0.818750 0.057031 0.176389
2 0.523828 0.347917 0.011719 0.031944
2 0.717578 0.409722 0.014844 0.038889
0 0.273047 0.315278 0.016406 0.041667
0 0.490625 0.336806 0.009375 0.029167
2 0.603125 0.326389 0.007813 0.016667
0 0.595313 0.322917 0.007813 0.015278
0 0.520703 0.297222 0.008594 0.013889
2 0.261719 0.254167 0.007813 0.025000
2 0.711719 0.362500 0.007813 0.019444
2 0.633594 0.325000 0.007813 0.013889
0 0.627344 0.322222 0.007813 0.013889
0 0.566406 0.298611 0.007813 0.013889
