0 0.190625 0.464062 0.196875 0.061250
2 0.484375 0.359375 0.150000 0.043750
0 0.713750 0.295312 0.128125 0.037500
0 0.938125 0.642188 0.284375 0.096250
2 0.052500 0.179688 0.071875 0.017500
2 0.188750 0.198437 0.071875 0.017500
2 0.330000 0.181250 0.075000 0.020000
0 0.390625 0.165625 0.062500 0.016250
2 0.776250 0.210938 0.059375 0.032500
2 0.924375 0.251563 0.096875 0.028750
2 0.883750 0.157812 0.053125 0.015000
0 0.853750 0.175000 0.062500 0.017500
2 0.659375 0.164062 0.059375 0.013750
2 0.505000 0.156250 0.056250 0.015000
2 0.142500 0.168750 0.068750 0.017500
2 0.256250 0.150000 0.056250 0.015000
2 0.530000 0.140625 0.050000 0.012500
0 0.370000 0.140625 0.056250 0.017500
2 0.631250 0.145313 0.059375 0.020000
2 0.193750 0.154688 0.059375 0.015000
0 0.733125 0.153125 0.056250 0.016250
1 0.728750 0.075000 0.062500 0.015000
