1 0.294010 0.482407 0.033854 0.075926
1 0.356771 0.426389 0.022917 0.060185
1 0.336979 0.393519 0.017708 0.044444
1 0.232031 0.383333 0.011979 0.033333
1 0.286979 0.387037 0.014583 0.038889
1 0.754948 0.511574 0.035937 0.104630
1 0.578125 0.356944 0.014583 0.037963
1 0.651302 0.411111 0.021354 0.053704
1 0.475000 0.337963 0.013542 0.031481
1 0.118490 0.379630 0.009896 0.025926
1 0.185417 0.345833 0.009375 0.021296
1 0.024479 0.392593 0.010417 0.022222
1 0.314323 0.331019 0.008854 0.019444
1 0.827083 0.352315 0.009375 0.032407
1 0.798958 0.342130 0.011458 0.021296
1 0.080208 0.359259 0.007292 0.020370
1 0.683854 0.320833 0.008333 0.021296
1 0.858854 0.373148 0.011458 0.027778
1 0.770573 0.324074 0.005729 0.024074
1 0.671354 0.308333 0.007292 0.016667
1 0.723958 0.316667 0.008333 0.016667
1 0.951562 0.372685 0.012500 0.026852
1 0.879167 0.343519 0.008333 0.020370
1 0.920312 0.358796 0.011458 0.026852
1 0.859635 0.335185 0.005729 0.018519
1 0.748698 0.329630 0.007812 0.020370
1 0.935417 0.363426 0.011458 0.026852
1 0.904427 0.352315 0.010937 0.025000
