2 0.625000 0.412500 0.093750 0.025000
2 0.370625 0.429688 0.084375 0.023750
2 0.926250 0.800000 0.275000 0.085000
0 0.108125 0.821875 0.243750 0.088750
0 0.248125 0.368750 0.043750 0.021250
2 0.941875 0.435937 0.078125 0.038750
2 0.598125 0.350000 0.056250 0.016250
2 0.431250 0.331250 0.050000 0.012500
2 0.557500 0.315625 0.050000 0.015000
2 0.536250 0.285938 0.034375 0.010000
2 0.437500 0.306250 0.037500 0.012500
2 0.303750 0.304688 0.040625 0.010000
0 0.563750 0.295312 0.028125 0.007500
0 0.508125 0.271875 0.031250 0.008750
2 0.476875 0.268750 0.025000 0.008750
2 0.338125 0.273438 0.028125 0.008750
0 0.388750 0.271875 0.025000 0.007500
0 0.441875 0.285938 0.028125 0.008750
