1 0.853027 0.625977 0.075195 0.164714
0 0.315430 0.530924 0.031250 0.060547
1 0.199463 0.620117 0.076660 0.167318
2 0.689697 0.513997 0.031738 0.055339
2 0.610107 0.463216 0.020020 0.035807
0 0.388672 0.461589 0.020508 0.037760
2 0.559814 0.426432 0.010254 0.019531
2 0.544189 0.414388 0.008301 0.014974
2 0.427246 0.424805 0.009766 0.018880
0 0.441162 0.413086 0.007324 0.013672
2 0.533203 0.406576 0.006836 0.013672
2 0.520508 0.396484 0.004883 0.010417
1 0.045654 0.835938 0.091309 0.252604
2 0.524658 0.401042 0.006348 0.013021
2 0.512695 0.388997 0.004883 0.008464
0 0.451172 0.402018 0.004883 0.009766
0 0.445312 0.406901 0.005859 0.011719
