2 0.872656 0.643056 0.105556 0.043750
2 0.312109 0.440972 0.084722 0.030469
0 0.256641 0.355556 0.055556 0.019531
2 0.412891 0.375000 0.052778 0.017969
0 0.064062 0.341667 0.055556 0.018750
0 0.181250 0.275000 0.033333 0.012500
0 0.325391 0.295139 0.031944 0.011719
2 0.703125 0.405556 0.041667 0.014063
2 0.676172 0.368750 0.023611 0.010156
0 0.430859 0.306250 0.029167 0.011719
2 0.506641 0.315972 0.026389 0.011719
2 0.542188 0.305556 0.019444 0.007813
2 0.664844 0.336111 0.016667 0.007813
0 0.104688 0.267361 0.020833 0.009375
2 0.667969 0.346528 0.018056 0.007813
2 0.691406 0.339583 0.018056 0.007813
2 0.621094 0.311806 0.018056 0.007813
2 0.650000 0.319444 0.013889 0.007813
