0 0.299375 0.534375 0.131250 0.043750
2 0.796250 0.440625 0.106250 0.035000
2 0.445625 0.390625 0.075000 0.018750
2 0.500625 0.339062 0.053125 0.013750
2 0.557500 0.303125 0.043750 0.010000
0 0.595000 0.282813 0.034375 0.010000
2 0.677500 0.548438 0.140625 0.047500
0 0.677500 0.348438 0.059375 0.015000
2 0.681250 0.318750 0.043750 0.012500
0 0.652500 0.260937 0.028125 0.007500
0 0.707500 0.275000 0.031250 0.007500
0 0.378750 0.081250 0.106250 0.027500
0 0.386875 0.335938 0.059375 0.011250
0 0.506250 0.287500 0.037500 0.007500
0 0.626250 0.271875 0.031250 0.010000
2 0.736875 0.287500 0.037500 0.011250
2 0.685625 0.284375 0.037500 0.011250
2 0.437500 0.310937 0.046875 0.012500
0 0.665000 0.254688 0.021875 0.007500
0 0.690000 0.265625 0.025000 0.007500
0 0.794375 0.304688 0.046875 0.011250
0 0.717500 0.267188 0.028125 0.007500
