2 0.801758 0.578776 0.078125 0.044922
0 0.242920 0.589193 0.082031 0.047363
0 0.392090 0.487630 0.036458 0.022461
0 0.438965 0.451172 0.024740 0.015625
2 0.669678 0.485026 0.033854 0.019043
2 0.619629 0.451823 0.022135 0.013672
2 0.575684 0.426107 0.017578 0.007813
0 0.456787 0.436523 0.017578 0.008301
2 0.588623 0.435872 0.016276 0.012207
0 0.469238 0.426758 0.014974 0.007813
0 0.487305 0.415690 0.009766 0.004883
2 0.552246 0.413411 0.011719 0.004883
0 0.480713 0.420898 0.012370 0.007324
2 0.560547 0.417969 0.010417 0.005859
2 0.548096 0.408854 0.007813 0.005371
2 0.660400 0.413737 0.009766 0.006348
2 0.585205 0.407878 0.008464 0.005371
0 0.491211 0.410807 0.007813 0.004883
2 0.572266 0.405599 0.009115 0.004883
0 0.677002 0.410807 0.009115 0.005371
0 0.699951 0.411784 0.008464 0.005371
2 0.720215 0.416016 0.010417 0.005859
2 0.787598 0.418945 0.009766 0.005859
0 0.638184 0.408529 0.009766 0.005859
2 0.564453 0.402018 0.008464 0.004883
0 0.499023 0.403646 0.006510 0.004883
0 0.494629 0.407878 0.007161 0.004883
2 0.546387 0.405924 0.008464 0.004883
2 0.561523 0.399089 0.006510 0.004883
0 0.760254 0.412109 0.006510 0.004883
