1 0.726562 0.487037 0.075926 0.026042
1 0.334635 0.385648 0.052778 0.022396
1 0.357812 0.420833 0.067593 0.027083
1 0.282552 0.381481 0.057407 0.017188
1 0.302604 0.461574 0.091667 0.027083
1 0.631510 0.399074 0.059259 0.017188
1 0.228906 0.380093 0.041667 0.013021
1 0.561719 0.350463 0.034259 0.013021
1 0.462760 0.332870 0.026852 0.009896
1 0.112500 0.382407 0.024074 0.008333
1 0.177083 0.348611 0.019444 0.007292
1 0.304167 0.330093 0.021296 0.008333
1 0.831510 0.360648 0.026852 0.010937
1 0.017448 0.395370 0.024074 0.007812
