2 0.152100 0.708984 0.132813 0.083496
2 0.389893 0.495117 0.046224 0.023926
2 0.746094 0.535482 0.061849 0.035156
2 0.635254 0.449544 0.029297 0.014648
2 0.453613 0.436198 0.022135 0.013672
2 0.470947 0.422201 0.016276 0.008301
2 0.482666 0.414714 0.013021 0.006348
2 0.583496 0.417969 0.014323 0.007813
2 0.597900 0.411458 0.010417 0.005371
2 0.488525 0.410807 0.010417 0.005371
2 0.984131 0.483073 0.041667 0.022949
2 0.561279 0.409505 0.010417 0.005371
2 0.802734 0.428711 0.018880 0.009766
2 0.493652 0.406576 0.009766 0.004883
