1 0.201172 0.431641 0.011719 0.016927
1 0.111084 0.434245 0.010254 0.015625
1 0.113525 0.448568 0.013184 0.022135
1 0.256592 0.422201 0.007324 0.013672
1 0.175049 0.423828 0.008301 0.013021
1 0.218750 0.416667 0.006836 0.011719
1 0.251465 0.411458 0.006836 0.010417
1 0.287598 0.416341 0.006836 0.012370
1 0.274414 0.407878 0.005859 0.009766
1 0.301270 0.403971 0.004883 0.009766
1 0.313477 0.411133 0.006836 0.012370
1 0.330322 0.408529 0.006348 0.011068
1 0.335205 0.397786 0.005371 0.010417
1 0.318359 0.401042 0.004883 0.009115
1 0.349609 0.402995 0.004883 0.009115
1 0.331055 0.398112 0.004883 0.009766
1 0.345215 0.399414 0.004883 0.007161
1 0.391602 0.399414 0.004883 0.007161
1 0.368652 0.398438 0.004883 0.006510
