2 0.262500 0.557813 0.234375 0.067500
2 0.339375 0.454688 0.171875 0.048750
0 0.401875 0.329688 0.128125 0.036250
0 0.477500 0.392188 0.146875 0.045000
0 0.765000 0.410938 0.159375 0.042500
2 0.842500 0.521875 0.206250 0.057500
0 0.855625 0.384375 0.125000 0.033750
2 0.705000 0.298438 0.115625 0.035000
0 0.649375 0.268750 0.100000 0.028750
0 0.895625 0.340625 0.112500 0.031250
2 0.595625 0.168750 0.087500 0.026250
0 0.641250 0.220312 0.103125 0.025000
0 0.555625 0.193750 0.056250 0.013750
2 0.484375 0.225000 0.081250 0.018750
0 0.025625 0.868750 0.256250 0.051250
2 0.340000 0.214062 0.071875 0.015000
0 0.039375 0.210938 0.053125 0.011250
0 0.075000 0.232813 0.071875 0.020000
2 0.122500 0.215625 0.062500 0.015000
0 0.226875 0.218750 0.062500 0.016250
2 0.275625 0.221875 0.075000 0.018750
2 0.388125 0.209375 0.062500 0.013750
0 0.473125 0.201563 0.059375 0.011250
2 0.960000 0.850000 0.293750 0.075000
0 0.320000 0.204687 0.053125 0.010000
