2 0.260742 0.584635 0.048828 0.078125
2 0.402100 0.462565 0.022949 0.031901
2 0.587402 0.456055 0.016602 0.031901
2 0.442627 0.433594 0.011230 0.022135
2 0.562012 0.433594 0.010742 0.019531
2 0.550293 0.425130 0.008789 0.015625
2 0.466309 0.421549 0.007813 0.014974
2 0.476074 0.419271 0.006836 0.013021
2 0.367676 0.427083 0.007813 0.015625
2 0.067627 0.456055 0.018066 0.029297
2 0.039063 0.500326 0.027344 0.038411
2 0.417480 0.419596 0.004883 0.009766
2 0.392090 0.413411 0.004883 0.007813
2 0.184082 0.429036 0.007813 0.014323
2 0.200439 0.426107 0.007324 0.013672
2 0.345703 0.421549 0.004883 0.011068
2 0.536133 0.416667 0.004883 0.009115
2 0.531738 0.415365 0.004883 0.009115
2 0.299316 0.418294 0.004883 0.008464
2 0.543457 0.420898 0.005859 0.012370
2 0.489502 0.415690 0.005371 0.008464
2 0.128174 0.426432 0.006348 0.010417
2 0.223633 0.416341 0.005859 0.009766
2 0.234619 0.421875 0.006348 0.010417
2 0.305176 0.413411 0.004883 0.007813
2 0.051270 0.440430 0.008789 0.016276
2 0.259277 0.412760 0.004883 0.006510
2 0.042236 0.435547 0.007324 0.014323
2 0.283691 0.416016 0.004883 0.009115
2 0.333008 0.410807 0.004883 0.006510
