2 0.359863 0.495443 0.042969 0.026367
2 0.655029 0.484049 0.037109 0.020996
2 0.938965 0.561849 0.071615 0.040039
2 0.422119 0.442057 0.023438 0.012207
2 0.445557 0.423828 0.018229 0.009277
2 0.612061 0.451823 0.028646 0.015137
2 0.677979 0.436198 0.019531 0.012207
2 0.565430 0.422201 0.017578 0.009766
2 0.668213 0.421224 0.014323 0.008301
2 0.553955 0.414063 0.013021 0.007324
2 0.572754 0.409505 0.011719 0.004883
2 0.459229 0.412435 0.012370 0.006348
2 0.466797 0.405924 0.011068 0.005859
2 0.544678 0.406901 0.010417 0.006348
2 0.672607 0.413086 0.009766 0.005371
2 0.776855 0.423503 0.013672 0.006836
2 0.762451 0.422526 0.014323 0.008301
2 0.817139 0.414063 0.011719 0.006348
2 0.539551 0.402669 0.009766 0.004883
2 0.793945 0.403971 0.008464 0.004883
2 0.971436 0.429362 0.013672 0.008301
2 0.764404 0.404948 0.009115 0.005371
2 0.724609 0.400065 0.008464 0.004883
