2 0.296484 0.718056 0.111111 0.041406
2 0.903516 0.627083 0.101389 0.038281
2 0.387891 0.532639 0.051389 0.017969
2 0.355469 0.497917 0.034722 0.014063
2 0.631250 0.487500 0.052778 0.021875
2 0.505859 0.463889 0.036111 0.014844
2 0.334375 0.484722 0.030556 0.012500
2 0.282031 0.479167 0.025000 0.007812
2 0.397656 0.454167 0.022222 0.007812
2 0.904297 0.434722 0.022222 0.008594
2 0.225781 0.479167 0.019444 0.007812
2 0.304688 0.456250 0.018056 0.007812
2 0.986328 0.461111 0.033333 0.011719
2 0.260937 0.458333 0.016667 0.007812
2 0.885156 0.425694 0.020833 0.007812
2 0.171094 0.490972 0.029167 0.009375
2 0.113672 0.500000 0.025000 0.008594
