2 0.234375 0.840625 0.231250 0.073750
0 0.093750 0.645312 0.140625 0.057500
2 0.833750 0.637500 0.162500 0.070000
0 0.721250 0.548438 0.140625 0.040000
2 0.358750 0.531250 0.118750 0.030000
1 0.605000 0.387500 0.068750 0.017500
2 0.579375 0.356250 0.056250 0.013750
2 0.826875 0.295312 0.134375 0.046250
2 0.403125 0.434375 0.087500 0.021250
0 0.423125 0.387500 0.056250 0.013750
0 0.543125 0.323437 0.034375 0.011250
0 0.430625 0.357812 0.046875 0.013750
0 0.318750 0.434375 0.050000 0.025000
0 0.557500 0.334375 0.037500 0.010000
