2 0.727051 0.547852 0.035156 0.064453
0 0.291016 0.497721 0.023438 0.042318
2 0.677246 0.473958 0.021484 0.040365
0 0.412354 0.451823 0.013184 0.027344
2 0.833984 0.458333 0.016602 0.027344
0 0.512207 0.435547 0.009766 0.020833
0 0.603516 0.430013 0.009766 0.020182
0 0.743164 0.430339 0.007813 0.016927
2 0.973145 0.452474 0.014648 0.023438
0 0.912109 0.432617 0.009766 0.020182
2 0.078369 0.454102 0.007324 0.014974
1 0.047119 0.435872 0.009277 0.014974
1 0.037598 0.432943 0.008789 0.013021
1 0.004883 0.450195 0.009766 0.016276
1 0.057861 0.453125 0.008301 0.016927
1 0.968750 0.414063 0.008789 0.013021
