2 0.821250 0.645312 0.196875 0.065000
2 0.624375 0.401562 0.090625 0.028750
2 0.385625 0.423438 0.096875 0.026250
1 0.323750 0.612500 0.162500 0.050000
2 0.523125 0.321875 0.056250 0.016250
2 0.288125 0.317188 0.046875 0.016250
2 0.385000 0.350000 0.068750 0.017500
0 0.420000 0.290625 0.037500 0.010000
2 0.340000 0.326562 0.046875 0.012500
2 0.272500 0.309375 0.037500 0.010000
2 0.490625 0.301563 0.040625 0.011250
2 0.398750 0.282813 0.034375 0.010000
0 0.848750 0.290625 0.043750 0.015000
2 0.458125 0.273438 0.034375 0.008750
2 0.386875 0.273438 0.034375 0.008750
2 0.745000 0.271875 0.043750 0.012500
2 0.341250 0.281250 0.037500 0.010000
