2 0.328857 0.556315 0.063151 0.040527
2 0.700928 0.575521 0.078125 0.041504
2 0.592773 0.467773 0.037109 0.018555
2 0.545898 0.412760 0.023438 0.011719
2 0.186035 0.457357 0.024089 0.014648
2 0.196289 0.453451 0.022786 0.011719
2 0.449707 0.420898 0.017578 0.009766
2 0.304443 0.409180 0.013672 0.007324
2 0.037842 0.433594 0.016927 0.010254
2 0.174805 0.432617 0.017578 0.010742
2 0.410156 0.394206 0.009766 0.004883
2 0.461914 0.405273 0.014974 0.008789
2 0.125977 0.416016 0.011719 0.007813
2 0.443848 0.398438 0.011719 0.005859
2 0.497803 0.390299 0.009766 0.005371
2 0.537842 0.402344 0.014323 0.008301
2 0.529297 0.393555 0.011068 0.007813
2 0.086182 0.411784 0.012370 0.006348
2 0.187500 0.405273 0.007161 0.004883
2 0.055664 0.427083 0.015625 0.009766
2 0.125488 0.407227 0.012370 0.006836
2 0.221924 0.400716 0.011068 0.006348
2 0.188965 0.399089 0.009115 0.005859
2 0.151611 0.403320 0.011068 0.006348
2 0.300293 0.394531 0.009115 0.004883
2 0.309082 0.390951 0.008464 0.004883
2 0.362793 0.393880 0.013021 0.005859
2 0.442871 0.388346 0.008464 0.004883
2 0.268555 0.392904 0.009766 0.004883
2 0.231934 0.395182 0.010417 0.004883
2 0.389648 0.388346 0.008464 0.004883
