2 0.965000 0.440625 0.106250 0.030000
0 0.286250 0.498437 0.140625 0.042500
0 0.336875 0.346875 0.075000 0.021250
0 0.744375 0.328125 0.062500 0.016250
2 0.943125 0.404687 0.084375 0.038750
0 0.283750 0.292187 0.059375 0.017500
0 0.450000 0.275000 0.050000 0.015000
0 0.490625 0.282813 0.046875 0.011250
0 0.160625 0.254688 0.059375 0.013750
0 0.116875 0.243750 0.068750 0.016250
2 0.386250 0.268750 0.056250 0.012500
2 0.575625 0.292187 0.053125 0.018750
2 0.220625 0.270313 0.053125 0.013750
2 0.339375 0.293750 0.068750 0.018750
0 0.055625 0.239063 0.059375 0.016250
