2 0.762451 0.612305 0.091797 0.045410
0 0.148682 0.558919 0.076172 0.048340
2 0.671631 0.465495 0.032552 0.019043
0 0.406006 0.450521 0.031250 0.016113
2 0.712402 0.447917 0.024740 0.011719
0 0.530762 0.428385 0.016927 0.008789
0 0.617676 0.424805 0.013672 0.007813
2 0.759766 0.441406 0.016927 0.010742
0 0.674316 0.425130 0.011719 0.006836
1 0.022705 0.479167 0.035156 0.043457
2 0.816406 0.440104 0.016927 0.006836
1 0.340820 0.405273 0.016276 0.008789
1 0.279053 0.419271 0.024740 0.013184
2 0.794922 0.428060 0.008464 0.004883
0 0.699463 0.422526 0.013021 0.007324
2 0.666748 0.412109 0.009115 0.005371
2 0.745605 0.421224 0.007813 0.004883
2 0.821289 0.436523 0.012370 0.004883
0 0.609863 0.409831 0.008464 0.004883
2 0.618896 0.407878 0.008464 0.005371
0 0.558105 0.404948 0.009115 0.004883
2 0.328125 0.401693 0.013021 0.004883
2 0.322021 0.402669 0.011068 0.005371
0 0.359131 0.403646 0.009115 0.005371
2 0.625977 0.404297 0.007813 0.004883
2 0.705566 0.415690 0.009766 0.004883
