1 0.846191 0.656901 0.090820 0.175781
1 0.069336 0.703776 0.107422 0.188802
0 0.328125 0.554036 0.027344 0.053385
2 0.642578 0.505208 0.019531 0.036458
2 0.577148 0.470703 0.009766 0.019531
0 0.421875 0.476562 0.011719 0.020833
0 0.385742 0.464844 0.007812 0.015625
2 0.401367 0.455078 0.007812 0.014323
2 0.444824 0.455729 0.006836 0.015625
0 0.350098 0.462891 0.008789 0.014323
0 0.315918 0.462240 0.006836 0.013021
2 0.331543 0.456380 0.006836 0.011719
2 0.361328 0.455078 0.005859 0.011719
2 0.511719 0.458333 0.009766 0.018229
0 0.281250 0.461589 0.005859 0.009115
0 0.247070 0.462891 0.005859 0.009115
