2 0.694824 0.494141 0.042969 0.024414
2 0.372803 0.501302 0.046875 0.024902
2 0.441406 0.442057 0.023438 0.012695
2 0.872314 0.537435 0.056641 0.034668
2 0.632813 0.452474 0.031250 0.014648
2 0.594971 0.429688 0.020833 0.012207
2 0.486572 0.416667 0.015625 0.010254
2 0.458984 0.422852 0.017578 0.008789
2 0.452881 0.430013 0.017578 0.009277
2 0.568359 0.408203 0.013021 0.006836
2 0.527832 0.411133 0.013672 0.007813
2 0.775635 0.412435 0.016276 0.009277
2 0.675293 0.413086 0.012370 0.006836
2 0.594727 0.419922 0.016927 0.009766
2 0.620117 0.405273 0.012370 0.007813
2 0.871582 0.416341 0.017578 0.009766
2 0.823242 0.406576 0.013672 0.006836
2 0.735840 0.404622 0.012370 0.006836
2 0.953369 0.446289 0.022786 0.014160
1 0.557373 0.396484 0.010417 0.005371
2 0.677979 0.404948 0.013021 0.006348
2 0.920410 0.410482 0.013672 0.008789
