2 0.819336 0.535156 0.055990 0.038086
0 0.339600 0.481445 0.039714 0.020996
0 0.502441 0.423503 0.018880 0.009766
2 0.721924 0.450846 0.029297 0.017090
2 0.707031 0.425781 0.020833 0.010742
2 0.716064 0.411133 0.017578 0.009277
2 0.739258 0.404622 0.014974 0.008789
0 0.577148 0.402669 0.014974 0.008789
0 0.647461 0.396159 0.011068 0.004883
0 0.690430 0.392904 0.009766 0.004883
2 0.803711 0.396810 0.011068 0.004883
2 0.768311 0.399089 0.011719 0.006348
0 0.738281 0.392578 0.007813 0.004883
2 0.834961 0.397461 0.012370 0.005859
2 0.877930 0.398438 0.010417 0.004883
0 0.790039 0.393229 0.009115 0.004883
