1 0.231445 0.588542 0.141927 0.070313
1 0.298340 0.528320 0.110026 0.046875
1 0.778564 0.577148 0.137370 0.060059
1 0.718750 0.534831 0.115234 0.054688
0 0.360352 0.494141 0.049479 0.024414
2 0.646240 0.483398 0.043620 0.020020
2 0.593750 0.450521 0.031250 0.014648
0 0.409180 0.448242 0.031901 0.015625
2 0.558838 0.422201 0.020182 0.012207
2 0.546875 0.412435 0.016276 0.009766
0 0.439941 0.419596 0.020182 0.010742
2 0.537354 0.405924 0.011068 0.005371
0 0.455566 0.404297 0.010417 0.004883
0 0.451172 0.409831 0.012370 0.005859
0 0.460449 0.399414 0.008464 0.004883
2 0.529785 0.400065 0.009766 0.004883
2 0.526367 0.396159 0.008464 0.004883
2 0.523926 0.391927 0.007813 0.004883
0 0.466309 0.395182 0.007813 0.004883
2 0.519531 0.389323 0.007813 0.004883
