2 0.222266 0.694444 0.049219 0.136111
0 0.190234 0.679167 0.042969 0.116667
2 0.484766 0.445139 0.016406 0.040278
2 0.723828 0.444444 0.014844 0.038889
0 0.467187 0.448611 0.014063 0.038889
2 0.664063 0.397222 0.007813 0.030556
0 0.449219 0.395833 0.007813 0.016667
0 0.533594 0.395139 0.007813 0.018056
2 0.542969 0.393750 0.007813 0.020833
2 0.561719 0.379167 0.007813 0.013889
0 0.557813 0.376389 0.007813 0.013889
0 0.572656 0.370833 0.007813 0.013889
2 0.642969 0.375694 0.007813 0.015278
0 0.494531 0.381944 0.007813 0.013889
0 0.308203 0.453472 0.013281 0.048611
