2 0.458203 0.484722 0.010156 0.025000
2 0.489063 0.474306 0.007812 0.020833
2 0.720703 0.476389 0.008594 0.025000
2 0.376953 0.517361 0.014844 0.040278
1 0.596875 0.480556 0.007812 0.025000
2 0.744922 0.652778 0.039844 0.133333
2 0.671094 0.463889 0.007812 0.019444
2 0.640625 0.454167 0.007812 0.013889
2 0.560156 0.466667 0.007812 0.019444
2 0.525000 0.452083 0.007812 0.018056
2 0.650000 0.459722 0.007812 0.016667
2 0.582812 0.463889 0.007812 0.016667
2 0.612500 0.452778 0.007812 0.013889
2 0.547656 0.448611 0.007812 0.013889
2 0.494531 0.445833 0.007812 0.013889
