2 0.609131 0.503906 0.022949 0.042969
2 0.541016 0.444987 0.012695 0.024089
0 0.351318 0.459310 0.013184 0.026693
0 0.268066 0.510091 0.026367 0.044922
2 0.521973 0.429036 0.009766 0.019531
0 0.397461 0.431315 0.007813 0.016276
2 0.502686 0.411458 0.005371 0.010417
0 0.416748 0.419271 0.005371 0.011719
0 0.426270 0.414063 0.004883 0.010417
0 0.434326 0.410482 0.005371 0.009766
2 0.506104 0.416667 0.007324 0.014323
2 0.497070 0.408529 0.004883 0.009766
2 0.503418 0.402018 0.004883 0.007161
2 0.494629 0.406250 0.004883 0.007813
0 0.440430 0.408203 0.004883 0.009115
0 0.444824 0.405924 0.004883 0.007161
0 0.468262 0.402995 0.004883 0.006510
0 0.448730 0.403646 0.004883 0.006510
2 0.519531 0.400391 0.004883 0.006510
2 0.531250 0.399740 0.004883 0.006510
