0 0.320000 0.645312 0.171875 0.055000
2 0.491875 0.410938 0.084375 0.021250
2 0.368125 0.432812 0.090625 0.026250
0 0.733125 0.568750 0.150000 0.056250
0 0.378750 0.345313 0.059375 0.015000
0 0.673750 0.378125 0.075000 0.022500
2 0.650625 0.323437 0.053125 0.013750
2 0.516250 0.321875 0.050000 0.015000
2 0.321250 0.373437 0.078125 0.020000
2 0.460000 0.307812 0.046875 0.015000
0 0.421250 0.325000 0.050000 0.015000
2 0.611250 0.278125 0.031250 0.007500
2 0.630000 0.290625 0.037500 0.007500
0 0.522500 0.293750 0.037500 0.010000
0 0.596250 0.267188 0.028125 0.007500
