2 0.427490 0.476888 0.041016 0.020996
2 0.576172 0.441732 0.025391 0.012695
2 0.014648 0.545247 0.067057 0.029297
2 0.621582 0.483073 0.049479 0.025391
2 0.269287 0.439779 0.018880 0.006348
2 0.468018 0.416016 0.015625 0.008301
2 0.240967 0.424479 0.015625 0.009277
2 0.124268 0.427409 0.016276 0.011230
2 0.029541 0.437500 0.016927 0.009277
2 0.044922 0.838216 0.223307 0.089844
2 0.082520 0.446940 0.020182 0.011719
2 0.546143 0.410156 0.019531 0.008301
2 0.339844 0.407552 0.011719 0.005859
2 0.474121 0.402995 0.011719 0.005859
2 0.539063 0.400065 0.011068 0.005859
2 0.457520 0.397461 0.009766 0.005859
2 0.326416 0.395833 0.009115 0.005371
2 0.256836 0.400716 0.009766 0.004883
2 0.384277 0.394206 0.011068 0.004883
2 0.182373 0.413411 0.011719 0.007324
2 0.229248 0.404948 0.011719 0.005371
2 0.274902 0.437826 0.017578 0.008789
2 0.131592 0.421875 0.013021 0.007324
2 0.172607 0.405924 0.009766 0.007324
2 0.502441 0.391602 0.008464 0.004883
2 0.405762 0.389648 0.009766 0.004883
2 0.427002 0.394857 0.011068 0.005371
2 0.367676 0.389974 0.010417 0.004883
2 0.051514 0.423828 0.014323 0.008301
2 0.141846 0.410482 0.011068 0.007324
2 0.262207 0.395833 0.009115 0.004883
2 0.331299 0.392578 0.009115 0.005371
2 0.294678 0.393880 0.009115 0.005371
2 0.453857 0.389323 0.007813 0.005371
2 0.531250 0.393880 0.011719 0.006836
2 0.192627 0.402995 0.010417 0.008301
