0 0.375000 0.522786 0.028320 0.054688
2 0.797119 0.540039 0.034668 0.057943
2 0.815186 0.486654 0.020020 0.035807
2 0.672119 0.470378 0.019043 0.033203
0 0.458740 0.458659 0.014160 0.027995
2 0.625977 0.444987 0.012695 0.025391
0 0.481689 0.441406 0.009277 0.018229
2 0.725586 0.455404 0.012695 0.026693
2 0.566650 0.428385 0.009277 0.016927
2 0.593018 0.433268 0.009277 0.018880
2 0.644043 0.434245 0.010742 0.018229
2 0.518066 0.425781 0.006836 0.013021
0 0.459473 0.429362 0.006836 0.014974
2 0.467529 0.424805 0.006348 0.012370
2 0.678223 0.443034 0.010742 0.018880
0 0.398682 0.428060 0.006348 0.012370
0 0.356689 0.427409 0.006348 0.013672
0 0.788086 0.445638 0.010742 0.020182
2 0.620850 0.428060 0.007324 0.013672
0 0.734619 0.437826 0.013184 0.014974
0 0.872559 0.462240 0.009766 0.022135
2 0.385742 0.423503 0.005859 0.011068
0 0.694336 0.429036 0.004883 0.011719
2 0.604004 0.422526 0.004883 0.010417
2 0.294678 0.425130 0.008301 0.013021
2 0.215088 0.427409 0.007324 0.012370
0 0.163574 0.433594 0.006836 0.013021
0 0.625977 0.415039 0.004883 0.007161
0 0.666992 0.423177 0.004883 0.011719
0 0.252441 0.429362 0.006836 0.012370
2 0.590332 0.418620 0.004883 0.010417
0 0.646484 0.419596 0.004883 0.009766
2 0.578613 0.415365 0.004883 0.010417
2 0.570801 0.412435 0.004883 0.009766
