1 0.786250 0.717187 0.278125 0.087500
2 0.638125 0.475000 0.168750 0.051250
0 0.113125 0.596875 0.212500 0.066250
2 0.354375 0.368750 0.125000 0.033750
2 0.475000 0.290625 0.087500 0.022500
2 0.643125 0.326562 0.109375 0.031250
2 0.833125 0.270313 0.078125 0.043750
2 0.725000 0.243750 0.081250 0.020000
2 0.565000 0.217188 0.078125 0.022500
2 0.347500 0.234375 0.062500 0.032500
2 0.813750 0.184375 0.062500 0.017500
1 0.685000 0.178125 0.068750 0.017500
1 0.795625 0.154688 0.059375 0.013750
2 0.925625 0.143750 0.056250 0.013750
0 0.688750 0.089063 0.028125 0.022500
2 0.043750 0.298438 0.090625 0.040000
2 0.821250 0.048438 0.034375 0.012500
