2 0.753906 0.550130 0.032227 0.065104
0 0.268555 0.553711 0.042969 0.072266
0 0.374756 0.477539 0.022949 0.041016
0 0.419189 0.444336 0.014160 0.026693
2 0.590088 0.435221 0.010254 0.021484
2 0.564453 0.419922 0.008789 0.015625
0 0.469971 0.411458 0.007324 0.013021
2 0.630371 0.470052 0.016602 0.023438
0 0.460693 0.417969 0.009277 0.015625
2 0.552002 0.411458 0.008301 0.013021
0 0.447754 0.427734 0.010742 0.018229
2 0.591553 0.405273 0.006348 0.009766
2 0.543945 0.406250 0.004883 0.009115
2 0.636475 0.408529 0.005371 0.009766
0 0.476563 0.405273 0.004883 0.011068
