2 0.848389 0.588867 0.081380 0.051270
2 0.606201 0.462240 0.027344 0.015137
1 0.587402 0.443359 0.041667 0.016602
0 0.211914 0.624349 0.093750 0.056641
2 0.559326 0.436523 0.017578 0.010254
0 0.400635 0.467448 0.026042 0.013184
1 0.413330 0.447266 0.037760 0.016113
2 0.543701 0.426432 0.013021 0.007324
1 0.579102 0.441406 0.035156 0.015625
1 0.419434 0.442708 0.033854 0.011719
0 0.437012 0.429362 0.013672 0.005859
0 0.431152 0.438802 0.015625 0.006836
0 0.447266 0.420898 0.011068 0.005859
0 0.462402 0.417318 0.009115 0.004883
2 0.536621 0.414388 0.008464 0.004883
2 0.524902 0.418945 0.011068 0.004883
0 0.509766 0.408854 0.006510 0.004883
0 0.476563 0.413086 0.007161 0.004883
