2 0.589111 0.485677 0.045573 0.024902
2 0.547607 0.436198 0.024740 0.013184
2 0.395508 0.447266 0.027344 0.015625
2 0.298584 0.541667 0.063802 0.034668
2 0.377441 0.428711 0.020182 0.012695
2 0.332764 0.419596 0.016276 0.008301
2 0.179932 0.419922 0.015625 0.008301
2 0.525146 0.416992 0.017578 0.009277
2 0.270020 0.417643 0.016276 0.008789
2 0.210938 0.412109 0.013021 0.006836
2 0.395264 0.407878 0.013672 0.008301
2 0.321045 0.407227 0.012370 0.006348
2 0.051025 0.431966 0.016276 0.008301
2 0.100586 0.458333 0.026042 0.014648
2 0.475098 0.409831 0.018880 0.010742
2 0.153564 0.416016 0.013021 0.007324
2 0.096436 0.420573 0.011719 0.007324
2 0.264893 0.409831 0.013672 0.005371
1 0.336914 0.398763 0.012370 0.006836
2 0.022217 0.427409 0.012370 0.007324
