0 0.077500 0.814063 0.234375 0.075000
2 0.501250 0.471875 0.075000 0.040000
0 0.363750 0.459375 0.081250 0.037500
0 0.174375 0.540625 0.118750 0.041250
2 0.422500 0.476562 0.071875 0.042500
0 0.218750 0.412500 0.075000 0.025000
2 0.073125 0.415625 0.068750 0.023750
2 0.103750 0.373437 0.053125 0.017500
2 0.015000 0.487500 0.087500 0.025000
0 0.547500 0.175000 0.081250 0.020000
2 0.467500 0.112500 0.050000 0.015000
0 0.510000 0.375000 0.068750 0.017500
2 0.500000 0.282813 0.065625 0.020000
2 0.523125 0.279687 0.065625 0.016250
2 0.470000 0.362500 0.056250 0.015000
2 0.407500 0.414062 0.059375 0.025000
0 0.223125 0.375000 0.056250 0.018750
2 0.435625 0.267188 0.046875 0.011250
0 0.211875 0.357812 0.053125 0.013750
1 0.791875 0.354687 0.121875 0.031250
0 0.223125 0.335938 0.040625 0.013750
0 0.232500 0.307812 0.034375 0.010000
2 0.151250 0.315625 0.037500 0.010000
2 0.120625 0.326562 0.034375 0.011250
0 0.468750 0.273438 0.046875 0.012500
2 0.171250 0.307812 0.028125 0.010000
2 0.106250 0.334375 0.037500 0.010000
0 0.261875 0.300000 0.031250 0.008750
0 0.200625 0.318750 0.037500 0.008750
2 0.091250 0.351562 0.046875 0.012500
2 0.047500 0.328125 0.031250 0.010000
2 0.091250 0.310937 0.028125 0.010000
2 0.177500 0.296875 0.025000 0.007500
2 0.208750 0.300000 0.025000 0.007500
0 0.135000 0.301563 0.028125 0.007500
0 0.458750 0.342187 0.040625 0.012500
0 0.071250 0.310937 0.028125 0.007500
0 0.288750 0.298438 0.021875 0.007500
2 0.084375 0.353125 0.043750 0.013750
0 0.013125 0.335938 0.028125 0.008750
0 0.128750 0.300000 0.025000 0.007500
0 0.105000 0.303125 0.018750 0.007500
0 0.166250 0.296875 0.018750 0.007500
0 0.205625 0.328125 0.031250 0.008750
0 0.039375 0.323437 0.028125 0.008750
0 0.216250 0.290625 0.025000 0.007500
2 0.238750 0.295312 0.021875 0.007500
