2 0.725625 0.489865 0.064189 0.036250
2 0.531250 0.502534 0.072635 0.040000
2 0.345625 0.513514 0.091216 0.056250
2 0.115625 0.543919 0.138514 0.091250
0 0.927500 0.524493 0.146959 0.110000
2 0.866250 0.484797 0.060811 0.032500
2 0.631250 0.478885 0.025338 0.010000
2 0.465000 0.478885 0.025338 0.010000
0 0.436875 0.480574 0.018581 0.011250
2 0.385000 0.481419 0.027027 0.015000
2 0.782500 0.476351 0.027027 0.015000
0 0.680625 0.478885 0.021959 0.008750
2 0.201250 0.483108 0.023649 0.015000
2 0.306250 0.482264 0.025338 0.015000
0 0.501250 0.481419 0.016892 0.010000
0 0.552500 0.480574 0.021959 0.010000
2 0.846875 0.475507 0.028716 0.011250
0 0.889375 0.477196 0.025338 0.011250
0 0.816875 0.477196 0.021959 0.008750
0 0.219375 0.483108 0.016892 0.008750
0 0.623125 0.478885 0.021959 0.008750
0 0.292500 0.481419 0.020270 0.010000
2 0.710000 0.478885 0.025338 0.012500
0 0.743125 0.475507 0.025338 0.008750
