2 0.338623 0.514974 0.026855 0.052083
2 0.418457 0.446940 0.012695 0.026693
2 0.449951 0.427734 0.009277 0.018229
2 0.573975 0.444010 0.009277 0.023438
2 0.127686 0.474284 0.016113 0.033203
2 0.555176 0.428060 0.007813 0.017578
2 0.468994 0.417969 0.005371 0.014323
2 0.546631 0.421875 0.005371 0.014323
2 0.478516 0.416016 0.004883 0.011719
2 0.953125 0.819010 0.086914 0.182292
2 0.205078 0.424154 0.004883 0.011068
2 0.218018 0.421224 0.005371 0.010417
2 0.087891 0.433268 0.007813 0.014974
2 0.379883 0.421224 0.005859 0.013021
2 0.074951 0.429362 0.006348 0.012370
2 0.119629 0.444010 0.011719 0.019531
2 0.249023 0.418294 0.004883 0.009766
2 0.355469 0.419271 0.005859 0.011719
2 0.490723 0.413737 0.004883 0.008464
2 0.540283 0.418294 0.005371 0.011068
2 0.534180 0.414063 0.004883 0.007813
2 0.530273 0.412760 0.004883 0.006510
2 0.422363 0.416667 0.004883 0.007813
2 0.425293 0.413411 0.004883 0.006510
2 0.310059 0.416016 0.004883 0.007813
2 0.293457 0.413086 0.004883 0.007161
2 0.270020 0.410807 0.004883 0.006510
2 0.313965 0.411458 0.004883 0.006510
2 0.236328 0.414063 0.004883 0.006510
2 0.149414 0.422201 0.005859 0.009766
2 0.248047 0.411458 0.004883 0.006510
2 0.202148 0.417643 0.004883 0.008464
2 0.396484 0.410156 0.004883 0.006510
2 0.334961 0.409505 0.004883 0.006510
2 0.338867 0.409505 0.004883 0.006510
2 0.354980 0.412760 0.004883 0.006510
2 0.347168 0.407552 0.004883 0.006510
