2 0.557861 0.455078 0.031250 0.016113
0 0.087402 0.780273 0.151693 0.094727
0 0.260498 0.510091 0.044922 0.022949
2 0.732178 0.497070 0.048828 0.022949
0 0.313232 0.454753 0.026693 0.014160
2 0.537842 0.435221 0.020182 0.009277
0 0.363770 0.434896 0.019531 0.009766
0 0.426025 0.424479 0.016927 0.008301
0 0.490967 0.417969 0.014323 0.008301
2 0.646484 0.426432 0.019531 0.011719
2 0.735352 0.419271 0.019531 0.010742
0 0.594482 0.413411 0.014323 0.007324
0 0.715576 0.411133 0.012370 0.005371
1 0.782959 0.398763 0.012370 0.005371
2 0.884033 0.421549 0.016276 0.010254
0 0.871582 0.411458 0.013021 0.005859
