2 0.040625 0.861806 0.056250 0.162500
2 0.875781 0.661111 0.043750 0.125000
2 0.230078 0.556250 0.024219 0.062500
2 0.183984 0.559722 0.022656 0.061111
2 0.868750 0.450694 0.017188 0.054167
2 0.739062 0.483333 0.023438 0.063889
2 0.780078 0.477778 0.024219 0.058333
2 0.824609 0.462500 0.021094 0.058333
2 0.894141 0.446528 0.019531 0.048611
1 0.124219 0.552083 0.028125 0.093056
2 0.150781 0.562500 0.021875 0.063889
2 0.918750 0.437500 0.021875 0.047222
1 0.102734 0.556250 0.024219 0.095833
1 0.065625 0.611111 0.025000 0.075000
1 0.076172 0.590278 0.017969 0.061111
2 0.419531 0.434028 0.012500 0.029167
2 0.623047 0.438194 0.017969 0.040278
2 0.634375 0.404861 0.014063 0.031944
2 0.382031 0.464583 0.020313 0.043056
1 0.996094 0.429861 0.007812 0.043056
1 0.966797 0.429861 0.017969 0.040278
0 0.398828 0.416667 0.007031 0.022222
