0 0.665625 0.657813 0.061250 0.178125
0 0.385625 0.417187 0.023750 0.071875
0 0.336250 0.523438 0.047500 0.078125
2 0.607500 0.364063 0.022500 0.071875
0 0.864375 0.398438 0.026250 0.084375
0 0.316250 0.350000 0.015000 0.062500
0 0.171250 0.354687 0.015000 0.046875
2 0.468125 0.318750 0.011250 0.043750
0 0.050000 0.367188 0.017500 0.065625
2 0.261250 0.337500 0.012500 0.050000
0 0.577500 0.275000 0.007500 0.025000
0 0.405625 0.321875 0.008750 0.037500
2 0.933125 0.275000 0.013750 0.050000
2 0.526250 0.300000 0.010000 0.037500
