0 0.363750 0.457813 0.084375 0.037500
0 0.173125 0.542188 0.128125 0.046250
0 0.077500 0.812500 0.231250 0.080000
2 0.500625 0.468750 0.075000 0.038750
2 0.418750 0.475000 0.081250 0.045000
2 0.408125 0.412500 0.062500 0.028750
0 0.218750 0.410938 0.071875 0.022500
0 0.508750 0.376563 0.071875 0.020000
0 0.547500 0.173437 0.078125 0.017500
2 0.470000 0.362500 0.056250 0.015000
2 0.073125 0.414062 0.071875 0.026250
2 0.015625 0.485938 0.096875 0.031250
2 0.102500 0.373437 0.053125 0.017500
2 0.151250 0.317188 0.034375 0.010000
1 0.792500 0.354687 0.115625 0.027500
2 0.499375 0.284375 0.056250 0.018750
0 0.469375 0.271875 0.043750 0.011250
0 0.207500 0.351562 0.059375 0.017500
0 0.230000 0.307812 0.034375 0.010000
0 0.223125 0.332813 0.034375 0.011250
2 0.521875 0.279687 0.065625 0.018750
2 0.435625 0.267188 0.046875 0.013750
2 0.119375 0.326562 0.034375 0.011250
0 0.261875 0.301563 0.034375 0.008750
2 0.047500 0.325000 0.031250 0.010000
0 0.289375 0.300000 0.031250 0.011250
2 0.090625 0.354687 0.040625 0.011250
2 0.216250 0.293750 0.025000 0.007500
2 0.208750 0.300000 0.031250 0.007500
0 0.178125 0.298438 0.028125 0.008750
2 0.085625 0.354687 0.040625 0.013750
0 0.223125 0.375000 0.056250 0.018750
2 0.106875 0.332813 0.034375 0.011250
2 0.170625 0.307812 0.028125 0.008750
2 0.240000 0.295312 0.028125 0.007500
0 0.458750 0.340625 0.043750 0.012500
0 0.201875 0.323437 0.040625 0.013750
2 0.092500 0.309375 0.031250 0.007500
