2 0.780625 0.542188 0.134375 0.043750
0 0.512500 0.348438 0.053125 0.012500
2 0.349375 0.398438 0.078125 0.021250
2 0.670625 0.325000 0.056250 0.013750
0 0.685625 0.395313 0.078125 0.021250
2 0.428125 0.359375 0.062500 0.018750
0 0.265625 0.381250 0.068750 0.021250
2 0.043125 0.600000 0.156250 0.058750
0 0.392500 0.340625 0.056250 0.015000
2 0.251250 0.340625 0.062500 0.017500
2 0.211875 0.307812 0.046875 0.013750
0 0.542500 0.028125 0.056250 0.017500
0 0.264375 0.312500 0.043750 0.016250
0 0.123125 0.317188 0.034375 0.013750
0 0.587500 0.328125 0.050000 0.012500
2 0.134375 0.109375 0.043750 0.016250
2 0.110000 0.301563 0.040625 0.010000
