0 0.116797 0.520833 0.017969 0.052778
2 0.368750 0.541667 0.026562 0.072222
0 0.336328 0.537500 0.022656 0.069444
2 0.848047 0.519444 0.027344 0.069444
2 0.693750 0.415972 0.014063 0.031944
2 0.653125 0.391667 0.007813 0.022222
0 0.464453 0.419444 0.010156 0.025000
2 0.478516 0.417361 0.011719 0.031944
0 0.525000 0.375000 0.007813 0.019444
2 0.531250 0.375000 0.007813 0.022222
0 0.409375 0.399306 0.007813 0.020833
2 0.650391 0.374306 0.008594 0.018056
0 0.311719 0.425694 0.012500 0.031944
2 0.688281 0.367361 0.007813 0.015278
2 0.810156 0.359028 0.007813 0.015278
