0 0.395020 0.450521 0.020833 0.018555
2 0.652832 0.462891 0.033854 0.018555
2 0.580078 0.422526 0.020833 0.010742
0 0.366943 0.512370 0.052083 0.029785
0 0.435547 0.424154 0.020182 0.010742
0 0.465088 0.412435 0.013672 0.007324
2 0.575684 0.408203 0.015625 0.007812
2 0.614502 0.402669 0.013672 0.006348
0 0.480225 0.405273 0.011068 0.007324
0 0.513672 0.402344 0.009115 0.007812
0 0.696777 0.401042 0.006510 0.004883
0 0.632324 0.399740 0.009115 0.004883
0 0.568848 0.399089 0.006510 0.004883
2 0.672363 0.403971 0.007161 0.007812
2 0.856445 0.410156 0.010417 0.006836
2 0.770996 0.405273 0.009766 0.005859
2 0.921631 0.412435 0.009766 0.008301
0 0.824707 0.402995 0.010417 0.005859
