2 0.765625 0.417187 0.096875 0.033750
0 0.611250 0.353125 0.056250 0.017500
0 0.520625 0.293750 0.037500 0.008750
0 0.490625 0.329688 0.046875 0.011250
2 0.601875 0.309375 0.043750 0.011250
0 0.407500 0.325000 0.043750 0.012500
2 0.110000 0.429688 0.071875 0.027500
0 0.141250 0.376563 0.053125 0.020000
0 0.191250 0.348438 0.046875 0.015000
2 0.124375 0.346875 0.037500 0.016250
0 0.563125 0.298438 0.040625 0.008750
2 0.356875 0.315625 0.037500 0.008750
0 0.978750 0.559375 0.137500 0.037500
2 0.483125 0.287500 0.031250 0.008750
2 0.320625 0.306250 0.025000 0.013750
2 0.376250 0.307812 0.034375 0.010000
2 0.158750 0.310937 0.028125 0.007500
0 0.281875 0.309375 0.025000 0.011250
0 0.140625 0.335938 0.034375 0.011250
0 0.083125 0.343750 0.031250 0.011250
2 0.223750 0.306250 0.031250 0.007500
0 0.255000 0.306250 0.031250 0.007500
2 0.406875 0.281250 0.031250 0.008750
2 0.331250 0.310937 0.034375 0.010000
