1 0.178955 0.621419 0.072754 0.166016
1 0.846680 0.645833 0.093750 0.186198
2 0.688721 0.518555 0.041504 0.067057
0 0.307129 0.530273 0.041992 0.077474
2 0.611328 0.463867 0.018555 0.034505
0 0.428467 0.424154 0.010254 0.020182
2 0.563477 0.426432 0.010742 0.020833
0 0.386719 0.462565 0.020508 0.034505
2 0.548096 0.414063 0.009277 0.016927
2 0.537109 0.407552 0.006836 0.013021
0 0.444336 0.412109 0.007813 0.014323
0 0.455566 0.400391 0.006836 0.011719
2 0.529541 0.401042 0.005371 0.010417
2 0.525391 0.396484 0.004883 0.009115
0 0.462158 0.396484 0.005371 0.007813
0 0.450195 0.405924 0.005859 0.012370
2 0.522217 0.393555 0.005371 0.008464
1 0.024170 0.892904 0.047363 0.083984
1 0.969727 0.838216 0.057617 0.124349
