2 0.690674 0.516276 0.032715 0.059896
1 0.853760 0.626953 0.078613 0.164062
1 0.199463 0.618815 0.075684 0.163411
0 0.315674 0.536133 0.037598 0.065755
2 0.609375 0.462891 0.019531 0.036458
2 0.560059 0.426758 0.012695 0.020182
0 0.389404 0.461914 0.023926 0.038411
0 0.427002 0.424479 0.014160 0.027344
2 0.544189 0.414388 0.008301 0.014974
2 0.533936 0.407878 0.008301 0.013672
1 0.046631 0.843424 0.093262 0.232422
2 0.524170 0.401042 0.006348 0.010417
2 0.517090 0.393229 0.004883 0.010417
0 0.440430 0.412109 0.008789 0.013021
0 0.451416 0.401367 0.005371 0.009766
0 0.457520 0.397786 0.004883 0.009115
