1 0.359635 0.454630 0.066667 0.028646
1 0.597396 0.364815 0.037037 0.012500
1 0.676042 0.445370 0.050000 0.022917
1 0.403385 0.371759 0.034259 0.014063
1 0.415104 0.341204 0.021296 0.008333
1 0.426042 0.311574 0.013889 0.005208
1 0.552083 0.340741 0.027778 0.009375
1 0.389062 0.326852 0.020370 0.008333
1 0.520052 0.326389 0.017593 0.007812
1 0.483073 0.316204 0.015741 0.005729
1 0.418229 0.332407 0.018519 0.008333
1 0.352604 0.327315 0.015741 0.008333
1 0.629167 0.318056 0.013889 0.006250
1 0.603385 0.307870 0.012037 0.006771
1 0.532813 0.299537 0.012037 0.005208
1 0.308333 0.329167 0.019444 0.007292
1 0.525000 0.294444 0.009259 0.005208
1 0.590104 0.298611 0.013889 0.005208
1 0.207031 0.334722 0.021296 0.008854
1 0.616146 0.309722 0.021296 0.006250
1 0.558854 0.297222 0.012963 0.005208
1 0.218750 0.321759 0.015741 0.005208
1 0.313802 0.312037 0.014815 0.007812
1 0.695833 0.317130 0.015741 0.005208
1 0.703646 0.319907 0.015741 0.005208
1 0.016406 0.351389 0.015741 0.006771
1 0.689063 0.315278 0.010185 0.005208
1 0.681250 0.312963 0.011111 0.005208
1 0.667708 0.308796 0.012037 0.005208
1 0.118750 0.344907 0.017593 0.005208
1 0.117188 0.334722 0.013889 0.005208
