0 0.350342 0.509115 0.054688 0.024902
2 0.610596 0.441406 0.023438 0.012207
2 0.730225 0.505208 0.053385 0.028809
0 0.444580 0.443034 0.020182 0.012207
1 0.456543 0.429362 0.029297 0.010742
1 0.460205 0.425456 0.029297 0.010254
0 0.469238 0.423503 0.014974 0.007813
0 0.474365 0.416992 0.012370 0.006348
1 0.599365 0.428711 0.031901 0.014160
2 0.581055 0.423177 0.015625 0.007813
1 0.483398 0.410807 0.010417 0.005859
2 0.553955 0.409180 0.009766 0.005371
1 0.593506 0.426107 0.027995 0.010254
2 0.570313 0.416016 0.013021 0.005859
2 0.567871 0.405273 0.007161 0.004883
0 0.498535 0.407552 0.009115 0.004883
0 0.511230 0.404297 0.007813 0.004883
2 0.533691 0.399740 0.006510 0.004883
