2 0.930176 0.534180 0.044922 0.064453
0 0.206543 0.581055 0.044922 0.080078
2 0.677490 0.479167 0.023926 0.040365
2 0.395020 0.442057 0.015625 0.024740
2 0.527100 0.457031 0.018066 0.032552
0 0.181641 0.490234 0.018555 0.037760
0 0.188232 0.454427 0.012207 0.024740
0 0.219482 0.438477 0.011230 0.021484
2 0.460693 0.417969 0.010254 0.016927
2 0.377197 0.430013 0.010254 0.018880
2 0.542969 0.410807 0.006836 0.016927
2 0.658691 0.405599 0.007812 0.015625
0 0.331055 0.419271 0.007812 0.015625
0 0.424072 0.411784 0.008301 0.016276
0 0.272705 0.427409 0.007324 0.013672
0 0.534180 0.406250 0.006836 0.014323
0 0.760742 0.397461 0.005859 0.011068
0 0.832031 0.397461 0.006836 0.012370
2 0.779785 0.404622 0.006836 0.014974
2 0.892090 0.403646 0.006836 0.014323
