2 0.138428 0.656576 0.111328 0.065918
2 0.730469 0.614583 0.098958 0.056641
2 0.360352 0.500651 0.049479 0.032227
2 0.453369 0.441732 0.026693 0.015137
2 0.229004 0.467122 0.029297 0.018555
2 0.572754 0.442057 0.023438 0.012695
2 0.555176 0.426432 0.016927 0.009766
2 0.476563 0.410807 0.013021 0.007813
2 0.327393 0.426432 0.014323 0.008301
2 0.292969 0.417318 0.011719 0.005859
2 0.182373 0.432292 0.013021 0.007324
2 0.025635 0.455729 0.019531 0.011230
2 0.367920 0.404297 0.010417 0.005371
2 0.195557 0.419596 0.012370 0.007324
2 0.539795 0.406250 0.013021 0.007324
2 0.233887 0.409831 0.009766 0.004883
2 0.052490 0.440104 0.015625 0.010254
2 0.128418 0.427409 0.012370 0.007813
