2 0.796387 0.540365 0.063802 0.034180
0 0.248291 0.563802 0.065104 0.027832
0 0.163330 0.510091 0.047526 0.023926
2 0.602295 0.476888 0.042318 0.023926
2 0.287109 0.456055 0.031901 0.015625
0 0.087158 0.502930 0.042318 0.024902
2 0.469482 0.459310 0.033203 0.020020
2 0.976318 0.495117 0.044922 0.025879
2 0.146240 0.453451 0.031901 0.018066
2 0.056396 0.455404 0.018880 0.011230
2 0.849854 0.447266 0.027344 0.015137
0 0.920654 0.426758 0.021484 0.011230
2 0.792725 0.425781 0.022135 0.011230
0 0.875488 0.416992 0.017578 0.008789
2 0.754639 0.411133 0.017578 0.009277
0 0.843994 0.407552 0.014323 0.005371
0 0.816406 0.402018 0.012370 0.004883
2 0.737793 0.402995 0.013021 0.006836
0 0.797852 0.398112 0.011068 0.004883
0 0.779785 0.393555 0.009766 0.004883
2 0.723633 0.396484 0.010417 0.004883
0 0.770020 0.389974 0.007813 0.004883
