1 0.847900 0.628906 0.082520 0.171875
1 0.198486 0.617513 0.066895 0.156901
0 0.315674 0.532552 0.030762 0.058594
2 0.608887 0.463867 0.018555 0.034505
2 0.688965 0.515625 0.029297 0.054688
0 0.388916 0.461589 0.022949 0.037760
0 0.427246 0.423828 0.013672 0.022135
2 0.560303 0.426107 0.011230 0.020182
2 0.544189 0.414062 0.008301 0.014323
2 0.533691 0.406901 0.006836 0.011719
2 0.524414 0.401042 0.004883 0.011719
0 0.440430 0.412109 0.006836 0.014323
1 0.047119 0.841146 0.094238 0.235677
0 0.445557 0.405273 0.006348 0.013672
2 0.519775 0.396159 0.005371 0.009766
2 0.512207 0.388672 0.004883 0.007812
0 0.450928 0.400065 0.005371 0.011068
1 0.969482 0.803385 0.059082 0.136719
