2 0.816162 0.563477 0.074870 0.041504
0 0.372070 0.513021 0.053385 0.030273
0 0.425049 0.461914 0.033203 0.019043
2 0.640625 0.461914 0.033203 0.019531
2 0.595215 0.435547 0.024740 0.013672
2 0.710449 0.422526 0.018229 0.009766
2 0.571533 0.420247 0.018880 0.010254
2 0.636230 0.415690 0.013672 0.007813
2 0.605957 0.408854 0.013021 0.006836
0 0.452637 0.433594 0.019531 0.012695
0 0.466553 0.419596 0.014974 0.009277
0 0.075439 0.775065 0.162109 0.108887
2 0.792725 0.427734 0.016927 0.009277
2 0.561035 0.410807 0.011719 0.006836
0 0.477539 0.411784 0.011068 0.006836
2 0.552734 0.403646 0.011719 0.004883
0 0.721680 0.412435 0.012370 0.006836
2 0.586914 0.402018 0.011068 0.005859
0 0.683350 0.408203 0.013021 0.006348
0 0.656738 0.402669 0.011068 0.004883
2 0.579590 0.398763 0.011068 0.004883
0 0.487549 0.398438 0.011719 0.005371
0 0.829590 0.416341 0.011068 0.005859
0 0.791016 0.417969 0.014323 0.006836
2 0.897217 0.429688 0.016927 0.010254
0 0.640625 0.398438 0.010417 0.004883
0 0.612305 0.394531 0.007813 0.004883
