0 0.318115 0.528646 0.026855 0.062500
1 0.590088 0.435221 0.009277 0.033203
1 0.437500 0.436198 0.011719 0.031250
1 0.583008 0.431315 0.008789 0.027995
0 0.428467 0.450195 0.010254 0.024089
0 0.450684 0.429036 0.006836 0.015625
2 0.756836 0.529948 0.034180 0.055990
2 0.603516 0.449870 0.009766 0.022135
0 0.455078 0.421224 0.005859 0.013021
2 0.568115 0.429362 0.006348 0.014974
0 0.463379 0.415365 0.004883 0.010417
2 0.554199 0.422201 0.004883 0.009766
2 0.541992 0.411458 0.004883 0.006510
2 0.537109 0.413737 0.004883 0.007161
