2 0.882080 0.723633 0.136068 0.077637
2 0.592773 0.484049 0.042318 0.024414
2 0.538574 0.443359 0.027344 0.014648
2 0.359619 0.457682 0.029948 0.016113
2 0.095215 0.495117 0.039714 0.024414
2 0.399414 0.428385 0.019531 0.009766
2 0.072754 0.421549 0.009766 0.006836
2 0.412109 0.415365 0.014323 0.006836
2 0.269043 0.425130 0.015625 0.007813
2 0.422119 0.409180 0.012370 0.006348
2 0.495605 0.413737 0.013672 0.006836
2 0.156250 0.416667 0.011719 0.006836
2 0.128174 0.416341 0.011068 0.006348
2 0.488525 0.408203 0.011719 0.005371
2 0.429199 0.406250 0.009115 0.004883
2 0.073242 0.438477 0.016276 0.008789
2 0.213135 0.417643 0.012370 0.006348
2 0.208252 0.409180 0.008464 0.005371
2 0.173828 0.412435 0.009766 0.005859
2 0.020508 0.433268 0.014974 0.007813
2 0.434570 0.405924 0.008464 0.004883
2 0.341797 0.407878 0.007161 0.004883
2 0.250488 0.409505 0.006510 0.004883
2 0.366943 0.407227 0.009766 0.006348
2 0.330078 0.405599 0.006510 0.004883
2 0.484863 0.407227 0.011068 0.004883
2 0.480957 0.406250 0.007813 0.004883
2 0.297363 0.408203 0.006510 0.004883
2 0.255859 0.404948 0.006510 0.004883
2 0.272461 0.404297 0.006510 0.004883
2 0.279785 0.406901 0.006510 0.004883
2 0.390137 0.407227 0.007161 0.004883
2 0.363281 0.404297 0.006510 0.004883
