0 0.283936 0.582357 0.048340 0.082682
0 0.426270 0.496745 0.030273 0.050781
0 0.505371 0.471680 0.023438 0.037109
2 0.855957 0.475911 0.017578 0.031250
2 0.833252 0.448242 0.012207 0.021484
0 0.705566 0.424154 0.009766 0.016276
0 0.606445 0.438802 0.012695 0.023438
0 0.648438 0.428385 0.010742 0.018229
2 0.810547 0.426107 0.007813 0.014974
2 0.794434 0.418294 0.007813 0.012370
2 0.823242 0.435221 0.009766 0.016276
2 0.783936 0.413411 0.005371 0.009115
2 0.774902 0.406901 0.004883 0.009115
0 0.719482 0.418945 0.006348 0.013672
0 0.715332 0.414063 0.004883 0.009115
