2 0.399414 0.490560 0.024414 0.046224
2 0.771973 0.606120 0.048828 0.083333
2 0.622559 0.481120 0.019531 0.039063
2 0.210205 0.671549 0.064941 0.106120
2 0.792480 0.465820 0.015625 0.031901
2 0.573242 0.450521 0.010742 0.020833
2 0.556885 0.436849 0.009277 0.019531
2 0.457275 0.437500 0.009277 0.016927
2 0.466309 0.430990 0.007813 0.015625
2 0.474121 0.425456 0.006836 0.012370
2 0.496582 0.414388 0.004883 0.007161
2 0.480713 0.421224 0.006348 0.010417
2 0.809082 0.432292 0.005859 0.011719
2 0.548584 0.426432 0.005371 0.009115
2 0.520020 0.412435 0.004883 0.007161
2 0.556641 0.411133 0.004883 0.007161
2 0.568848 0.416667 0.004883 0.007813
2 0.583984 0.421224 0.004883 0.009115
2 0.630859 0.435221 0.007813 0.012370
