0 0.680625 0.837500 0.275000 0.073750
2 0.844375 0.540625 0.150000 0.058750
2 0.884375 0.365625 0.075000 0.023750
2 0.451250 0.375000 0.081250 0.022500
0 0.655625 0.357812 0.078125 0.023750
0 0.083125 0.617188 0.159375 0.063750
0 0.110625 0.389062 0.078125 0.026250
2 0.241875 0.339062 0.090625 0.018750
2 0.810625 0.314063 0.059375 0.021250
2 0.897500 0.270313 0.034375 0.010000
0 0.119375 0.354687 0.065625 0.016250
2 0.329375 0.315625 0.037500 0.011250
0 0.408125 0.289062 0.040625 0.008750
2 0.341250 0.289062 0.034375 0.007500
2 0.958125 0.285938 0.040625 0.013750
0 0.647500 0.260937 0.021875 0.007500
2 0.839375 0.273438 0.028125 0.013750
0 0.381250 0.275000 0.031250 0.010000
2 0.639375 0.250000 0.031250 0.008750
