0 0.136719 0.440755 0.018229 0.009766
2 0.133301 0.429688 0.015625 0.007812
0 0.214844 0.424805 0.014974 0.007812
2 0.192627 0.420247 0.013672 0.007324
2 0.042480 0.443685 0.018880 0.010742
0 0.263428 0.416992 0.011068 0.006348
2 0.239502 0.412435 0.011068 0.005371
2 0.298828 0.402018 0.011068 0.004883
2 0.272461 0.407878 0.011068 0.006836
0 0.292480 0.413086 0.012370 0.005859
2 0.334473 0.396810 0.008464 0.004883
2 0.318115 0.399089 0.009115 0.005371
0 0.319092 0.407552 0.009115 0.005371
2 0.350098 0.394857 0.007161 0.004883
