2 0.678467 0.502279 0.050130 0.026855
0 0.296631 0.514648 0.052734 0.027832
0 0.401367 0.444010 0.022135 0.011719
2 0.566650 0.441732 0.020182 0.010254
1 0.410645 0.429362 0.030599 0.015625
1 0.555664 0.428711 0.031901 0.011719
0 0.426270 0.424154 0.016276 0.006836
0 0.431641 0.417318 0.013021 0.006836
0 0.440674 0.411133 0.011068 0.005371
0 0.456055 0.406901 0.009115 0.004883
2 0.512695 0.409180 0.009766 0.004883
2 0.537598 0.423503 0.016276 0.008789
2 0.528076 0.415690 0.013672 0.006348
1 0.549561 0.424805 0.030599 0.010254
2 0.525146 0.405599 0.009115 0.005371
0 0.470703 0.404622 0.007161 0.004883
