0 0.263428 0.516276 0.029785 0.049479
2 0.522705 0.454427 0.015137 0.019531
0 0.316162 0.466471 0.016113 0.027995
2 0.614258 0.502604 0.025391 0.050781
2 0.699951 0.482096 0.023926 0.030599
2 0.406006 0.433268 0.007324 0.017578
2 0.909912 0.558268 0.040527 0.073568
2 0.478516 0.438151 0.012695 0.026042
0 0.296143 0.453776 0.016113 0.028646
0 0.201904 0.456055 0.018066 0.013672
2 0.608154 0.445964 0.017090 0.027344
0 0.137695 0.455729 0.012695 0.022135
2 0.332764 0.433268 0.008301 0.016276
2 0.560303 0.428060 0.010254 0.017578
2 0.531494 0.418294 0.007324 0.013672
0 0.662354 0.427409 0.009277 0.009766
0 0.617188 0.416016 0.006836 0.013021
2 0.212402 0.437826 0.008789 0.018880
0 0.743652 0.442383 0.013672 0.022786
2 0.511963 0.413411 0.006348 0.009115
0 0.868164 0.468424 0.020508 0.030599
0 0.567139 0.405924 0.005371 0.009766
2 0.495361 0.405599 0.005371 0.010417
0 0.532959 0.397461 0.006348 0.007161
0 0.584473 0.409180 0.004883 0.011068
0 0.553223 0.401693 0.004883 0.006510
2 0.487305 0.401693 0.004883 0.009115
0 0.541504 0.399089 0.004883 0.009115
0 0.508301 0.392578 0.004883 0.006510
0 0.502441 0.392578 0.004883 0.006510
0 0.522461 0.395182 0.004883 0.006510
0 0.516113 0.393880 0.004883 0.006510
2 0.476074 0.396810 0.004883 0.009766
2 0.075439 0.448242 0.014160 0.012370
2 0.480957 0.400391 0.004883 0.006510
