0 0.298096 0.512044 0.050130 0.026855
1 0.556396 0.429362 0.030599 0.010254
2 0.679932 0.500977 0.048828 0.022949
2 0.566650 0.440755 0.023438 0.012207
0 0.401123 0.443034 0.020182 0.010254
1 0.411377 0.429688 0.031250 0.011230
0 0.427490 0.424805 0.013672 0.005371
2 0.537598 0.422201 0.014974 0.006836
0 0.431885 0.416992 0.012370 0.006348
2 0.527832 0.416016 0.011719 0.005859
0 0.440674 0.411458 0.010417 0.005371
1 0.415771 0.426758 0.027995 0.010254
1 0.549805 0.425130 0.027344 0.008789
2 0.513184 0.409180 0.008464 0.004883
0 0.456055 0.406901 0.007813 0.004883
0 0.470703 0.404948 0.009115 0.004883
2 0.501953 0.400391 0.006510 0.004883
2 0.515137 0.402669 0.007161 0.004883
2 0.525879 0.406250 0.009115 0.004883
0 0.466797 0.402995 0.006510 0.004883
2 0.492676 0.399089 0.006510 0.004883
2 0.520020 0.397786 0.006510 0.004883
0 0.471191 0.399089 0.006510 0.004883
