0 0.202637 0.535807 0.050781 0.030273
2 0.590576 0.506836 0.048828 0.025879
2 0.500732 0.458333 0.026042 0.014160
0 0.295410 0.469401 0.026042 0.012695
0 0.325684 0.448242 0.020182 0.009766
2 0.460693 0.435221 0.018880 0.009277
2 0.431152 0.419596 0.013672 0.004883
2 0.445313 0.427409 0.014974 0.006836
0 0.344971 0.432292 0.014323 0.006348
2 0.426270 0.416341 0.009766 0.004883
0 0.355957 0.423828 0.010417 0.004883
2 0.421875 0.413737 0.008464 0.004883
0 0.360352 0.419596 0.008464 0.004883
0 0.368652 0.415690 0.007161 0.004883
0 0.364746 0.417318 0.007813 0.004883
