0 0.168945 0.795247 0.101562 0.188151
0 0.180420 0.513021 0.026855 0.053385
2 0.952637 0.574219 0.049805 0.088542
2 0.691895 0.496094 0.030273 0.062500
0 0.241699 0.551432 0.037109 0.066406
2 0.448486 0.461589 0.015137 0.032552
2 0.313965 0.444661 0.011719 0.023438
2 0.196045 0.430990 0.011230 0.015625
0 0.118164 0.473307 0.015625 0.031250
2 0.171387 0.429362 0.010742 0.016276
2 0.245117 0.436523 0.010742 0.018880
0 0.089355 0.450521 0.008789 0.019531
0 0.100098 0.457031 0.012695 0.020833
2 0.147705 0.426432 0.006348 0.011719
0 0.075439 0.441081 0.005371 0.012370
2 0.133301 0.425456 0.004883 0.008464
2 0.122559 0.425456 0.004883 0.007161
2 0.115234 0.423828 0.004883 0.006510
2 0.106445 0.423828 0.004883 0.006510
0 0.062500 0.432292 0.004883 0.006510
0 0.068359 0.436849 0.004883 0.009115
0 0.065918 0.433594 0.004883 0.007812
