0 0.231641 0.724306 0.050781 0.115278
0 0.394922 0.535417 0.019531 0.056944
0 0.737109 0.583333 0.025781 0.075000
1 0.346094 0.513889 0.028125 0.127778
2 0.332813 0.556944 0.020313 0.058333
1 0.843750 0.527778 0.057813 0.177778
1 0.942578 0.528472 0.058594 0.168056
0 0.639844 0.514583 0.020313 0.051389
1 0.278906 0.519444 0.034375 0.119444
0 0.443750 0.475000 0.010937 0.030556
0 0.466406 0.444444 0.007812 0.022222
0 0.592578 0.465972 0.010156 0.034722
0 0.564844 0.436111 0.007812 0.022222
1 0.415625 0.429167 0.007812 0.025000
1 0.438281 0.425694 0.010937 0.029167
0 0.875000 0.434028 0.007812 0.020833
