2 0.923125 0.592187 0.253125 0.068750
2 0.120625 0.842187 0.303125 0.096250
0 0.615000 0.329688 0.121875 0.035000
2 0.870000 0.337500 0.125000 0.037500
0 0.492500 0.460938 0.171875 0.047500
2 0.664375 0.295312 0.109375 0.031250
2 0.975000 0.378125 0.168750 0.045000
2 0.940625 0.281250 0.112500 0.028750
2 0.730625 0.260937 0.090625 0.026250
0 0.744375 0.217188 0.084375 0.018750
2 0.858750 0.209375 0.068750 0.017500
0 0.327500 0.351562 0.078125 0.037500
2 0.980000 0.279687 0.109375 0.027500
0 0.396250 0.304688 0.078125 0.035000
0 0.900000 0.193750 0.062500 0.017500
0 0.941250 0.170313 0.059375 0.015000
0 0.861875 0.173437 0.059375 0.016250
