2 0.222266 0.656944 0.100000 0.044531
2 0.771094 0.677083 0.118056 0.051562
2 0.405078 0.486806 0.043056 0.014844
2 0.651172 0.497917 0.048611 0.019531
2 0.490234 0.451389 0.027778 0.010156
2 0.658984 0.459028 0.031944 0.011719
2 0.672266 0.440972 0.026389 0.008594
2 0.536719 0.430556 0.019444 0.007812
2 0.167969 0.476389 0.036111 0.012500
2 0.527344 0.414583 0.018056 0.007812
2 0.654687 0.425000 0.019444 0.007812
2 0.614844 0.409028 0.018056 0.007812
2 0.501563 0.408333 0.013889 0.007812
2 0.854688 0.434028 0.015278 0.007812
2 0.848437 0.433333 0.013889 0.007812
2 0.465625 0.408333 0.013889 0.007812
