0 0.314209 0.528320 0.054036 0.034668
2 0.727539 0.534505 0.059896 0.036133
2 0.616699 0.456706 0.029297 0.017578
0 0.400391 0.460286 0.028646 0.017578
2 0.579102 0.429688 0.019531 0.010742
0 0.439453 0.431641 0.018229 0.010742
2 0.563721 0.421224 0.014323 0.008301
2 0.555176 0.417318 0.013021 0.006836
0 0.447998 0.423503 0.013672 0.008301
0 0.460205 0.419596 0.011068 0.006348
2 0.541016 0.413411 0.009115 0.004883
2 0.547363 0.414714 0.010417 0.005859
0 0.477051 0.413411 0.006510 0.004883
2 0.536621 0.410482 0.007161 0.004883
