2 0.308203 0.520833 0.027344 0.069444
2 0.833984 0.669444 0.052344 0.130556
2 0.824609 0.463194 0.016406 0.048611
2 0.587891 0.427778 0.011719 0.038889
2 0.857812 0.394444 0.007813 0.025000
2 0.726953 0.397917 0.008594 0.026389
2 0.308594 0.402778 0.012500 0.033333
2 0.751563 0.382639 0.007813 0.018056
2 0.779687 0.366667 0.007813 0.013889
2 0.807031 0.374306 0.007813 0.015278
2 0.889062 0.420139 0.012500 0.037500
2 0.735938 0.372222 0.007813 0.013889
2 0.467187 0.385417 0.007813 0.020833
2 0.319531 0.373611 0.007813 0.019444
2 0.064453 0.407639 0.011719 0.020833
2 0.168750 0.384722 0.007813 0.013889
2 0.717187 0.366667 0.007813 0.013889
