2 0.944336 0.652344 0.098958 0.058594
0 0.248535 0.602865 0.075521 0.041992
0 0.318848 0.523438 0.041667 0.020508
2 0.619141 0.503906 0.036458 0.019531
0 0.350098 0.479167 0.023438 0.010742
2 0.525879 0.468099 0.024740 0.010742
2 0.496094 0.457682 0.019531 0.009766
2 0.455078 0.440755 0.014323 0.005859
1 0.753906 0.436849 0.014323 0.005859
0 0.356934 0.456380 0.014323 0.008789
2 0.438477 0.437500 0.013021 0.005859
2 0.475098 0.447917 0.018229 0.006836
2 0.428711 0.432943 0.011719 0.005859
2 0.417969 0.432292 0.007812 0.005859
0 0.351562 0.464844 0.020833 0.009766
1 0.902344 0.450521 0.018229 0.009766
