2 0.733398 0.543945 0.061849 0.034180
2 0.639893 0.477214 0.032552 0.017090
2 0.599854 0.451823 0.023438 0.013184
0 0.391846 0.479818 0.033854 0.020996
0 0.275146 0.550130 0.069010 0.036621
0 0.431152 0.448893 0.022786 0.012695
2 0.572754 0.434896 0.016927 0.009766
2 0.560059 0.426758 0.016276 0.007813
0 0.447998 0.437174 0.017578 0.009277
0 0.459961 0.428060 0.013672 0.006836
0 0.470703 0.422201 0.012370 0.004883
2 0.547119 0.420247 0.011068 0.006348
2 0.540527 0.414714 0.007813 0.004883
0 0.477051 0.416016 0.010417 0.004883
1 0.768555 0.420573 0.007813 0.004883
2 0.560791 0.407227 0.009766 0.005371
