2 0.738037 0.608724 0.050293 0.093750
2 0.570801 0.473958 0.020508 0.037760
0 0.127930 0.621094 0.062500 0.092448
2 0.843018 0.533203 0.033691 0.055990
2 0.679932 0.467773 0.022949 0.038411
0 0.851563 0.465495 0.016602 0.032552
0 0.289795 0.494792 0.023926 0.039063
2 0.617432 0.439453 0.015137 0.031250
2 0.577148 0.422526 0.010742 0.018229
2 0.512695 0.450846 0.018555 0.030599
0 0.736816 0.434570 0.009766 0.020182
0 0.674316 0.419271 0.007813 0.015625
2 0.426514 0.439779 0.012207 0.021484
0 0.181152 0.465495 0.013672 0.027344
2 0.553223 0.412435 0.008789 0.017578
0 0.271240 0.469401 0.016113 0.036458
0 0.105713 0.466471 0.015137 0.033203
0 0.599121 0.401693 0.006836 0.013021
0 0.635742 0.410807 0.007813 0.015625
2 0.344727 0.437174 0.012695 0.022786
