0 0.692500 0.543074 0.116554 0.062500
0 0.466250 0.527872 0.099662 0.045000
2 0.247500 0.513514 0.054054 0.030000
0 0.394375 0.521115 0.079392 0.031250
0 0.439375 0.514358 0.065878 0.028750
2 0.362500 0.512669 0.045608 0.025000
0 0.561250 0.513514 0.047297 0.022500
2 0.015625 0.517736 0.065878 0.028750
2 0.150000 0.517736 0.062500 0.032500
0 0.984375 0.509291 0.042230 0.018750
0 0.895625 0.510135 0.047297 0.026250
2 0.593750 0.507601 0.038851 0.020000
0 0.792500 0.509291 0.048986 0.025000
2 0.527500 0.496622 0.023649 0.012500
2 0.767500 0.505912 0.035473 0.017500
2 0.750625 0.501689 0.027027 0.013750
2 0.815625 0.503378 0.040541 0.023750
2 0.608750 0.497466 0.028716 0.015000
0 0.870000 0.499155 0.028716 0.015000
0 0.640625 0.490709 0.021959 0.013750
0 0.736875 0.494932 0.023649 0.011250
2 0.203125 0.493243 0.020270 0.008750
2 0.105000 0.494932 0.023649 0.012500
2 0.275000 0.493243 0.020270 0.010000
