0 0.156250 0.652083 0.118056 0.042188
0 0.317969 0.514583 0.043056 0.012500
0 0.369141 0.481944 0.027778 0.008594
1 0.579297 0.447222 0.044444 0.010156
0 0.735938 0.488194 0.037500 0.012500
0 0.726172 0.465278 0.025000 0.010156
1 0.545312 0.448611 0.041667 0.012500
0 0.509375 0.459028 0.020833 0.007813
1 0.392188 0.451389 0.038889 0.007813
0 0.612891 0.456250 0.020833 0.008594
1 0.364063 0.458333 0.025000 0.007813
0 0.410156 0.459722 0.022222 0.007813
0 0.390625 0.470139 0.020833 0.007813
0 0.496094 0.454861 0.015278 0.007813
0 0.485156 0.443056 0.016667 0.007813
0 0.489844 0.449306 0.018056 0.007813
0 0.421875 0.451389 0.013889 0.007813
0 0.428906 0.447222 0.013889 0.007813
0 0.667188 0.436111 0.013889 0.007813
0 0.728906 0.455556 0.025000 0.007813
