2 0.928750 0.385937 0.203125 0.052500
0 0.796250 0.275000 0.156250 0.045000
0 0.370625 0.253125 0.150000 0.043750
0 0.219375 0.210938 0.134375 0.038750
1 0.098125 0.337500 0.187500 0.051250
0 0.264375 0.160938 0.128125 0.031250
0 0.297500 0.142187 0.103125 0.032500
2 0.410000 0.115625 0.100000 0.032500
0 0.760625 0.195312 0.115625 0.036250
1 0.745625 0.135937 0.109375 0.028750
0 0.715000 0.118750 0.093750 0.025000
0 0.489375 0.029687 0.059375 0.013750
2 0.354375 0.070312 0.084375 0.021250
2 0.375625 0.060937 0.078125 0.018750
0 0.434375 0.051562 0.071875 0.016250
2 0.677500 0.071875 0.087500 0.022500
2 0.402500 0.042188 0.078125 0.022500
2 0.625625 0.045312 0.059375 0.016250
2 0.641250 0.054688 0.071875 0.022500
