0 0.115479 0.445964 0.010254 0.015625
2 0.019287 0.448893 0.009277 0.017578
2 0.096191 0.437500 0.007813 0.014323
1 0.327393 0.408203 0.005371 0.014323
0 0.242188 0.423828 0.006836 0.014323
2 0.260742 0.412109 0.005859 0.010417
1 0.849609 0.457031 0.015625 0.027344
2 0.173828 0.425456 0.005859 0.012370
1 0.281006 0.406576 0.006348 0.013672
1 0.287598 0.404948 0.004883 0.013021
0 0.179932 0.433594 0.007324 0.014323
2 0.238037 0.415365 0.005371 0.009115
1 0.333496 0.404948 0.004883 0.014323
0 0.317139 0.410482 0.006348 0.009766
0 0.293457 0.413737 0.004883 0.009766
