2 0.674375 0.541385 0.092905 0.056250
2 0.461875 0.461149 0.054054 0.031250
2 0.423125 0.431588 0.042230 0.021250
2 0.558125 0.396115 0.025338 0.013750
0 0.140000 0.440034 0.038851 0.020000
2 0.468750 0.408784 0.033784 0.017500
0 0.273750 0.415541 0.027027 0.012500
0 0.368125 0.396115 0.021959 0.008750
0 0.320625 0.393581 0.027027 0.013750
2 0.431250 0.383446 0.023649 0.015000
2 0.504375 0.387669 0.028716 0.013750
0 0.015625 0.475507 0.059122 0.031250
0 0.352500 0.398649 0.027027 0.015000
0 0.270625 0.391892 0.023649 0.011250
2 0.207500 0.391047 0.018581 0.010000
0 0.086875 0.398649 0.020270 0.011250
1 0.955625 0.368243 0.020270 0.011250
1 0.975625 0.363176 0.016892 0.008750
1 0.921250 0.388514 0.016892 0.015000
1 0.876875 0.369932 0.013514 0.008750
1 0.818125 0.382601 0.015203 0.011250
