2 0.198242 0.577148 0.077474 0.055664
2 0.477051 0.470703 0.039063 0.022461
2 0.794922 0.431966 0.020182 0.010742
2 0.628906 0.447917 0.028646 0.015625
2 0.909912 0.479492 0.035807 0.018066
2 0.833984 0.428711 0.017578 0.008789
2 0.942871 0.453451 0.022786 0.012695
1 0.494141 0.399414 0.008464 0.009766
2 0.922363 0.464193 0.028646 0.014648
1 0.351074 0.406576 0.009766 0.012695
2 0.859863 0.426432 0.014323 0.006836
2 0.895264 0.421224 0.013021 0.007324
2 0.995605 0.433594 0.015625 0.007813
2 0.929443 0.416016 0.011719 0.006348
2 0.948486 0.414063 0.010417 0.006348
2 0.964844 0.412109 0.010417 0.005859
