1 0.204102 0.431315 0.008789 0.016276
1 0.063477 0.459961 0.014648 0.022786
1 0.122070 0.432617 0.008789 0.014974
1 0.153564 0.442383 0.012207 0.017578
1 0.187500 0.421875 0.008789 0.013021
1 0.256592 0.419922 0.006348 0.013021
1 0.251709 0.410156 0.005371 0.014323
1 0.259277 0.408854 0.005859 0.015625
1 0.310791 0.409180 0.005371 0.013672
1 0.279297 0.410156 0.004883 0.009115
1 0.287842 0.415365 0.005371 0.009115
1 0.226074 0.417643 0.006836 0.011068
1 0.316162 0.408854 0.006348 0.015625
1 0.301758 0.407878 0.004883 0.011068
1 0.323242 0.406250 0.004883 0.009115
1 0.363281 0.406250 0.004883 0.006510
1 0.058105 0.443359 0.010742 0.015625
1 0.333496 0.410156 0.004883 0.007812
1 0.358887 0.401042 0.004883 0.006510
1 0.368652 0.400065 0.004883 0.007161
