2 0.392578 0.487630 0.039063 0.024414
2 0.438965 0.448568 0.026042 0.013672
2 0.785156 0.555339 0.067708 0.041016
2 0.460449 0.432617 0.017578 0.008789
2 0.602539 0.439128 0.020182 0.011719
2 0.478271 0.417318 0.010417 0.005371
2 0.611816 0.425781 0.014323 0.007813
2 0.470459 0.422201 0.012370 0.007324
2 0.557617 0.418620 0.010417 0.005859
2 0.562988 0.421875 0.013021 0.006836
2 0.957764 0.467448 0.031250 0.020996
2 0.886719 0.431966 0.017578 0.008789
2 0.598877 0.416016 0.010417 0.005371
2 0.745361 0.423177 0.011719 0.006348
2 0.758545 0.419922 0.011719 0.005371
2 0.671387 0.414388 0.009766 0.004883
2 0.620117 0.411133 0.008464 0.004883
2 0.606934 0.413086 0.011068 0.004883
2 0.546875 0.413737 0.008464 0.004883
2 0.484375 0.413411 0.009115 0.004883
2 0.903564 0.427409 0.013672 0.008301
2 0.792969 0.418294 0.009766 0.004883
2 0.677734 0.414063 0.009115 0.004883
2 0.836182 0.418620 0.010417 0.005371
2 0.797363 0.416016 0.009115 0.004883
2 0.542969 0.410807 0.009115 0.004883
2 0.854004 0.422852 0.011068 0.004883
2 0.694824 0.406250 0.007813 0.004883
2 0.639648 0.402669 0.007161 0.004883
2 0.488281 0.409831 0.008464 0.004883
2 0.741699 0.408529 0.007161 0.004883
2 0.556152 0.409831 0.007161 0.004883
2 0.570313 0.401693 0.006510 0.004883
2 0.956299 0.426758 0.014974 0.008301
2 0.493652 0.404948 0.007813 0.004883
2 0.501953 0.402344 0.006510 0.004883
2 0.517090 0.401693 0.006510 0.004883
2 0.626953 0.406576 0.008464 0.004883
