2 0.704375 0.632812 0.271875 0.096250
0 0.353750 0.401562 0.165625 0.055000
2 0.285625 0.356250 0.143750 0.048750
2 0.126250 0.487500 0.206250 0.075000
0 0.582500 0.307812 0.128125 0.037500
2 0.547500 0.265625 0.112500 0.030000
2 0.836250 0.321875 0.137500 0.040000
0 0.524375 0.159375 0.043750 0.018750
2 0.472500 0.206250 0.075000 0.022500
0 0.387500 0.170313 0.065625 0.017500
2 0.222500 0.157812 0.121875 0.035000
0 0.316875 0.151562 0.053125 0.013750
0 0.555000 0.203125 0.087500 0.022500
2 0.420625 0.182812 0.071875 0.023750
0 0.865625 0.939063 0.109375 0.051250
0 0.968125 0.415625 0.225000 0.056250
0 0.141875 0.076563 0.109375 0.063750
2 0.283125 0.259375 0.093750 0.026250
0 0.467500 0.153125 0.043750 0.025000
0 0.885625 0.445312 0.134375 0.033750
2 0.262500 0.206250 0.068750 0.022500
