0 0.322510 0.545247 0.034668 0.046224
2 0.806152 0.562174 0.042969 0.069661
2 0.672363 0.475911 0.018555 0.033854
2 0.616211 0.445638 0.011719 0.016276
2 0.715576 0.446289 0.013184 0.024089
2 0.601318 0.431966 0.010254 0.018880
2 0.821045 0.490885 0.022949 0.028646
0 0.402100 0.464518 0.019043 0.035807
2 0.673340 0.436198 0.013672 0.014323
0 0.423340 0.440430 0.014648 0.022786
2 0.625977 0.429688 0.010742 0.016927
0 0.762451 0.431966 0.008301 0.013672
0 0.659912 0.422201 0.009277 0.013672
0 0.918701 0.459310 0.015137 0.022786
0 0.852295 0.447266 0.014160 0.015625
0 0.562012 0.417318 0.007812 0.014323
0 0.435791 0.426758 0.010254 0.017578
0 0.487061 0.420898 0.010254 0.011068
