1 0.867448 0.400000 0.015104 0.044444
1 0.859896 0.699074 0.070833 0.177778
1 0.702344 0.372685 0.018229 0.056481
1 0.330208 0.375000 0.018750 0.040741
1 0.039323 0.583796 0.046354 0.112037
1 0.220052 0.351389 0.006771 0.023148
1 0.644271 0.368519 0.014583 0.033333
1 0.671354 0.348611 0.010417 0.023148
1 0.348438 0.350463 0.011458 0.028704
1 0.305208 0.346296 0.010417 0.025926
1 0.547135 0.332870 0.007812 0.021296
1 0.183594 0.345370 0.005729 0.016667
1 0.135677 0.374537 0.009896 0.026852
1 0.415885 0.323148 0.005729 0.016667
1 0.645312 0.314352 0.005208 0.015741
1 0.046354 0.377315 0.010417 0.025000
1 0.792448 0.367130 0.011979 0.026852
