2 0.407471 0.472005 0.041667 0.022949
2 0.357178 0.521810 0.055339 0.032715
2 0.874268 0.601237 0.085286 0.055176
2 0.427734 0.452148 0.026693 0.013672
2 0.671631 0.471354 0.035156 0.020020
2 0.539795 0.425130 0.018229 0.010254
2 0.652588 0.446289 0.026693 0.016113
2 0.478516 0.436198 0.020833 0.012695
2 0.760986 0.429688 0.022135 0.010254
2 0.666260 0.415365 0.015625 0.007324
2 0.742920 0.415039 0.014974 0.008301
2 0.904785 0.430990 0.020833 0.010742
2 0.595215 0.420247 0.016276 0.009766
2 0.943848 0.419922 0.016927 0.008789
2 0.821533 0.414388 0.027995 0.014160
