2 0.396250 0.517736 0.060000 0.116554
2 0.750625 0.506757 0.043750 0.077703
2 0.605625 0.510135 0.053750 0.091216
2 0.166250 0.559122 0.117500 0.182432
2 0.948125 0.507601 0.038750 0.065878
0 0.502500 0.473818 0.010000 0.021959
2 0.644375 0.472973 0.013750 0.027027
2 0.706250 0.475507 0.012500 0.021959
2 0.548750 0.478041 0.012500 0.023649
0 0.539375 0.472128 0.008750 0.018581
2 0.476875 0.479730 0.011250 0.027027
0 0.448750 0.473818 0.010000 0.021959
2 0.911250 0.476351 0.015000 0.023649
2 0.788125 0.476351 0.011250 0.023649
2 0.857500 0.475507 0.015000 0.028716
2 0.309375 0.481419 0.018750 0.030405
0 0.930000 0.472973 0.015000 0.020270
0 0.719375 0.471284 0.008750 0.020270
0 0.821250 0.472973 0.007500 0.020270
2 0.058125 0.477196 0.011250 0.021959
2 0.240625 0.479730 0.016250 0.027027
0 0.251875 0.475507 0.008750 0.018581
0 0.366250 0.477196 0.012500 0.028716
2 0.102500 0.476351 0.012500 0.020270
0 0.870000 0.471284 0.007500 0.016892
0 0.775000 0.472128 0.010000 0.018581
2 0.985000 0.475507 0.017500 0.025338
