0 0.330078 0.570833 0.063889 0.025781
0 0.910547 0.529167 0.063889 0.019531
0 0.417187 0.481944 0.036111 0.014063
1 0.450781 0.429861 0.040278 0.014063
0 0.471484 0.435417 0.020833 0.008594
1 0.629687 0.430556 0.047222 0.018750
1 0.670312 0.426389 0.050000 0.014063
0 0.708594 0.438194 0.029167 0.007812
1 0.418750 0.434722 0.038889 0.012500
0 0.860547 0.470139 0.037500 0.014844
0 0.849219 0.448611 0.027778 0.012500
0 0.446875 0.456250 0.023611 0.007812
0 0.588672 0.438889 0.025000 0.008594
0 0.562500 0.419444 0.019444 0.007812
0 0.570312 0.429861 0.020833 0.007812
0 0.557031 0.409722 0.013889 0.007812
1 0.473438 0.406944 0.019444 0.007812
0 0.485938 0.422917 0.018056 0.007812
