2 0.766016 0.570833 0.097222 0.030469
2 0.329688 0.593750 0.081944 0.037500
2 0.448437 0.500000 0.058333 0.021875
2 0.702734 0.506944 0.055556 0.021094
2 0.776563 0.446528 0.026389 0.007812
2 0.766406 0.573611 0.100000 0.037500
2 0.805469 0.425000 0.019444 0.007812
2 0.698828 0.424306 0.020833 0.008594
2 0.625781 0.445139 0.023611 0.007812
2 0.827344 0.411806 0.015278 0.007812
2 0.741406 0.412500 0.013889 0.007812
2 0.850781 0.401389 0.013889 0.007812
2 0.785156 0.402778 0.013889 0.007812
2 0.807813 0.395833 0.013889 0.007812
