2 0.339453 0.620833 0.039844 0.091667
2 0.776953 0.468056 0.028906 0.069444
2 0.589453 0.416667 0.013281 0.030556
2 0.372656 0.490972 0.017188 0.045833
2 0.333984 0.468056 0.013281 0.033333
2 0.924219 0.384722 0.014063 0.036111
2 0.463281 0.417361 0.007812 0.023611
2 0.119141 0.537500 0.013281 0.033333
2 0.221875 0.496528 0.010937 0.034722
2 0.277734 0.475000 0.010156 0.027778
2 0.382031 0.425000 0.007812 0.019444
2 0.784766 0.369444 0.008594 0.025000
2 0.734766 0.362500 0.008594 0.019444
2 0.809375 0.348611 0.007812 0.016667
2 0.897266 0.358333 0.008594 0.025000
2 0.846094 0.350694 0.007812 0.023611
2 0.988672 0.368056 0.008594 0.027778
2 0.689844 0.352083 0.007812 0.015278
2 0.009375 0.573611 0.010937 0.025000
