0 0.756250 0.578125 0.250000 0.085000
2 0.540625 0.373437 0.153125 0.043750
0 0.763125 0.295312 0.128125 0.041250
0 0.303125 0.290625 0.118750 0.028750
0 0.386250 0.204687 0.078125 0.022500
2 0.497500 0.193750 0.075000 0.025000
2 0.823125 0.207813 0.084375 0.026250
2 0.615000 0.170313 0.065625 0.022500
2 0.171250 0.182812 0.071875 0.020000
0 0.255000 0.168750 0.062500 0.015000
2 0.410625 0.159375 0.062500 0.016250
2 0.313750 0.237500 0.093750 0.027500
2 0.460625 0.132812 0.040625 0.018750
2 0.766250 0.137500 0.056250 0.015000
0 0.014375 0.220312 0.084375 0.028750
2 0.684375 0.110937 0.046875 0.013750
2 0.607500 0.121875 0.050000 0.012500
0 0.880625 0.165625 0.056250 0.021250
0 0.856250 0.118750 0.056250 0.012500
2 0.840625 0.100000 0.043750 0.011250
2 0.499375 0.146875 0.062500 0.016250
2 0.974375 0.096875 0.037500 0.008750
0 0.926250 0.110937 0.053125 0.017500
1 0.773125 0.106250 0.043750 0.013750
0 0.990625 0.101562 0.040625 0.011250
2 0.965625 0.095312 0.034375 0.008750
