0 0.280273 0.488281 0.023438 0.040365
0 0.464355 0.439453 0.011719 0.023438
2 0.674316 0.499349 0.024414 0.044271
2 0.677490 0.455729 0.014160 0.027344
0 0.566895 0.429688 0.007813 0.018229
1 0.152100 0.430339 0.014160 0.028646
2 0.734375 0.445638 0.011719 0.020182
2 0.784668 0.441732 0.007813 0.014974
0 0.650879 0.423828 0.004883 0.010417
0 0.635742 0.426432 0.005859 0.014323
0 0.645752 0.419271 0.005371 0.010417
2 0.691895 0.417318 0.004883 0.011719
2 0.782227 0.435221 0.004883 0.012370
2 0.771973 0.430339 0.005859 0.011719
2 0.736328 0.423503 0.005859 0.011068
0 0.546631 0.408529 0.005371 0.009766
1 0.242920 0.410156 0.008301 0.020833
0 0.268555 0.406901 0.005859 0.009115
1 0.239746 0.406901 0.004883 0.010417
2 0.225830 0.406901 0.006348 0.013021
2 0.524902 0.402995 0.004883 0.009115
0 0.490723 0.403320 0.004883 0.009766
