0 0.803750 0.517736 0.065000 0.109797
2 0.139375 0.509291 0.063750 0.113176
0 0.268125 0.474662 0.026250 0.050676
0 0.516250 0.489865 0.042500 0.074324
0 0.412500 0.478041 0.027500 0.054054
0 0.017500 0.464527 0.022500 0.043919
0 0.034375 0.459459 0.011250 0.037162
2 0.049375 0.451858 0.011250 0.028716
0 0.196250 0.460304 0.010000 0.021959
0 0.152500 0.467905 0.020000 0.043919
2 0.091250 0.455236 0.012500 0.025338
2 0.081875 0.453547 0.011250 0.021959
0 0.210625 0.460304 0.008750 0.015203
0 0.202500 0.461149 0.007500 0.016892
0 0.170625 0.461993 0.011250 0.021959
0 0.225000 0.460304 0.007500 0.015203
