0 0.231201 0.506510 0.028809 0.048177
2 0.878662 0.593750 0.050293 0.089844
2 0.712891 0.487956 0.027344 0.047526
2 0.600830 0.443359 0.016113 0.028646
0 0.257080 0.463867 0.020020 0.033203
2 0.305420 0.424479 0.011230 0.019531
2 0.394531 0.423503 0.013672 0.025391
2 0.496338 0.430664 0.013184 0.024089
2 0.114502 0.434896 0.010254 0.016927
0 0.171875 0.455404 0.016602 0.025391
2 0.221680 0.429362 0.012695 0.020182
2 0.122070 0.424479 0.008789 0.015625
0 0.033691 0.458659 0.015625 0.022786
2 0.066406 0.434896 0.010742 0.016927
2 0.179932 0.413737 0.007324 0.012370
2 0.267822 0.403320 0.005371 0.011068
