0 0.328369 0.508789 0.050130 0.028809
2 0.668945 0.503581 0.054036 0.027344
2 0.601562 0.445312 0.032552 0.016602
0 0.389648 0.451172 0.029948 0.014648
2 0.574219 0.423828 0.023438 0.011719
2 0.792480 0.480469 0.040365 0.023438
0 0.420898 0.427409 0.021484 0.011719
0 0.443359 0.415690 0.016276 0.008789
2 0.560791 0.413411 0.016927 0.009277
2 0.551270 0.407552 0.014323 0.007812
2 0.628418 0.415690 0.017578 0.010742
2 0.602783 0.407878 0.014974 0.008301
0 0.830566 0.435547 0.022135 0.012695
2 0.672363 0.434570 0.026693 0.014648
0 0.751221 0.417318 0.016927 0.009277
0 0.704102 0.409831 0.012370 0.006836
0 0.679688 0.403646 0.009115 0.004883
0 0.987549 0.470378 0.035807 0.022949
0 0.694580 0.405924 0.012370 0.006348
0 0.648438 0.401693 0.009115 0.004883
2 0.592285 0.403971 0.012370 0.005859
2 0.581787 0.402669 0.011068 0.005371
2 0.544189 0.403646 0.013021 0.007324
0 0.449707 0.408854 0.011719 0.005859
0 0.479492 0.400716 0.009766 0.004883
0 0.455566 0.401693 0.009115 0.004883
