1 0.085449 0.449219 0.020833 0.012695
1 0.063965 0.436849 0.018229 0.010742
1 0.164551 0.436198 0.016927 0.011719
1 0.233643 0.422526 0.013021 0.007324
1 0.138428 0.426107 0.013672 0.006348
1 0.278076 0.414714 0.010417 0.006348
1 0.307617 0.409180 0.008464 0.004883
1 0.199219 0.417643 0.013672 0.007812
1 0.272217 0.407552 0.009115 0.005371
1 0.331543 0.406250 0.010417 0.004883
1 0.246094 0.411133 0.009766 0.005859
1 0.293945 0.403971 0.009766 0.004883
1 0.345215 0.403646 0.007812 0.004883
1 0.323730 0.399414 0.009766 0.004883
1 0.350586 0.394857 0.008464 0.004883
1 0.357422 0.400065 0.007161 0.004883
