2 0.712158 0.545573 0.037598 0.062500
2 0.238770 0.563151 0.044922 0.070313
2 0.600342 0.458659 0.016113 0.030599
2 0.376953 0.462565 0.017578 0.030599
2 0.412354 0.436523 0.012207 0.022786
2 0.221191 0.506836 0.031250 0.044922
2 0.438721 0.416667 0.008301 0.014323
2 0.547119 0.417969 0.009277 0.015625
2 0.216553 0.449870 0.015137 0.027344
2 0.344238 0.426107 0.011719 0.020182
2 0.534668 0.408529 0.006836 0.013672
2 0.448975 0.409505 0.007324 0.014323
2 0.560303 0.429036 0.011230 0.020833
2 0.426270 0.404948 0.006836 0.011719
2 0.182861 0.405599 0.006348 0.010417
2 0.136963 0.411458 0.008301 0.013021
2 0.164795 0.419922 0.010254 0.015625
2 0.526367 0.404297 0.004883 0.010417
2 0.266602 0.401367 0.004883 0.009766
2 0.272461 0.409831 0.008789 0.012370
2 0.014160 0.429036 0.012695 0.019531
