1 0.331875 0.629687 0.053750 0.165625
2 0.431250 0.412500 0.020000 0.075000
2 0.480000 0.354687 0.017500 0.053125
2 0.750000 0.410938 0.022500 0.078125
2 0.688750 0.356250 0.020000 0.062500
2 0.541250 0.317188 0.010000 0.040625
1 0.503750 0.329688 0.012500 0.040625
0 0.705000 0.328125 0.010000 0.043750
0 0.471250 0.326562 0.012500 0.021875
2 0.701250 0.306250 0.010000 0.031250
2 0.605000 0.306250 0.007500 0.031250
0 0.650000 0.293750 0.007500 0.018750
2 0.680000 0.300000 0.007500 0.025000
2 0.620000 0.303125 0.007500 0.018750
