2 0.230957 0.668294 0.072266 0.116536
2 0.367188 0.514974 0.032227 0.055990
2 0.432129 0.455404 0.017578 0.030599
2 0.655029 0.471029 0.022949 0.037109
2 0.461426 0.424154 0.009766 0.017578
2 0.471924 0.413411 0.007324 0.014323
2 0.602539 0.430013 0.011719 0.021484
2 0.843506 0.448242 0.016113 0.025391
2 0.745605 0.416667 0.009766 0.015625
2 0.567383 0.409180 0.007813 0.012370
2 0.480225 0.408854 0.005371 0.011719
2 0.967529 0.433594 0.014160 0.019531
2 0.581055 0.405599 0.004883 0.010417
2 0.905518 0.411784 0.007324 0.012370
2 0.641113 0.401042 0.004883 0.006510
1 0.010498 0.440755 0.016113 0.011719
2 0.646484 0.400391 0.004883 0.006510
2 0.550293 0.403971 0.004883 0.009766
2 0.795166 0.404622 0.005371 0.011068
2 0.951660 0.410807 0.006836 0.013021
2 0.769043 0.407227 0.004883 0.007161
2 0.483887 0.406250 0.004883 0.010417
2 0.488770 0.403646 0.004883 0.009115
2 0.683105 0.403971 0.004883 0.009766
2 0.548340 0.402669 0.004883 0.009766
2 0.601074 0.399089 0.004883 0.006510
2 0.610352 0.395508 0.004883 0.007161
2 0.700928 0.402344 0.005371 0.007813
2 0.733887 0.400716 0.004883 0.007161
1 0.179688 0.417643 0.009766 0.009766
2 0.838379 0.404948 0.004883 0.009115
2 0.879639 0.407227 0.006348 0.011068
2 0.588379 0.399740 0.004883 0.006510
2 0.540039 0.400716 0.004883 0.007161
