2 0.685303 0.514974 0.024902 0.050781
1 0.950195 0.894857 0.097656 0.197266
0 0.240234 0.499349 0.024414 0.049479
2 0.678223 0.459635 0.014648 0.028646
0 0.430908 0.447917 0.015137 0.027344
0 0.475342 0.413737 0.006348 0.012370
0 0.509521 0.432617 0.011230 0.020182
0 0.534424 0.424154 0.007324 0.014974
0 0.523682 0.418294 0.006348 0.013672
2 0.570557 0.412760 0.006348 0.011719
2 0.710938 0.441081 0.009766 0.020182
2 0.693604 0.432943 0.007324 0.015625
2 0.634033 0.418620 0.006348 0.013021
2 0.411133 0.405599 0.006836 0.011719
0 0.400879 0.410482 0.004883 0.012370
2 0.394531 0.401367 0.004883 0.008464
0 0.331543 0.407878 0.006836 0.011068
0 0.343262 0.400065 0.004883 0.007161
0 0.298096 0.405924 0.005371 0.008464
0 0.292725 0.404622 0.005371 0.008464
0 0.305664 0.402344 0.004883 0.007813
2 0.374756 0.404297 0.006348 0.010417
2 0.518311 0.408529 0.006348 0.009766
2 0.522461 0.395833 0.004883 0.007813
2 0.572754 0.395833 0.004883 0.006510
2 0.470947 0.407552 0.006348 0.010417
2 0.469238 0.397135 0.004883 0.007813
0 0.458008 0.394857 0.004883 0.007161
2 0.416016 0.399414 0.005859 0.007161
2 0.670166 0.424154 0.007324 0.012370
