0 0.212891 0.570964 0.057292 0.046875
2 0.715576 0.508138 0.050130 0.028809
2 0.451416 0.468099 0.035156 0.019043
0 0.161377 0.526367 0.048828 0.028809
0 0.076660 0.916992 0.163411 0.135742
0 0.108887 0.480143 0.027995 0.015625
2 0.307861 0.450195 0.017578 0.015137
2 0.244629 0.441406 0.018229 0.008789
0 0.094482 0.462565 0.018880 0.009277
0 0.088867 0.455078 0.011719 0.010742
2 0.196533 0.435547 0.015625 0.006348
2 0.150635 0.430339 0.007812 0.006348
2 0.173340 0.433594 0.014323 0.006836
0 0.076416 0.445312 0.015625 0.008301
2 0.136719 0.429036 0.009115 0.004883
0 0.070068 0.440755 0.009115 0.005371
2 0.126465 0.428060 0.008464 0.004883
2 0.119629 0.427734 0.007812 0.004883
