0 0.700000 0.592187 0.115625 0.050000
2 0.300000 0.482812 0.096875 0.030000
0 0.423750 0.392188 0.059375 0.020000
2 0.616250 0.403125 0.068750 0.022500
2 0.491250 0.348438 0.046875 0.012500
2 0.570625 0.304688 0.034375 0.008750
2 0.804375 0.440625 0.087500 0.033750
0 0.651875 0.337500 0.043750 0.013750
0 0.603125 0.296875 0.025000 0.008750
2 0.665000 0.317188 0.040625 0.010000
0 0.874375 0.246875 0.093750 0.033750
2 0.526875 0.325000 0.037500 0.008750
2 0.676875 0.296875 0.031250 0.008750
0 0.457500 0.160938 0.053125 0.017500
0 0.445000 0.321875 0.043750 0.007500
0 0.632500 0.285938 0.021875 0.007500
0 0.657500 0.278125 0.018750 0.007500
