2 0.746094 0.508464 0.030273 0.054688
0 0.318604 0.479818 0.024902 0.042969
0 0.391846 0.434896 0.014160 0.026042
0 0.487549 0.413411 0.010254 0.018229
2 0.662354 0.449219 0.019043 0.033854
2 0.677734 0.409831 0.008789 0.016276
2 0.659912 0.427409 0.012207 0.022786
2 0.721191 0.393880 0.006836 0.013021
0 0.568359 0.397461 0.008789 0.013672
0 0.625977 0.388672 0.004883 0.010417
2 0.691895 0.402344 0.007813 0.014323
2 0.787598 0.389974 0.006836 0.010417
2 0.752441 0.392578 0.007813 0.011719
0 0.692871 0.386719 0.004883 0.009115
0 0.729004 0.385091 0.004883 0.008464
2 0.862061 0.389323 0.005371 0.009115
2 0.826172 0.389648 0.004883 0.007161
0 0.777344 0.384440 0.005859 0.009766
