2 0.084135 0.580128 0.144231 0.195513
0 0.911058 0.631410 0.161058 0.240385
0 0.707332 0.557692 0.054087 0.102564
2 0.311298 0.537660 0.057692 0.091346
0 0.641827 0.537660 0.036058 0.072115
0 0.615385 0.528846 0.021635 0.044872
0 0.561298 0.522436 0.016827 0.032051
2 0.411659 0.518429 0.020433 0.040064
2 0.375000 0.527244 0.031250 0.054487
0 0.511418 0.517628 0.013221 0.025641
2 0.329928 0.510417 0.015625 0.033654
2 0.295673 0.509615 0.014423 0.032051
0 0.461538 0.514423 0.009615 0.022436
2 0.382812 0.514423 0.013221 0.028846
