1 0.195573 0.553704 0.048438 0.116667
1 0.732552 0.526389 0.042188 0.097222
1 0.362760 0.378241 0.018229 0.041667
1 0.612500 0.381944 0.016667 0.039815
1 0.559115 0.344907 0.015104 0.037963
1 0.382031 0.359722 0.014063 0.039815
1 0.302083 0.346296 0.012500 0.033333
1 0.350260 0.345833 0.011979 0.030556
1 0.507292 0.324074 0.011458 0.024074
1 0.129427 0.353241 0.007812 0.021296
1 0.249479 0.348148 0.010417 0.025926
1 0.287760 0.314815 0.005729 0.018519
1 0.428646 0.314352 0.007292 0.021296
1 0.169531 0.330093 0.006771 0.019444
1 0.694792 0.317593 0.008333 0.025926
1 0.676302 0.312963 0.007812 0.014815
1 0.027865 0.368981 0.008854 0.023148
1 0.656250 0.299074 0.006250 0.020370
1 0.715625 0.332407 0.008333 0.020370
1 0.617708 0.296759 0.006250 0.013889
1 0.789583 0.329167 0.005208 0.019444
1 0.780208 0.325463 0.005208 0.017593
1 0.574219 0.290741 0.007812 0.018519
1 0.583854 0.298611 0.005208 0.015741
1 0.801562 0.333796 0.006250 0.021296
1 0.750000 0.314352 0.005208 0.017593
1 0.735677 0.309722 0.005729 0.015741
1 0.768490 0.321296 0.006771 0.020370
1 0.058073 0.344444 0.006771 0.018519
