0 0.351953 0.407639 0.073611 0.025781
0 0.071875 0.356250 0.054167 0.017188
2 0.383203 0.416667 0.080556 0.028906
0 0.338672 0.277778 0.025000 0.008594
2 0.782031 0.518056 0.077778 0.028125
0 0.480859 0.300694 0.026389 0.008594
2 0.494922 0.304167 0.025000 0.008594
0 0.464062 0.267361 0.018056 0.007813
0 0.501563 0.286111 0.019444 0.007813
2 0.638281 0.345139 0.020833 0.007813
0 0.393750 0.266667 0.019444 0.007813
2 0.511328 0.287500 0.019444 0.007031
2 0.616406 0.319444 0.019444 0.007813
0 0.525781 0.273611 0.013889 0.007813
2 0.630469 0.302778 0.013889 0.007813
2 0.578125 0.284722 0.013889 0.007813
2 0.613281 0.300694 0.015278 0.007813
2 0.531250 0.276389 0.013889 0.007813
2 0.647656 0.304167 0.013889 0.007813
