2 0.281250 0.817187 0.303125 0.112500
0 0.368125 0.623437 0.165625 0.083750
2 0.433125 0.592187 0.165625 0.078750
2 0.305000 0.356250 0.275000 0.070000
0 0.229375 0.093750 0.187500 0.088750
2 0.386250 0.404687 0.134375 0.037500
2 0.404375 0.439063 0.146875 0.038750
0 0.473125 0.520312 0.184375 0.051250
2 0.561250 0.418750 0.156250 0.050000
2 0.808125 0.367188 0.140625 0.043750
0 0.559375 0.254688 0.090625 0.026250
2 0.850625 0.434375 0.168750 0.053750
0 0.335000 0.065625 0.131250 0.052500
0 0.500625 0.059375 0.118750 0.046250
0 0.437500 0.212500 0.125000 0.032500
2 0.530000 0.060937 0.121875 0.037500
2 0.531875 0.185938 0.090625 0.026250
2 0.721875 0.296875 0.106250 0.028750
