1 0.591927 0.374537 0.015104 0.039815
1 0.208073 0.529630 0.032813 0.088889
1 0.354948 0.375463 0.016146 0.039815
1 0.371354 0.357407 0.012500 0.033333
1 0.701562 0.495370 0.028125 0.079630
1 0.338802 0.344444 0.009896 0.031481
1 0.540365 0.342130 0.011979 0.030556
1 0.491146 0.319444 0.008333 0.020370
1 0.292969 0.346296 0.011979 0.029630
1 0.238802 0.347685 0.010937 0.026852
1 0.274219 0.312963 0.005729 0.018519
1 0.675781 0.312037 0.007812 0.025926
1 0.556250 0.287963 0.005208 0.014815
1 0.599479 0.291667 0.005208 0.014815
1 0.119531 0.355556 0.009896 0.024074
1 0.695573 0.325463 0.008854 0.019444
1 0.018229 0.373148 0.007292 0.024074
1 0.158594 0.331481 0.007812 0.018519
1 0.414062 0.311574 0.008333 0.021296
1 0.046875 0.348148 0.007292 0.018519
1 0.565625 0.295370 0.005208 0.018519
1 0.658333 0.308796 0.009375 0.019444
1 0.638542 0.293981 0.006250 0.021296
1 0.730990 0.309722 0.008854 0.017593
