2 0.729980 0.505534 0.052734 0.029297
0 0.349365 0.510417 0.049479 0.023926
0 0.446045 0.443034 0.022786 0.010254
2 0.611084 0.441406 0.023438 0.011230
1 0.599365 0.429036 0.029948 0.012207
1 0.455811 0.428711 0.030599 0.012207
0 0.469727 0.423828 0.015625 0.007813
2 0.580811 0.422852 0.016276 0.007324
2 0.569824 0.416016 0.013021 0.006836
0 0.483398 0.410156 0.009115 0.004883
0 0.474365 0.416667 0.011719 0.005371
2 0.554688 0.408854 0.009115 0.004883
0 0.497559 0.407227 0.007161 0.004883
0 0.511719 0.404297 0.006510 0.004883
