2 0.743359 0.572917 0.033594 0.073611
1 0.310156 0.699306 0.043750 0.112500
2 0.517578 0.474306 0.016406 0.034722
2 0.086719 0.586806 0.025000 0.059722
2 0.302344 0.497917 0.010937 0.034722
2 0.352344 0.478472 0.010937 0.029167
2 0.448828 0.442361 0.008594 0.020833
2 0.340625 0.452083 0.007812 0.020833
2 0.372656 0.439583 0.007812 0.015278
2 0.320312 0.443056 0.007812 0.013889
2 0.357812 0.459028 0.009375 0.023611
2 0.409375 0.438194 0.007812 0.015278
2 0.467969 0.451389 0.009375 0.022222
2 0.285938 0.450694 0.007812 0.015278
2 0.253906 0.443750 0.007812 0.015278
2 0.207813 0.452778 0.007812 0.013889
