0 0.525000 0.404167 0.007812 0.019444
1 0.648047 0.395139 0.016406 0.059722
0 0.561328 0.409028 0.011719 0.026389
0 0.573047 0.417361 0.010156 0.029167
1 0.627344 0.397222 0.017188 0.061111
1 0.695703 0.394444 0.014844 0.058333
0 0.230469 0.473611 0.007812 0.025000
1 0.585156 0.402083 0.017188 0.065278
0 0.925391 0.393750 0.010156 0.026389
0 0.946094 0.400000 0.010937 0.030556
0 0.496094 0.404167 0.007812 0.019444
0 0.141797 0.519444 0.010156 0.027778
0 0.907031 0.381944 0.007812 0.022222
0 0.202344 0.479167 0.007812 0.022222
0 0.299219 0.446528 0.007812 0.020833
0 0.266406 0.453472 0.007812 0.015278
1 0.168750 0.485417 0.009375 0.020833
1 0.977734 0.401389 0.019531 0.086111
0 0.106641 0.524306 0.008594 0.026389
0 0.964453 0.408333 0.011719 0.033333
