0 0.300049 0.536458 0.036621 0.071615
0 0.394043 0.468099 0.018555 0.033854
0 0.437500 0.439453 0.013672 0.023438
2 0.696533 0.515299 0.028809 0.047526
2 0.619629 0.451823 0.015625 0.027344
2 0.579834 0.426758 0.010254 0.017578
2 0.563477 0.416667 0.007813 0.015625
0 0.468506 0.415690 0.009277 0.014974
2 0.552246 0.409180 0.006836 0.012370
2 0.717041 0.415690 0.007324 0.012370
2 0.656250 0.410807 0.006836 0.011719
0 0.456543 0.425781 0.009766 0.016927
2 0.796875 0.416992 0.006836 0.012370
0 0.477051 0.408529 0.005859 0.011068
2 0.604736 0.406250 0.006348 0.010417
2 0.573730 0.397461 0.004883 0.008464
2 0.549316 0.403320 0.004883 0.009766
0 0.484863 0.403971 0.004883 0.009766
