2 0.228750 0.487500 0.100000 0.035000
0 0.666250 0.528125 0.112500 0.032500
2 0.639375 0.410938 0.078125 0.018750
0 0.954375 0.781250 0.068750 0.058750
2 0.426875 0.365625 0.056250 0.011250
0 0.288750 0.398438 0.053125 0.020000
2 0.569375 0.331250 0.037500 0.008750
0 0.700625 0.401562 0.046875 0.031250
0 0.624375 0.342187 0.040625 0.011250
0 0.499375 0.317188 0.034375 0.008750
2 0.454375 0.337500 0.031250 0.011250
2 0.535000 0.314063 0.034375 0.007500
0 0.382500 0.343750 0.037500 0.022500
0 0.512500 0.243750 0.025000 0.007500
2 0.543750 0.307812 0.021875 0.010000
0 0.590000 0.312500 0.031250 0.007500
