0 0.646875 0.523438 0.153125 0.046250
2 0.070625 0.857812 0.246875 0.096250
0 0.585000 0.345313 0.078125 0.022500
0 0.564375 0.292187 0.053125 0.016250
0 0.543125 0.265625 0.043750 0.013750
2 0.423125 0.346875 0.081250 0.023750
2 0.458125 0.287500 0.068750 0.018750
0 0.512500 0.243750 0.037500 0.010000
0 0.475000 0.235937 0.034375 0.007500
2 0.475625 0.271875 0.043750 0.013750
0 0.681250 0.259375 0.050000 0.012500
1 0.689375 0.282813 0.046875 0.026250
2 0.711875 0.196875 0.037500 0.008750
2 0.788750 0.206250 0.031250 0.010000
2 0.765000 0.193750 0.037500 0.012500
2 0.820625 0.184375 0.031250 0.008750
