2 0.901855 0.623372 0.097005 0.069336
0 0.187988 0.641276 0.097656 0.064453
0 0.416504 0.466146 0.032552 0.017578
2 0.630127 0.465169 0.030599 0.019043
1 0.611816 0.445638 0.038411 0.017578
1 0.602783 0.441081 0.034505 0.014160
1 0.432373 0.445313 0.037760 0.016113
1 0.438965 0.439779 0.035807 0.011719
0 0.452393 0.435221 0.018880 0.008301
0 0.458740 0.425781 0.013021 0.006348
2 0.548828 0.415039 0.012370 0.004883
2 0.583496 0.435221 0.016276 0.006836
2 0.567871 0.425781 0.013021 0.007813
0 0.470215 0.418294 0.009766 0.004883
0 0.486328 0.413737 0.008464 0.004883
