0 0.835000 0.576562 0.072500 0.115625
2 0.333750 0.473438 0.037500 0.115625
0 0.715000 0.412500 0.027500 0.093750
0 0.470000 0.379688 0.017500 0.071875
2 0.655625 0.343750 0.016250 0.062500
2 0.150000 0.410938 0.032500 0.090625
0 0.453125 0.334375 0.011250 0.043750
0 0.388750 0.320312 0.010000 0.040625
0 0.279375 0.364063 0.018750 0.059375
2 0.571875 0.290625 0.008750 0.031250
0 0.220625 0.332813 0.016250 0.046875
2 0.044375 0.376563 0.018750 0.059375
2 0.020000 0.343750 0.012500 0.043750
2 0.156250 0.314063 0.015000 0.040625
0 0.515000 0.279687 0.007500 0.034375
2 0.585625 0.298438 0.008750 0.040625
2 0.069375 0.315625 0.011250 0.043750
0 0.266250 0.300000 0.010000 0.037500
0 0.621875 0.321875 0.013750 0.037500
0 0.331250 0.292187 0.010000 0.034375
2 0.312500 0.267188 0.007500 0.028125
2 0.398125 0.278125 0.008750 0.025000
0 0.845000 0.062500 0.040000 0.093750
0 0.559375 0.265625 0.008750 0.037500
2 0.273125 0.270313 0.008750 0.028125
2 0.302500 0.260937 0.007500 0.034375
2 0.540000 0.265625 0.007500 0.037500
2 0.231875 0.273438 0.008750 0.028125
0 0.388750 0.293750 0.007500 0.037500
1 0.423750 0.259375 0.007500 0.025000
0 0.481250 0.256250 0.007500 0.018750
0 0.957500 0.073438 0.030000 0.090625
2 0.193125 0.270313 0.011250 0.028125
0 0.263750 0.270313 0.010000 0.028125
0 0.335000 0.264062 0.007500 0.028125
0 0.383750 0.256250 0.007500 0.018750
2 0.407500 0.259375 0.007500 0.018750
0 0.173125 0.265625 0.008750 0.031250
2 0.356250 0.262500 0.010000 0.025000
