2 0.840000 0.578125 0.125000 0.080000
0 0.584375 0.379688 0.065625 0.018750
2 0.366250 0.553125 0.125000 0.037500
0 0.930625 0.512500 0.106250 0.053750
2 0.255000 0.823438 0.253125 0.080000
2 0.393125 0.432812 0.084375 0.018750
2 0.424375 0.356250 0.062500 0.013750
0 0.220000 0.485938 0.084375 0.055000
2 0.613750 0.393750 0.068750 0.022500
0 0.313750 0.392188 0.053125 0.020000
1 0.551250 0.337500 0.050000 0.012500
2 0.635000 0.270313 0.059375 0.020000
2 0.411250 0.382812 0.071875 0.015000
0 0.540625 0.317188 0.053125 0.011250
