0 0.349121 0.510091 0.025391 0.048828
0 0.446533 0.442383 0.011230 0.022786
2 0.730469 0.504883 0.027344 0.048828
0 0.469482 0.423503 0.006348 0.014974
1 0.456787 0.429688 0.009277 0.031250
2 0.611572 0.442383 0.012207 0.022786
2 0.581055 0.423828 0.007813 0.015625
1 0.600586 0.428711 0.012695 0.031901
1 0.593994 0.424479 0.010254 0.029948
1 0.460205 0.425456 0.009277 0.029297
0 0.474609 0.416992 0.004883 0.011068
2 0.570313 0.416667 0.005859 0.013021
0 0.482910 0.410807 0.004883 0.010417
0 0.498047 0.407227 0.004883 0.008464
2 0.555664 0.408854 0.004883 0.009115
