0 0.580625 0.707812 0.284375 0.093750
2 0.321250 0.432812 0.171875 0.050000
0 0.045000 0.525000 0.200000 0.062500
2 0.803750 0.540625 0.231250 0.075000
2 0.844375 0.390625 0.156250 0.048750
0 0.389375 0.351562 0.134375 0.036250
2 0.281875 0.220312 0.128125 0.036250
0 0.455000 0.240625 0.081250 0.020000
2 0.676250 0.315625 0.112500 0.030000
0 0.844375 0.293750 0.131250 0.041250
0 0.636875 0.192188 0.071875 0.018750
2 0.794375 0.879687 0.234375 0.058750
2 0.662500 0.275000 0.093750 0.020000
2 0.415625 0.242188 0.096875 0.018750
0 0.426875 0.196875 0.075000 0.016250
2 0.571250 0.148438 0.059375 0.017500
2 0.445625 0.196875 0.062500 0.013750
2 0.453125 0.135937 0.046875 0.013750
2 0.380000 0.315625 0.118750 0.025000
2 0.378750 0.037500 0.075000 0.030000
2 0.185000 0.135937 0.046875 0.012500
2 0.229375 0.153125 0.037500 0.016250
0 0.214375 0.148438 0.034375 0.011250
