2 0.730713 0.505859 0.031738 0.053385
0 0.350586 0.508789 0.027344 0.050130
1 0.599609 0.429036 0.011719 0.031250
0 0.445801 0.443034 0.014648 0.024089
1 0.456299 0.429688 0.012207 0.032552
2 0.611328 0.441732 0.012695 0.024089
2 0.581055 0.424154 0.007813 0.014974
0 0.469482 0.424479 0.006348 0.016927
2 0.570068 0.416667 0.007324 0.013021
1 0.594238 0.426107 0.009766 0.027995
1 0.459229 0.425781 0.011230 0.029948
0 0.474365 0.416992 0.005371 0.011068
0 0.483154 0.410482 0.005371 0.009766
0 0.498047 0.406901 0.004883 0.007813
2 0.555176 0.409505 0.004883 0.009115
