0 0.350586 0.509440 0.025391 0.047526
0 0.446533 0.442383 0.010254 0.021484
2 0.729736 0.505859 0.027832 0.048177
1 0.456055 0.429036 0.010742 0.028646
1 0.460449 0.425130 0.007813 0.027344
2 0.611084 0.442708 0.012207 0.022135
1 0.600342 0.429362 0.013184 0.029297
2 0.581299 0.423828 0.008301 0.015625
0 0.468994 0.424154 0.007324 0.016276
1 0.593262 0.426107 0.007813 0.029297
2 0.570557 0.416992 0.006348 0.012370
0 0.475098 0.417643 0.006836 0.013672
2 0.554688 0.409831 0.004883 0.009766
0 0.482910 0.410482 0.004883 0.008464
0 0.498535 0.407552 0.004883 0.009115
0 0.511719 0.404297 0.004883 0.006510
2 0.566895 0.406250 0.004883 0.007813
