2 0.702881 0.505534 0.054036 0.033691
0 0.141357 0.864258 0.198568 0.125488
0 0.220215 0.559896 0.070313 0.029297
2 0.977539 0.586914 0.083984 0.041016
2 0.447266 0.465495 0.040365 0.025391
0 0.169189 0.523112 0.052734 0.028809
2 0.240967 0.441081 0.020182 0.011230
2 0.308350 0.447591 0.025391 0.013184
0 0.109619 0.479492 0.027995 0.014160
0 0.092285 0.462240 0.022135 0.012695
2 0.191650 0.436198 0.015625 0.008301
2 0.167725 0.433594 0.014323 0.008301
0 0.082275 0.453451 0.016276 0.007324
2 0.142578 0.430339 0.011719 0.004883
0 0.070557 0.445964 0.011719 0.005371
0 0.063232 0.441406 0.010417 0.005371
2 0.119141 0.429036 0.007813 0.004883
2 0.111816 0.429362 0.008464 0.004883
2 0.105469 0.427734 0.006510 0.004883
