2 0.377500 0.793750 0.256250 0.080000
2 0.378750 0.500000 0.137500 0.040000
2 0.334375 0.385937 0.090625 0.023750
0 0.598125 0.448437 0.134375 0.033750
0 0.511875 0.353125 0.075000 0.021250
2 0.881875 0.218750 0.068750 0.021250
2 0.345000 0.321875 0.068750 0.017500
0 0.476250 0.301563 0.059375 0.012500
2 0.358125 0.284375 0.056250 0.016250
0 0.796875 0.928125 0.137500 0.111250
2 0.393750 0.262500 0.043750 0.012500
2 0.450000 0.248438 0.046875 0.012500
3 0.488125 0.321875 0.062500 0.018750
2 0.970000 0.273438 0.053125 0.015000
