0 0.836875 0.501563 0.196875 0.066250
1 0.120625 0.559375 0.200000 0.061250
2 0.226875 0.431250 0.137500 0.041250
2 0.355625 0.364063 0.109375 0.033750
2 0.742500 0.343750 0.118750 0.035000
2 0.798125 0.298438 0.109375 0.028750
0 0.764375 0.389062 0.146875 0.036250
2 0.635625 0.278125 0.087500 0.023750
2 0.587500 0.267188 0.078125 0.017500
2 0.384375 0.321875 0.100000 0.028750
0 0.673750 0.245312 0.065625 0.017500
2 0.262500 0.296875 0.075000 0.022500
2 0.355000 0.265625 0.068750 0.025000
0 0.565625 0.242188 0.071875 0.016250
2 0.787500 0.229687 0.065625 0.017500
2 0.953125 0.234375 0.075000 0.018750
0 0.964375 0.218750 0.062500 0.016250
0 0.976875 0.801562 0.209375 0.041250
