2 0.775000 0.864062 0.265625 0.087500
2 0.080625 0.664062 0.184375 0.076250
2 0.329375 0.498437 0.121875 0.041250
0 0.415625 0.382812 0.071875 0.018750
0 0.666250 0.473438 0.109375 0.030000
2 0.576250 0.335938 0.059375 0.015000
0 0.429375 0.331250 0.056250 0.011250
0 0.513125 0.301563 0.040625 0.008750
2 0.332500 0.398438 0.078125 0.022500
0 0.452500 0.296875 0.043750 0.010000
2 0.390000 0.337500 0.081250 0.025000
2 0.545625 0.309375 0.037500 0.008750
0 0.353750 0.359375 0.056250 0.015000
0 0.490625 0.275000 0.043750 0.011250
