2 0.891357 0.629232 0.100911 0.058105
0 0.360840 0.481445 0.041016 0.024414
0 0.652344 0.465495 0.033854 0.018555
0 0.808350 0.468424 0.030599 0.018066
1 0.942139 0.432617 0.011068 0.008301
1 0.893555 0.428711 0.011068 0.006836
1 0.861084 0.423177 0.009115 0.005371
1 0.837646 0.422201 0.008464 0.006348
1 0.980469 0.439779 0.011068 0.006836
1 0.724121 0.406901 0.006510 0.004883
1 0.771973 0.413411 0.006510 0.004883
1 0.760742 0.410482 0.008464 0.004883
1 0.814209 0.416992 0.008464 0.005371
1 0.668457 0.401693 0.006510 0.004883
