1 0.609375 0.377778 0.053704 0.021875
1 0.353646 0.398148 0.051852 0.019792
1 0.308594 0.439352 0.062037 0.026562
1 0.328125 0.369907 0.039815 0.015625
1 0.692448 0.450000 0.075926 0.028646
1 0.277604 0.366204 0.041667 0.014583
1 0.542188 0.335648 0.036111 0.012500
1 0.446354 0.319444 0.033333 0.012500
1 0.221615 0.363889 0.031481 0.013021
1 0.102604 0.369907 0.026852 0.008333
1 0.290625 0.318519 0.024074 0.008333
1 0.749219 0.320370 0.020370 0.013021
1 0.004948 0.387037 0.025926 0.008854
1 0.800781 0.347685 0.025000 0.009896
1 0.773958 0.330556 0.031481 0.008333
1 0.640365 0.302315 0.019444 0.005729
1 0.678385 0.298611 0.019444 0.005729
1 0.163542 0.335648 0.021296 0.008333
1 0.053906 0.352315 0.017593 0.005729
1 0.628385 0.289815 0.016667 0.005729
1 0.875781 0.341204 0.023148 0.007813
1 0.722917 0.305556 0.022222 0.005208
1 0.849479 0.331019 0.023148 0.007292
1 0.890365 0.347685 0.025000 0.007813
1 0.826302 0.320833 0.019444 0.007813
1 0.808594 0.314352 0.019444 0.007813
