2 0.724609 0.564453 0.074219 0.040039
2 0.632568 0.476237 0.038411 0.020020
2 0.749268 0.451497 0.025391 0.014160
2 0.392578 0.488281 0.041667 0.021484
2 0.426514 0.452799 0.026693 0.014160
2 0.452881 0.430013 0.016276 0.009277
2 0.557373 0.427734 0.016927 0.007324
2 0.472168 0.416667 0.011719 0.004883
2 0.546143 0.420898 0.012370 0.005371
2 0.577148 0.415039 0.009766 0.004883
2 0.534668 0.418620 0.011719 0.005859
2 0.463623 0.424154 0.013672 0.007324
2 0.637939 0.420898 0.011068 0.005371
2 0.775635 0.427734 0.014323 0.009277
2 0.786865 0.421549 0.009766 0.006348
2 0.949219 0.430664 0.013672 0.008789
2 0.856445 0.422852 0.011068 0.006836
2 0.838623 0.425456 0.011068 0.007324
2 0.727539 0.421224 0.011719 0.006836
