1 0.429199 0.437826 0.022786 0.011719
1 0.312500 0.531250 0.058594 0.030273
1 0.397217 0.466146 0.032552 0.019043
1 0.652832 0.471354 0.033854 0.019531
1 0.758301 0.546224 0.063802 0.033203
1 0.045898 0.774414 0.156901 0.083984
1 0.612793 0.440755 0.023438 0.011719
1 0.582031 0.423503 0.016276 0.008789
1 0.452637 0.421224 0.016927 0.009766
1 0.569336 0.412760 0.013021 0.007813
1 0.464111 0.409505 0.014323 0.009277
1 0.474609 0.403971 0.012370 0.006836
1 0.565918 0.405599 0.010417 0.007813
1 0.556152 0.401042 0.010417 0.006836
1 0.547363 0.396159 0.008464 0.004883
1 0.543457 0.392904 0.007161 0.004883
1 0.485352 0.396159 0.008464 0.004883
1 0.481934 0.399740 0.010417 0.004883
1 0.539551 0.390951 0.007161 0.004883
