2 0.963672 0.852083 0.069531 0.195833
2 0.271484 0.490972 0.039844 0.109722
2 0.317188 0.367361 0.021875 0.054167
2 0.596875 0.376389 0.018750 0.050000
2 0.466406 0.313194 0.009375 0.029167
2 0.193750 0.316667 0.009375 0.022222
2 0.307812 0.321528 0.009375 0.031944
2 0.245312 0.316667 0.009375 0.027778
2 0.397656 0.284722 0.007813 0.016667
1 0.303906 0.290972 0.007813 0.018056
2 0.424219 0.295139 0.007813 0.023611
1 0.021875 0.331250 0.007813 0.023611
1 0.026953 0.330556 0.008594 0.022222
2 0.192188 0.302778 0.007813 0.019444
