0 0.311035 0.596354 0.067708 0.040039
0 0.452637 0.520182 0.040365 0.024414
2 0.748047 0.593099 0.071615 0.042969
2 0.770020 0.516927 0.044271 0.024414
2 0.620605 0.482422 0.032552 0.022461
2 0.514648 0.469401 0.024740 0.013672
0 0.398926 0.486979 0.026042 0.016602
0 0.464844 0.497396 0.033854 0.019531
2 0.288086 0.473307 0.016927 0.011719
0 0.158203 0.487630 0.022135 0.011719
0 0.344238 0.479818 0.024740 0.012695
1 0.955566 0.488281 0.018229 0.018555
1 0.964355 0.467448 0.015625 0.006836
1 0.933105 0.458984 0.011719 0.006836
1 0.868164 0.460286 0.014323 0.005859
