0 0.336875 0.584375 0.150000 0.043750
0 0.834375 0.545312 0.121875 0.046250
2 0.658125 0.515625 0.137500 0.046250
0 0.597500 0.404687 0.084375 0.027500
0 0.589375 0.337500 0.062500 0.016250
0 0.948125 0.895312 0.203125 0.076250
2 0.126250 0.393750 0.075000 0.025000
2 0.513750 0.306250 0.037500 0.010000
2 0.437500 0.295312 0.034375 0.007500
1 0.235625 0.307812 0.040625 0.011250
2 0.563750 0.300000 0.056250 0.012500
0 0.258750 0.312500 0.037500 0.010000
2 0.139375 0.317188 0.040625 0.013750
0 0.492500 0.282813 0.028125 0.007500
2 0.032500 0.337500 0.037500 0.010000
0 0.046875 0.370312 0.046875 0.013750
2 0.522500 0.279687 0.028125 0.007500
0 0.359375 0.296875 0.043750 0.008750
