2 0.614502 0.493164 0.044922 0.023926
2 0.739014 0.478190 0.038411 0.020996
2 0.928955 0.808594 0.167969 0.121582
2 0.966064 0.586263 0.077474 0.055176
0 0.261963 0.511393 0.048828 0.026855
2 0.539307 0.452799 0.030599 0.016113
2 0.651611 0.436849 0.023438 0.012207
0 0.091309 0.467448 0.026042 0.017578
0 0.181641 0.464518 0.029297 0.016602
0 0.270020 0.472656 0.035156 0.018555
2 0.444580 0.437500 0.023438 0.013184
2 0.355225 0.434570 0.021484 0.012207
2 0.212891 0.439453 0.020833 0.011719
0 0.942139 0.474609 0.039062 0.020996
0 0.786621 0.435872 0.022786 0.012695
2 0.074463 0.445638 0.018880 0.012207
2 0.609863 0.418945 0.017578 0.009766
0 0.716309 0.417643 0.017578 0.008789
0 0.671143 0.406576 0.013672 0.007324
0 0.649902 0.401693 0.011719 0.006836
0 0.630371 0.396484 0.011719 0.006836
2 0.583008 0.407552 0.015625 0.007812
2 0.565186 0.401042 0.013021 0.006348
0 0.606445 0.389323 0.011719 0.004883
0 0.617188 0.392253 0.011068 0.004883
0 0.595215 0.387044 0.008464 0.004883
2 0.554932 0.394857 0.009766 0.005371
2 0.547852 0.390951 0.009766 0.004883
