0 0.174375 0.543750 0.043750 0.125000
2 0.500625 0.468750 0.038750 0.075000
2 0.406875 0.442188 0.038750 0.078125
0 0.077500 0.809375 0.067500 0.225000
0 0.365000 0.457813 0.035000 0.078125
0 0.220000 0.414062 0.022500 0.071875
2 0.522500 0.279687 0.017500 0.065625
0 0.547500 0.173437 0.017500 0.078125
1 0.794375 0.354687 0.023750 0.121875
0 0.510000 0.375000 0.015000 0.068750
2 0.499375 0.285938 0.018750 0.059375
2 0.015000 0.489063 0.030000 0.090625
2 0.470000 0.362500 0.015000 0.056250
2 0.073125 0.420312 0.023750 0.065625
0 0.223750 0.376563 0.017500 0.053125
2 0.103125 0.371875 0.016250 0.050000
0 0.223125 0.335938 0.011250 0.040625
2 0.106875 0.332813 0.011250 0.034375
0 0.211875 0.350000 0.013750 0.050000
2 0.435625 0.265625 0.011250 0.043750
0 0.468750 0.271875 0.012500 0.043750
0 0.231250 0.307812 0.007500 0.028125
2 0.151875 0.315625 0.011250 0.031250
2 0.120000 0.326562 0.015000 0.034375
0 0.206250 0.326562 0.007500 0.028125
2 0.091250 0.353125 0.010000 0.037500
2 0.468125 0.115625 0.016250 0.056250
0 0.458750 0.342187 0.015000 0.046875
0 0.262500 0.306250 0.007500 0.025000
0 0.200000 0.320312 0.007500 0.034375
2 0.091875 0.310937 0.008750 0.028125
2 0.385625 0.223438 0.028750 0.084375
2 0.047500 0.326562 0.010000 0.028125
2 0.171875 0.307812 0.011250 0.028125
0 0.071250 0.314063 0.007500 0.021875
0 0.290000 0.303125 0.007500 0.025000
0 0.105000 0.307812 0.007500 0.021875
0 0.305000 0.296875 0.007500 0.025000
2 0.216250 0.293750 0.007500 0.025000
2 0.208750 0.301563 0.007500 0.028125
2 0.238750 0.295312 0.007500 0.021875
