2 0.339355 0.576172 0.076823 0.046875
2 0.726807 0.543294 0.061849 0.037598
2 0.623779 0.469727 0.029297 0.016113
2 0.580811 0.445964 0.020833 0.011230
2 0.434082 0.475911 0.033854 0.020508
2 0.472168 0.434896 0.015625 0.007813
2 0.633545 0.432617 0.012370 0.007324
2 0.565186 0.434245 0.015625 0.008301
2 0.779053 0.459961 0.022786 0.011230
2 0.902832 0.456380 0.018229 0.009766
2 0.835205 0.443685 0.013672 0.007324
2 0.479736 0.429362 0.012370 0.006348
2 0.555664 0.423503 0.013672 0.004883
2 0.591064 0.421224 0.011719 0.005371
