2 0.764893 0.563151 0.041504 0.074219
0 0.333252 0.515299 0.031738 0.054036
2 0.611084 0.462891 0.019043 0.035156
0 0.398926 0.461914 0.014648 0.031901
2 0.571045 0.436198 0.013184 0.022135
0 0.430176 0.436198 0.010742 0.019531
0 0.447266 0.423503 0.010742 0.017578
2 0.550781 0.422852 0.009766 0.016276
0 0.460449 0.413737 0.006836 0.013672
2 0.543457 0.412760 0.005859 0.014323
2 0.536377 0.406250 0.005371 0.011719
1 0.530518 0.400391 0.005371 0.015625
1 0.467285 0.401042 0.006836 0.016927
0 0.037109 0.757161 0.072266 0.158854
