2 0.612549 0.470378 0.019043 0.037109
2 0.572510 0.437826 0.012207 0.024089
2 0.434814 0.468424 0.018066 0.035807
2 0.163086 0.703451 0.072266 0.121745
2 0.069092 0.523112 0.026855 0.050130
2 0.281982 0.437500 0.008301 0.018229
2 0.101074 0.444987 0.011719 0.020182
2 0.469727 0.415690 0.007813 0.013672
2 0.544434 0.409505 0.006836 0.013021
2 0.530762 0.393880 0.004883 0.009115
2 0.475586 0.402995 0.006836 0.010417
2 0.250732 0.423503 0.008301 0.013672
2 0.344238 0.405924 0.004883 0.012370
2 0.065918 0.422852 0.009766 0.016276
2 0.047607 0.436849 0.009277 0.015625
2 0.136719 0.426432 0.006836 0.014323
