2 0.815430 0.506510 0.031250 0.050781
0 0.438965 0.448893 0.016602 0.030599
2 0.731689 0.450195 0.017090 0.029297
2 0.710938 0.423177 0.011719 0.020833
0 0.533691 0.413737 0.009766 0.018880
2 0.725342 0.413411 0.009277 0.018229
2 0.746094 0.405924 0.007813 0.012370
0 0.654785 0.399414 0.005859 0.012370
0 0.702637 0.397786 0.004883 0.010417
1 0.610596 0.393880 0.012207 0.009115
0 0.612061 0.401693 0.006348 0.015625
1 0.478760 0.393555 0.012207 0.011068
2 0.805908 0.402995 0.006348 0.010417
2 0.777100 0.402995 0.006348 0.011719
0 0.753418 0.399414 0.004883 0.007161
1 0.765381 0.396159 0.005371 0.012370
0 0.797852 0.399414 0.004883 0.008464
2 0.844727 0.403971 0.004883 0.011068
0 0.861084 0.403320 0.005371 0.007161
2 0.919678 0.409180 0.006348 0.009766
2 0.985352 0.413737 0.007813 0.009766
