2 0.269775 0.668294 0.063965 0.117839
2 0.863281 0.575846 0.045898 0.072266
2 0.430908 0.478190 0.020996 0.038411
2 0.705811 0.469076 0.020020 0.033203
2 0.708252 0.431641 0.012207 0.020833
2 0.809570 0.461589 0.017578 0.029948
2 0.869873 0.444661 0.014160 0.023438
2 0.502441 0.423177 0.010742 0.022135
2 0.558594 0.412109 0.008789 0.018229
2 0.771973 0.426107 0.010742 0.018880
2 0.835449 0.425130 0.008789 0.014323
2 0.954834 0.433268 0.010254 0.018880
2 0.637451 0.407552 0.007324 0.013021
2 0.741943 0.408203 0.006348 0.013021
2 0.901855 0.416667 0.008789 0.014323
2 0.811523 0.411458 0.006836 0.014323
