2 0.081787 0.764648 0.095215 0.158203
2 0.806152 0.662109 0.063477 0.113281
2 0.585693 0.459310 0.014160 0.026693
2 0.425049 0.462240 0.013184 0.027344
2 0.454346 0.446615 0.011230 0.020833
2 0.625732 0.489583 0.019043 0.036458
2 0.174072 0.490885 0.018066 0.035156
2 0.216064 0.455078 0.012207 0.024740
2 0.351563 0.421224 0.004883 0.009115
2 0.280273 0.428711 0.004883 0.009766
2 0.360352 0.440430 0.009766 0.018880
2 0.482422 0.431641 0.008789 0.015625
2 0.554688 0.432292 0.007813 0.018229
2 0.081787 0.449870 0.009277 0.016927
2 0.195313 0.439779 0.006836 0.013672
2 0.188721 0.432943 0.006348 0.011719
2 0.385742 0.426107 0.005859 0.009766
2 0.102539 0.436198 0.006836 0.011719
2 0.229492 0.426107 0.005859 0.009766
2 0.170410 0.426758 0.005859 0.009766
2 0.257813 0.415365 0.004883 0.007813
2 0.293457 0.416667 0.004883 0.007813
2 0.273438 0.422526 0.004883 0.009115
2 0.022461 0.446615 0.008789 0.014323
2 0.215332 0.420898 0.004883 0.008464
2 0.545898 0.425781 0.005859 0.011719
2 0.536621 0.415365 0.004883 0.009115
2 0.489746 0.418294 0.004883 0.008464
2 0.491211 0.412109 0.004883 0.009115
2 0.510742 0.403646 0.004883 0.006510
2 0.316895 0.412109 0.004883 0.007813
2 0.270020 0.420247 0.004883 0.008464
2 0.304688 0.409180 0.004883 0.007161
2 0.332520 0.410156 0.004883 0.007813
2 0.272949 0.412435 0.004883 0.007161
2 0.284180 0.411133 0.004883 0.007161
2 0.402832 0.413411 0.004883 0.009115
2 0.455566 0.406576 0.004883 0.007161
2 0.479492 0.408854 0.004883 0.006510
2 0.474121 0.403646 0.004883 0.007813
2 0.424805 0.405924 0.004883 0.007161
