2 0.298828 0.647917 0.036719 0.101389
2 0.369141 0.509722 0.017969 0.052778
2 0.482812 0.447917 0.010937 0.026389
2 0.893359 0.618750 0.025781 0.095833
2 0.648047 0.484722 0.016406 0.041667
2 0.342187 0.479861 0.009375 0.029167
2 0.295703 0.472917 0.010156 0.026389
2 0.400000 0.445833 0.007812 0.019444
2 0.260156 0.446528 0.007812 0.015278
2 0.301563 0.447917 0.007812 0.018056
2 0.214453 0.468056 0.008594 0.022222
2 0.165625 0.462500 0.007812 0.016667
2 0.034375 0.938889 0.067187 0.122222
2 0.244531 0.434722 0.007812 0.013889
2 0.192969 0.434722 0.007812 0.013889
2 0.208594 0.427778 0.007812 0.013889
2 0.251563 0.426389 0.007812 0.013889
2 0.232813 0.445833 0.007812 0.022222
2 0.167969 0.443750 0.007812 0.015278
