0 0.293457 0.542643 0.044922 0.034180
2 0.727051 0.446940 0.021484 0.016602
2 0.754639 0.482096 0.041016 0.023926
0 0.512207 0.425130 0.022135 0.012695
0 0.401611 0.457682 0.033854 0.019043
2 0.727539 0.423177 0.018229 0.010742
2 0.735352 0.412109 0.016927 0.008789
0 0.598877 0.408854 0.011719 0.009277
2 0.762207 0.405599 0.011719 0.009766
2 0.789551 0.401042 0.013021 0.006836
2 0.984619 0.606771 0.089844 0.028809
0 0.656006 0.397786 0.011719 0.007324
2 0.863770 0.396810 0.014974 0.008789
0 0.761963 0.392904 0.011068 0.007324
2 0.824707 0.397786 0.011719 0.005859
1 0.737305 0.388997 0.011068 0.011719
1 0.634277 0.386719 0.011719 0.013672
0 0.722656 0.393555 0.011068 0.007812
0 0.808594 0.392578 0.011719 0.006836
