2 0.744629 0.565104 0.067708 0.034180
2 0.716553 0.476563 0.033854 0.017090
0 0.417969 0.454427 0.028646 0.013672
2 0.737305 0.453451 0.021484 0.011719
0 0.117676 0.563151 0.070313 0.039063
0 0.606934 0.428711 0.018880 0.008789
0 0.541748 0.434896 0.022135 0.012207
2 0.782227 0.444010 0.016927 0.008789
2 0.772949 0.436523 0.014974 0.006836
1 0.031494 0.442708 0.048177 0.025879
2 0.756348 0.430013 0.012370 0.006836
0 0.629150 0.423503 0.012370 0.006348
0 0.578369 0.414063 0.011719 0.008301
2 0.666504 0.416667 0.011719 0.007813
2 0.724365 0.423177 0.013021 0.007324
0 0.512695 0.408529 0.011068 0.004883
0 0.621582 0.419271 0.010417 0.005859
2 0.157471 0.411133 0.013672 0.006348
1 0.169678 0.417318 0.019531 0.011230
2 0.520508 0.404297 0.009115 0.004883
0 0.450439 0.402344 0.010417 0.005371
2 0.573730 0.398112 0.011068 0.004883
0 0.205322 0.410156 0.010417 0.005371
2 0.624512 0.400065 0.008464 0.004883
2 0.487793 0.401367 0.009766 0.006836
2 0.504639 0.400716 0.009766 0.005371
