0 0.050049 0.887044 0.097168 0.202474
2 0.739746 0.498047 0.025391 0.049479
0 0.243896 0.523438 0.025879 0.049479
2 0.552979 0.458008 0.016113 0.033203
0 0.297363 0.461589 0.014648 0.027344
2 0.528076 0.437826 0.015137 0.024089
2 0.637207 0.426432 0.010742 0.020833
0 0.349365 0.437500 0.009277 0.020833
0 0.412109 0.426432 0.009766 0.016927
0 0.478271 0.418620 0.009277 0.018229
2 0.725586 0.418945 0.008789 0.017578
0 0.703613 0.409505 0.007813 0.014323
0 0.582275 0.414388 0.008301 0.013672
2 0.873047 0.419271 0.009766 0.016927
0 0.857666 0.409505 0.006348 0.013021
