2 0.855957 0.516276 0.057292 0.031250
2 0.963135 0.674805 0.082682 0.069824
2 0.669434 0.494792 0.046875 0.028320
0 0.189697 0.695312 0.113281 0.070801
0 0.367432 0.495768 0.035807 0.026855
2 0.704102 0.467448 0.035156 0.017578
2 0.529297 0.441081 0.018880 0.012695
2 0.632080 0.449219 0.022135 0.015137
0 0.400635 0.452799 0.033203 0.013184
2 0.576172 0.454753 0.025391 0.016602
0 0.855957 0.468424 0.030599 0.015625
0 0.748535 0.446615 0.022135 0.014648
0 0.681641 0.437826 0.022786 0.010742
0 0.256592 0.440104 0.020833 0.012207
2 0.441406 0.429036 0.020833 0.011719
0 0.555908 0.429362 0.020182 0.008301
0 0.587158 0.437174 0.021484 0.009277
2 0.498047 0.432617 0.016276 0.007812
0 0.376465 0.437500 0.019531 0.009766
0 0.302734 0.441081 0.014974 0.010742
0 0.632568 0.429362 0.014974 0.012207
2 0.187256 0.438802 0.020833 0.014160
0 0.599609 0.421875 0.014323 0.009766
0 0.563477 0.415039 0.012370 0.007812
0 0.534912 0.423828 0.014323 0.007324
0 0.577148 0.417318 0.013021 0.008789
