0 0.888750 0.771875 0.097500 0.256250
2 0.407500 0.628125 0.050000 0.162500
0 0.847500 0.321875 0.050000 0.150000
0 0.693750 0.404687 0.022500 0.065625
0 0.425000 0.437500 0.027500 0.081250
1 0.758125 0.289062 0.031250 0.103125
2 0.610000 0.346875 0.020000 0.068750
2 0.563125 0.332813 0.016250 0.053125
1 0.051250 0.687500 0.067500 0.137500
2 0.720625 0.356250 0.023750 0.081250
0 0.448750 0.375000 0.017500 0.062500
2 0.430000 0.353125 0.017500 0.056250
2 0.525000 0.314063 0.012500 0.046875
2 0.301875 0.401562 0.036250 0.059375
0 0.643125 0.323437 0.023750 0.046875
0 0.562500 0.278125 0.012500 0.025000
0 0.472500 0.301563 0.012500 0.034375
2 0.652500 0.268750 0.012500 0.050000
