0 0.682500 0.478041 0.060811 0.032500
0 0.645000 0.431588 0.038851 0.020000
2 0.707500 0.408784 0.027027 0.015000
0 0.590000 0.420608 0.027027 0.012500
2 0.791875 0.417230 0.033784 0.018750
0 0.536250 0.413007 0.021959 0.012500
0 0.484375 0.405405 0.023649 0.013750
2 0.954375 0.434122 0.040541 0.021250
2 0.634375 0.403716 0.027027 0.011250
2 0.584375 0.399493 0.021959 0.013750
0 0.433750 0.405405 0.027027 0.017500
0 0.367500 0.405405 0.010135 0.007500
0 0.310625 0.403716 0.016892 0.008750
2 0.511875 0.400338 0.027027 0.013750
0 0.258125 0.397804 0.025338 0.016250
2 0.336250 0.393581 0.016892 0.010000
