1 0.789453 0.643750 0.047656 0.123611
2 0.039453 0.514583 0.047656 0.118056
2 0.559766 0.325694 0.010156 0.023611
1 0.698828 0.362500 0.010156 0.027778
2 0.471875 0.348611 0.017188 0.041667
2 0.667578 0.333333 0.007031 0.016667
2 0.594531 0.319444 0.007813 0.019444
2 0.826562 0.420833 0.009375 0.027778
2 0.779687 0.377083 0.007813 0.015278
2 0.229687 0.233333 0.007813 0.013889
2 0.690625 0.338889 0.007813 0.013889
2 0.759766 0.361111 0.007031 0.013889
2 0.057813 0.247222 0.007813 0.019444
2 0.136719 0.252778 0.007813 0.016667
