0 0.070557 0.445964 0.022135 0.013184
2 0.096191 0.429362 0.016276 0.010742
2 0.166748 0.422852 0.013672 0.008301
0 0.183105 0.429036 0.014323 0.007812
2 0.210205 0.416992 0.011068 0.005371
0 0.238525 0.421549 0.011068 0.005371
2 0.279785 0.409180 0.008464 0.004883
2 0.297363 0.407227 0.008464 0.004883
2 0.250000 0.412760 0.009115 0.004883
0 0.272461 0.417318 0.010417 0.004883
2 0.320801 0.402669 0.008464 0.004883
0 0.307617 0.411784 0.008464 0.004883
2 0.331055 0.406576 0.007161 0.004883
0 0.345703 0.405599 0.006510 0.004883
