2 0.873125 0.473438 0.038750 0.128125
0 0.448125 0.350000 0.021250 0.062500
2 0.196875 0.509375 0.046250 0.131250
2 0.360000 0.323437 0.015000 0.053125
0 0.187500 0.379688 0.027500 0.071875
0 0.433750 0.285938 0.012500 0.040625
0 0.451875 0.267188 0.008750 0.028125
2 0.525625 0.295312 0.008750 0.046875
0 0.604375 0.275000 0.013750 0.031250
2 0.530000 0.256250 0.010000 0.037500
0 0.819375 0.250000 0.013750 0.037500
0 0.848750 0.271875 0.012500 0.043750
0 0.626250 0.243750 0.007500 0.037500
2 0.549375 0.232813 0.008750 0.021875
2 0.984375 0.282813 0.013750 0.046875
2 0.760000 0.239063 0.010000 0.028125
0 0.690625 0.254688 0.011250 0.028125
0 0.465625 0.253125 0.008750 0.025000
2 0.576250 0.242188 0.007500 0.028125
2 0.218125 0.295312 0.013750 0.034375
0 0.587500 0.234375 0.007500 0.018750
0 0.482500 0.243750 0.007500 0.031250
