1 0.818229 0.698148 0.144444 0.052083
1 0.776823 0.439352 0.043519 0.015104
1 0.158333 0.500000 0.075926 0.022917
1 0.746354 0.360648 0.017593 0.008333
1 0.446354 0.359259 0.029630 0.008333
1 0.902344 0.392593 0.018519 0.006771
1 0.599740 0.346759 0.026852 0.008854
1 0.203646 0.354630 0.025926 0.010417
1 0.887500 0.451389 0.039815 0.017708
1 0.725000 0.336574 0.025000 0.007292
1 0.870833 0.414352 0.025000 0.008333
1 0.127865 0.352315 0.021296 0.007812
1 0.247135 0.321296 0.016667 0.006771
1 0.322396 0.319907 0.021296 0.007292
