0 0.005371 0.454102 0.010742 0.018880
0 0.102783 0.455078 0.014160 0.022135
1 0.177490 0.439453 0.011230 0.018229
1 0.258545 0.410482 0.007324 0.017578
0 0.092773 0.438802 0.008789 0.014323
0 0.177002 0.426107 0.008301 0.013672
0 0.250488 0.425130 0.008789 0.013021
1 0.268311 0.410156 0.008301 0.016927
1 0.322754 0.410482 0.007812 0.016276
0 0.225830 0.418620 0.007324 0.011719
0 0.293945 0.417643 0.006836 0.013672
1 0.329590 0.409180 0.007812 0.018880
0 0.351562 0.410482 0.004883 0.007161
2 0.361328 0.404297 0.004883 0.007812
