2 0.812012 0.591797 0.085938 0.053711
0 0.304199 0.589193 0.058594 0.061523
2 0.912598 0.498047 0.046875 0.033203
2 0.650146 0.461263 0.037109 0.023926
2 0.753418 0.455404 0.026693 0.022461
0 0.440430 0.430664 0.026693 0.014648
0 0.418945 0.462240 0.039062 0.021484
2 0.663818 0.421875 0.019531 0.009277
1 0.604980 0.430664 0.016276 0.012695
2 0.632080 0.408203 0.014323 0.008301
2 0.584961 0.413737 0.017578 0.008789
0 0.903320 0.445312 0.024740 0.014648
2 0.573730 0.406250 0.014323 0.007812
0 0.456543 0.416667 0.020833 0.010742
2 0.565186 0.402344 0.013021 0.007324
0 0.798584 0.422526 0.018229 0.008301
0 0.742676 0.411784 0.009766 0.009766
0 0.702148 0.403320 0.013672 0.007812
0 0.470703 0.409180 0.011068 0.008789
2 0.557861 0.398112 0.012370 0.005371
2 0.613281 0.403646 0.010417 0.007812
0 0.695801 0.400716 0.011068 0.005859
0 0.683350 0.400391 0.009115 0.006348
2 0.572998 0.398438 0.010417 0.005371
0 0.475830 0.400391 0.013021 0.006348
