2 0.743750 0.612500 0.067500 0.187500
0 0.190625 0.570312 0.046250 0.134375
0 0.393125 0.342187 0.013750 0.059375
2 0.631875 0.348438 0.018750 0.065625
0 0.455000 0.296875 0.012500 0.043750
0 0.634375 0.300000 0.011250 0.043750
2 0.657500 0.270313 0.010000 0.040625
2 0.490625 0.278125 0.008750 0.037500
2 0.506875 0.271875 0.011250 0.031250
0 0.636875 0.250000 0.008750 0.025000
0 0.685625 0.260937 0.011250 0.034375
0 0.641875 0.279687 0.011250 0.034375
0 0.736875 0.239063 0.008750 0.028125
0 0.593750 0.254688 0.007500 0.021875
2 0.534375 0.265625 0.008750 0.031250
0 0.770000 0.245312 0.010000 0.028125
2 0.798750 0.231250 0.012500 0.031250
0 0.916250 0.243750 0.012500 0.050000
0 0.841250 0.239063 0.012500 0.034375
0 0.851875 0.239063 0.011250 0.034375
2 0.900625 0.242188 0.011250 0.034375
