0 0.194580 0.631836 0.063965 0.107422
0 0.367188 0.493815 0.025391 0.047526
2 0.784424 0.574219 0.046387 0.058594
2 0.643311 0.467773 0.019043 0.035807
0 0.428223 0.453776 0.015625 0.028646
2 0.589844 0.436849 0.012695 0.023438
0 0.448975 0.435872 0.012207 0.022786
2 0.567627 0.423828 0.010254 0.015625
2 0.555176 0.414714 0.008789 0.015625
2 0.666016 0.416667 0.006836 0.013021
2 0.610107 0.411458 0.006348 0.011719
0 0.474121 0.414063 0.006836 0.014323
0 0.655029 0.407227 0.006348 0.011068
0 0.774414 0.414714 0.006836 0.011719
2 0.589600 0.408854 0.009277 0.014323
