1 0.411621 0.457031 0.014648 0.044271
1 0.421143 0.449219 0.016113 0.044271
1 0.622559 0.456706 0.017578 0.042318
1 0.608398 0.449219 0.015625 0.039063
0 0.389893 0.484701 0.019043 0.034505
0 0.437500 0.442708 0.009766 0.019531
2 0.645508 0.480794 0.018555 0.035807
2 0.584473 0.442708 0.010742 0.019531
0 0.459961 0.421875 0.004883 0.009115
2 0.565430 0.430990 0.006836 0.014323
0 0.447021 0.430664 0.006348 0.013672
0 0.478027 0.416667 0.004883 0.009115
2 0.544434 0.419922 0.004883 0.010417
2 0.556641 0.415365 0.004883 0.009115
2 0.543457 0.412435 0.004883 0.008464
0 0.494141 0.413086 0.004883 0.007161
