2 0.858643 0.548177 0.031738 0.063802
0 0.232666 0.538086 0.038574 0.059245
0 0.419922 0.433594 0.012695 0.023438
2 0.618652 0.469401 0.022461 0.040365
0 0.355957 0.454427 0.014648 0.032552
2 0.607666 0.439779 0.014160 0.027995
0 0.491943 0.422526 0.017090 0.029948
2 0.728271 0.431966 0.012207 0.024089
0 0.826904 0.417969 0.008301 0.018229
0 0.565186 0.416992 0.007324 0.016276
0 0.680420 0.416016 0.006348 0.019531
2 0.843994 0.427734 0.009277 0.024740
0 0.100830 0.440430 0.009277 0.022786
0 0.096436 0.443685 0.007324 0.018880
