0 0.337109 0.467361 0.017969 0.045833
0 0.294141 0.456250 0.013281 0.037500
0 0.941406 0.445833 0.021875 0.055556
0 0.505469 0.415972 0.010937 0.037500
0 0.087500 0.553472 0.020313 0.059722
1 0.257031 0.446528 0.014063 0.040278
0 0.857422 0.422222 0.014844 0.044444
0 0.719531 0.406944 0.012500 0.036111
0 0.646875 0.398611 0.010937 0.030556
0 0.232031 0.440972 0.010937 0.029167
0 0.440625 0.415972 0.010937 0.031944
0 0.069141 0.525694 0.019531 0.048611
1 0.091016 0.497222 0.014844 0.044444
0 0.214844 0.437500 0.007813 0.025000
1 0.394531 0.413194 0.010937 0.026389
0 0.582812 0.396528 0.009375 0.029167
0 0.148047 0.448611 0.008594 0.025000
