0 0.356250 0.493750 0.012500 0.034722
1 0.597656 0.450000 0.014063 0.047222
1 0.559375 0.454167 0.012500 0.038889
0 0.278516 0.547222 0.019531 0.061111
0 0.519922 0.461806 0.008594 0.026389
0 0.773828 0.470833 0.010156 0.030556
1 0.387500 0.454861 0.010937 0.045833
0 0.635938 0.459028 0.007813 0.023611
0 0.383984 0.472917 0.008594 0.026389
0 0.767969 0.458333 0.007813 0.025000
0 0.502344 0.456944 0.007813 0.019444
0 0.407031 0.462500 0.007813 0.019444
0 0.420312 0.454167 0.007813 0.016667
0 0.669141 0.445139 0.008594 0.018056
