0 0.710625 0.546875 0.225000 0.061250
2 0.626875 0.410938 0.146875 0.043750
2 0.355000 0.323437 0.121875 0.037500
2 0.605625 0.314063 0.115625 0.023750
0 0.051250 0.373437 0.140625 0.040000
2 0.515625 0.264062 0.059375 0.031250
2 0.733750 0.189062 0.053125 0.012500
0 0.893125 0.323437 0.115625 0.026250
2 0.878125 0.210938 0.059375 0.016250
0 0.779375 0.198437 0.059375 0.013750
0 0.990625 0.218750 0.068750 0.013750
2 0.755000 0.184375 0.050000 0.012500
2 0.921250 0.198437 0.053125 0.017500
1 0.855625 0.182812 0.053125 0.013750
0 0.964375 0.189062 0.046875 0.013750
