2 0.694375 0.468750 0.237500 0.063750
0 0.613125 0.378125 0.206250 0.056250
2 0.679375 0.306250 0.162500 0.038750
2 0.046250 0.360938 0.184375 0.042500
0 0.418750 0.217188 0.140625 0.027500
0 0.182500 0.285938 0.146875 0.045000
1 0.125000 0.100000 0.131250 0.040000
2 0.385000 0.076563 0.103125 0.035000
2 0.295000 0.082812 0.121875 0.032500
2 0.784375 0.214062 0.115625 0.031250
1 0.759375 0.114062 0.078125 0.023750
2 0.680000 0.254688 0.146875 0.042500
2 0.847500 0.093750 0.068750 0.017500
2 0.708125 0.118750 0.081250 0.018750
0 0.601250 0.146875 0.087500 0.025000
0 0.654375 0.139063 0.090625 0.023750
0 0.221250 0.098437 0.128125 0.037500
2 0.896875 0.217188 0.059375 0.023750
2 0.904375 0.068750 0.068750 0.021250
