1 0.851318 0.628906 0.174479 0.088379
2 0.689941 0.514648 0.054036 0.033203
2 0.609375 0.465169 0.037109 0.022461
1 0.199951 0.618490 0.165365 0.074707
0 0.315186 0.534180 0.060547 0.038574
0 0.389160 0.462240 0.033854 0.019531
2 0.560303 0.426107 0.020182 0.011230
0 0.427002 0.424479 0.018229 0.009277
1 0.044189 0.830404 0.253255 0.087402
2 0.544189 0.414062 0.015625 0.007324
2 0.533203 0.407227 0.012370 0.006836
2 0.524902 0.401367 0.011068 0.004883
0 0.440918 0.412760 0.013021 0.006836
0 0.457764 0.396484 0.010417 0.005371
0 0.450684 0.400391 0.010417 0.005859
0 0.445557 0.405273 0.012370 0.005371
2 0.520752 0.396159 0.009766 0.005371
2 0.517578 0.392578 0.007812 0.004883
2 0.513184 0.388672 0.006510 0.004883
0 0.461914 0.389974 0.007812 0.004883
