1 0.069824 0.698568 0.196615 0.106445
1 0.848145 0.656250 0.182292 0.100586
0 0.327637 0.554688 0.054688 0.028320
2 0.642090 0.503255 0.037760 0.020508
0 0.422852 0.475911 0.022135 0.011719
2 0.577148 0.470703 0.022135 0.011719
2 0.511719 0.458984 0.016927 0.007812
2 0.443848 0.455729 0.015625 0.006836
2 0.400879 0.454427 0.013021 0.006836
2 0.331055 0.455729 0.013021 0.005859
0 0.385742 0.464844 0.015625 0.009766
0 0.315430 0.461589 0.011719 0.007812
0 0.350586 0.460938 0.013021 0.005859
0 0.281250 0.460938 0.013021 0.005859
