0 0.270996 0.421875 0.004883 0.011719
2 0.244141 0.417643 0.004883 0.009766
0 0.036621 0.462240 0.011719 0.020833
2 0.144043 0.432292 0.008789 0.014323
0 0.220215 0.429362 0.005859 0.013672
0 0.139160 0.444336 0.010742 0.017578
2 0.045654 0.445964 0.009277 0.015625
2 0.278809 0.411784 0.004883 0.009766
2 0.305176 0.408529 0.004883 0.008464
2 0.202148 0.424479 0.006836 0.011719
2 0.325684 0.404297 0.004883 0.007813
0 0.305176 0.415039 0.004883 0.009766
0 0.327148 0.411784 0.004883 0.008464
2 0.342285 0.401693 0.004883 0.006510
2 0.368164 0.398438 0.004883 0.006510
0 0.347656 0.408854 0.004883 0.006510
2 0.354736 0.399089 0.005371 0.006510
0 0.373779 0.404297 0.005371 0.007813
