2 0.709961 0.498372 0.029297 0.044922
0 0.329590 0.536133 0.037109 0.061849
0 0.408447 0.463216 0.020020 0.037109
2 0.626465 0.447266 0.012695 0.026042
0 0.445068 0.435547 0.013184 0.023438
2 0.583008 0.423503 0.010742 0.018880
2 0.563232 0.412760 0.009277 0.015625
0 0.459473 0.422201 0.010742 0.018880
0 0.469238 0.410807 0.008789 0.015625
0 0.476563 0.404297 0.005859 0.011719
2 0.603027 0.402344 0.004883 0.010417
2 0.552734 0.404622 0.005859 0.011068
2 0.655029 0.407552 0.007324 0.011719
2 0.582031 0.398763 0.004883 0.009766
2 0.546875 0.398763 0.004883 0.009766
2 0.964844 0.420247 0.008789 0.016276
2 0.883545 0.417643 0.006348 0.012370
2 0.713379 0.412109 0.005859 0.013021
0 0.905029 0.413411 0.005371 0.009115
2 0.794434 0.414063 0.006836 0.013021
0 0.725098 0.405273 0.006836 0.012370
