2 0.326660 0.515299 0.033203 0.057943
2 0.403076 0.440430 0.016113 0.027995
2 0.580566 0.472982 0.024414 0.041016
2 0.544434 0.429362 0.010742 0.021484
2 0.524658 0.412435 0.009277 0.016276
2 0.123047 0.449870 0.011719 0.024740
2 0.383789 0.423177 0.011719 0.020833
2 0.476562 0.405924 0.007812 0.014974
2 0.278564 0.413086 0.008301 0.014974
2 0.339844 0.414388 0.009766 0.018880
2 0.397461 0.402995 0.006836 0.013021
2 0.270996 0.406901 0.005859 0.015625
2 0.190674 0.415365 0.006348 0.013021
2 0.108154 0.416016 0.007324 0.011719
2 0.218018 0.408854 0.005371 0.011719
2 0.326660 0.403646 0.005859 0.011719
2 0.066406 0.426107 0.008789 0.014974
2 0.037354 0.422526 0.008301 0.013021
2 0.162842 0.411458 0.006348 0.011719
1 0.338867 0.396159 0.004883 0.008464
