2 0.761963 0.564128 0.041504 0.065755
0 0.374268 0.487630 0.020996 0.040365
0 0.235840 0.577148 0.046875 0.074870
2 0.649170 0.483398 0.019043 0.037109
2 0.603760 0.453451 0.016113 0.024089
0 0.447510 0.438802 0.011230 0.020833
2 0.577148 0.437174 0.010742 0.018880
0 0.428223 0.452148 0.014648 0.024089
0 0.458984 0.428060 0.007813 0.016276
2 0.549805 0.418294 0.005859 0.011068
2 0.541992 0.414063 0.004883 0.010417
2 0.563232 0.426107 0.008301 0.014974
0 0.476563 0.417643 0.004883 0.011068
0 0.471191 0.421875 0.006836 0.011719
0 0.480957 0.412435 0.004883 0.008464
2 0.537109 0.410156 0.004883 0.009115
0 0.484863 0.409505 0.004883 0.010417
