2 0.865000 0.834375 0.256250 0.062500
2 0.765000 0.610938 0.171875 0.042500
0 0.211250 0.668750 0.181250 0.045000
2 0.810625 0.698438 0.203125 0.056250
2 0.719375 0.543750 0.175000 0.043750
0 0.300000 0.514062 0.121875 0.025000
2 0.235625 0.557813 0.090625 0.056250
2 0.605000 0.418750 0.087500 0.030000
2 0.857500 0.456250 0.125000 0.040000
1 0.031250 0.871875 0.250000 0.060000
0 0.265625 0.482812 0.059375 0.038750
2 0.137500 0.415625 0.081250 0.027500
0 0.490625 0.406250 0.087500 0.023750
2 0.226250 0.421875 0.081250 0.025000
2 0.191875 0.667188 0.103125 0.076250
2 0.326250 0.432812 0.109375 0.025000
2 0.308125 0.467187 0.134375 0.028750
