2 0.195312 0.663194 0.104167 0.039062
2 0.769922 0.561111 0.091667 0.033594
2 0.701562 0.460417 0.054167 0.017188
2 0.740234 0.454167 0.052778 0.017969
2 0.782813 0.447222 0.058333 0.023438
1 0.196875 0.512500 0.077778 0.026562
2 0.219531 0.518750 0.048611 0.025000
2 0.408594 0.450694 0.031944 0.015625
2 0.251563 0.517361 0.051389 0.023438
2 0.291797 0.511806 0.051389 0.027344
2 0.614062 0.428472 0.034722 0.015625
2 0.822266 0.439583 0.045833 0.021094
2 0.874219 0.425000 0.038889 0.015625
2 0.848437 0.433333 0.041667 0.017188
2 0.629297 0.404167 0.027778 0.013281
2 0.437891 0.427778 0.027778 0.013281
1 0.922266 0.420833 0.038889 0.014844
0 0.418750 0.415278 0.019444 0.007812
1 0.154297 0.554167 0.050000 0.019531
1 0.957422 0.428472 0.037500 0.016406
1 0.952734 0.419444 0.041667 0.013281
2 0.538281 0.392361 0.018056 0.007812
