0 0.177734 0.607096 0.087891 0.052734
2 0.620850 0.478841 0.042318 0.022949
0 0.136719 0.491211 0.027995 0.031250
0 0.242920 0.509115 0.049479 0.028809
2 0.755615 0.578125 0.057292 0.050293
2 0.491211 0.450195 0.034505 0.019531
2 0.382324 0.443359 0.032552 0.017578
0 0.051514 0.486654 0.037109 0.021973
2 0.942627 0.537109 0.062500 0.034668
2 0.757812 0.451823 0.039062 0.022461
2 0.691162 0.425130 0.022135 0.011230
2 0.654053 0.412109 0.014323 0.009277
2 0.218750 0.446615 0.024740 0.011719
0 0.819336 0.425130 0.019531 0.009766
0 0.754150 0.409180 0.014974 0.007324
0 0.725098 0.402669 0.013672 0.005859
2 0.626953 0.400065 0.013672 0.006836
2 0.615234 0.393555 0.011068 0.005859
2 0.066650 0.454102 0.016276 0.016113
0 0.938477 0.459961 0.030599 0.024414
0 0.701172 0.397786 0.011719 0.008789
0 0.683350 0.392578 0.010417 0.005371
0 0.669434 0.388997 0.008464 0.004883
0 0.646484 0.382812 0.006510 0.004883
0 0.636719 0.380208 0.006510 0.004883
2 0.599121 0.385091 0.008464 0.004883
0 0.655273 0.385091 0.008464 0.004883
2 0.605957 0.389974 0.007812 0.006836
2 0.596191 0.381836 0.008464 0.004883
