2 0.766602 0.568359 0.045898 0.079427
2 0.692139 0.458984 0.020020 0.031250
0 0.062012 0.599284 0.054688 0.086589
0 0.375488 0.469727 0.021484 0.039714
0 0.396484 0.426107 0.010742 0.018880
2 0.656494 0.438477 0.015137 0.022786
2 0.605957 0.422201 0.010742 0.018880
2 0.537842 0.414062 0.010254 0.015625
0 0.411865 0.438151 0.011230 0.022135
0 0.327148 0.421549 0.007812 0.016276
0 0.224854 0.423177 0.008301 0.015625
2 0.464355 0.409505 0.007812 0.014323
2 0.396729 0.409505 0.007324 0.014323
2 0.249023 0.412760 0.008789 0.014323
2 0.331543 0.409831 0.007812 0.013672
2 0.205322 0.412109 0.007324 0.011719
2 0.272705 0.400716 0.005371 0.009766
0 0.130127 0.424154 0.008301 0.013672
2 0.234375 0.407227 0.006836 0.011068
0 0.121582 0.414388 0.004883 0.009766
0 0.251953 0.399740 0.004883 0.009115
2 0.339844 0.394531 0.004883 0.009115
0 0.179443 0.407552 0.006348 0.010417
2 0.408691 0.389323 0.004883 0.009115
0 0.381836 0.388672 0.004883 0.007812
0 0.093994 0.420898 0.009277 0.017578
2 0.467773 0.384766 0.004883 0.006510
0 0.436035 0.384766 0.004883 0.006510
0 0.317871 0.393229 0.004883 0.006510
1 0.552734 0.378906 0.004883 0.007812
1 0.558594 0.378906 0.004883 0.006510
1 0.581055 0.379883 0.004883 0.007161
1 0.586426 0.379557 0.004883 0.007812
