2 0.707764 0.517253 0.043620 0.028809
2 0.620361 0.452474 0.028646 0.015137
0 0.302002 0.544271 0.066406 0.041504
0 0.394531 0.468750 0.035156 0.019531
0 0.436768 0.440430 0.024089 0.015137
2 0.578613 0.428060 0.017578 0.009766
0 0.454102 0.426758 0.016276 0.009766
2 0.560791 0.417318 0.015625 0.009277
0 0.464844 0.415365 0.014323 0.006836
0 0.472900 0.408854 0.011719 0.005371
2 0.549316 0.409505 0.011719 0.005859
2 0.652832 0.411458 0.011719 0.005859
2 0.601074 0.406901 0.010417 0.006836
2 0.545654 0.403971 0.011068 0.005371
2 0.714355 0.415690 0.012370 0.007813
2 0.580566 0.402995 0.009115 0.005859
0 0.754883 0.409505 0.011719 0.005859
2 0.569336 0.399089 0.007813 0.004883
0 0.643555 0.402344 0.010417 0.004883
2 0.793945 0.418294 0.014974 0.009766
0 0.832275 0.413411 0.011719 0.005371
2 0.541016 0.400065 0.008464 0.004883
0 0.480225 0.403646 0.009115 0.005371
2 0.967285 0.423503 0.014974 0.008789
0 0.725830 0.409180 0.013672 0.008301
2 0.884766 0.420573 0.014323 0.008789
0 0.625732 0.398438 0.007813 0.005371
