2 0.191406 0.627930 0.098307 0.059570
2 0.625732 0.461589 0.032552 0.017090
2 0.375244 0.479818 0.039063 0.021973
2 0.427490 0.436198 0.022135 0.012207
2 0.913330 0.512370 0.057292 0.033691
2 0.588379 0.435221 0.022786 0.011719
2 0.790527 0.449870 0.026042 0.013672
2 0.757813 0.427734 0.018229 0.010742
2 0.732422 0.411784 0.012370 0.008789
2 0.447510 0.420573 0.016927 0.009277
2 0.564697 0.419596 0.016276 0.009277
2 0.941895 0.447591 0.022786 0.012695
2 0.610107 0.424154 0.016276 0.010254
2 0.554443 0.411784 0.014974 0.008301
2 0.913330 0.444987 0.021484 0.010254
2 0.951660 0.425456 0.016276 0.010742
2 0.460938 0.409180 0.012370 0.005859
2 0.544189 0.404622 0.012370 0.006348
2 0.464355 0.405599 0.011719 0.004883
2 0.466553 0.402669 0.009766 0.005371
2 0.482422 0.399740 0.010417 0.004883
2 0.603760 0.397135 0.010417 0.005371
2 0.669922 0.397786 0.011719 0.005859
2 0.509277 0.397461 0.009766 0.005859
2 0.573730 0.393880 0.009115 0.004883
2 0.885010 0.408529 0.011068 0.007324
2 0.854004 0.410807 0.010417 0.004883
2 0.728760 0.400065 0.008464 0.005371
2 0.823242 0.401042 0.007813 0.004883
2 0.792969 0.403971 0.011068 0.005859
2 0.612305 0.393880 0.010417 0.004883
2 0.548584 0.400716 0.011068 0.005371
