2 0.296484 0.519444 0.063889 0.024219
2 0.542969 0.415972 0.031944 0.010937
2 0.723047 0.523611 0.075000 0.025781
2 0.754687 0.431944 0.036111 0.014063
2 0.726172 0.382639 0.023611 0.008594
2 0.588672 0.380556 0.022222 0.010156
2 0.305469 0.382639 0.018056 0.007813
2 0.985547 0.433333 0.033333 0.010156
2 0.545312 0.365972 0.018056 0.007813
2 0.482812 0.362500 0.016667 0.007813
2 0.958594 0.418750 0.031944 0.012500
2 0.592969 0.355556 0.022222 0.007813
2 0.200000 0.404861 0.018056 0.007813
2 0.403125 0.368750 0.018056 0.007813
2 0.417187 0.359028 0.015278 0.007813
2 0.034375 0.434722 0.022222 0.007813
