2 0.256250 0.614583 0.029687 0.084722
2 0.214453 0.530556 0.014844 0.036111
2 0.574609 0.532639 0.022656 0.062500
2 0.373828 0.487500 0.011719 0.030556
2 0.285938 0.480556 0.010937 0.022222
2 0.580859 0.437500 0.007031 0.019444
2 0.747266 0.440278 0.007031 0.025000
2 0.723047 0.425694 0.007031 0.018056
2 0.633594 0.427083 0.007812 0.018056
2 0.169531 0.513194 0.010937 0.018056
2 0.239844 0.473611 0.007812 0.013889
2 0.853906 0.434722 0.007812 0.019444
2 0.792188 0.423611 0.007812 0.016667
2 0.832031 0.422222 0.007812 0.016667
