2 0.060303 0.841797 0.117676 0.178385
2 0.918457 0.714193 0.086914 0.130208
2 0.426270 0.455078 0.014648 0.026042
2 0.348633 0.526693 0.033203 0.058594
2 0.585693 0.450195 0.014160 0.027995
2 0.563232 0.434570 0.009277 0.018880
2 0.450928 0.436849 0.010254 0.019531
2 0.545410 0.426432 0.007813 0.014323
2 0.467529 0.422852 0.006348 0.013672
2 0.959717 0.521484 0.031738 0.046875
2 0.677246 0.432617 0.007813 0.014974
2 0.869873 0.447266 0.011230 0.018229
2 0.926270 0.440755 0.006836 0.013021
2 0.846924 0.432617 0.006348 0.009766
