0 0.611250 0.460938 0.209375 0.072500
2 0.626250 0.264062 0.140625 0.047500
0 0.035000 0.618750 0.275000 0.070000
2 0.540625 0.181250 0.112500 0.031250
0 0.184375 0.332813 0.159375 0.046250
2 0.283125 0.203125 0.112500 0.033750
1 0.536875 0.120313 0.090625 0.026250
0 0.346875 0.090625 0.068750 0.016250
0 0.455000 0.054688 0.053125 0.012500
0 0.299375 0.107813 0.071875 0.018750
2 0.311250 0.048438 0.053125 0.012500
2 0.278125 0.148438 0.090625 0.023750
2 0.386875 0.037500 0.043750 0.011250
0 0.470625 0.042188 0.046875 0.011250
2 0.301250 0.073438 0.059375 0.015000
2 0.343750 0.056250 0.050000 0.012500
