1 0.763542 0.568981 0.121296 0.046875
1 0.138542 0.608333 0.129630 0.056250
1 0.617188 0.388889 0.051852 0.019792
1 0.352083 0.388426 0.047222 0.020833
1 0.561198 0.350000 0.038889 0.014063
1 0.507812 0.324537 0.026852 0.009375
1 0.373437 0.367130 0.039815 0.016667
1 0.341406 0.355093 0.034259 0.016146
1 0.292969 0.351852 0.029630 0.014063
1 0.424740 0.315278 0.030556 0.009896
1 0.577083 0.290278 0.019444 0.005208
1 0.117188 0.360648 0.032407 0.014583
1 0.238542 0.353241 0.026852 0.010417
1 0.162240 0.335648 0.021296 0.006771
1 0.723177 0.332870 0.019444 0.008854
1 0.663281 0.299537 0.025000 0.006771
1 0.702604 0.317130 0.028704 0.008333
1 0.682292 0.312963 0.016667 0.008333
1 0.621875 0.296296 0.016667 0.005208
1 0.016406 0.377315 0.023148 0.007812
1 0.282552 0.318056 0.017593 0.006771
1 0.586979 0.299537 0.017593 0.006250
