2 0.927002 0.692708 0.119792 0.070801
0 0.684814 0.469727 0.037109 0.019043
0 0.163086 0.533203 0.059896 0.039063
0 0.527100 0.480143 0.039714 0.026855
0 0.844482 0.466471 0.027995 0.015137
0 0.928467 0.460286 0.020833 0.011230
0 0.961670 0.452148 0.012370 0.007324
0 0.969971 0.458984 0.016927 0.010254
0 0.984375 0.457682 0.014323 0.007813
0 0.904053 0.444661 0.011719 0.006348
2 0.894531 0.440104 0.015625 0.007813
0 0.863525 0.438477 0.013672 0.006348
2 0.809570 0.429036 0.010417 0.004883
0 0.774658 0.427409 0.009766 0.005371
2 0.742432 0.422201 0.012370 0.006348
2 0.675293 0.415690 0.009766 0.004883
0 0.705566 0.419596 0.008464 0.004883
0 0.655762 0.414714 0.009115 0.004883
0 0.595215 0.408854 0.006510 0.004883
2 0.632324 0.410156 0.009115 0.005859
2 0.583008 0.406250 0.007813 0.004883
0 0.523926 0.401693 0.006510 0.004883
