1 0.840820 0.621094 0.083984 0.171875
1 0.209229 0.611654 0.076660 0.160807
2 0.686279 0.510417 0.035645 0.059896
0 0.320068 0.529622 0.036621 0.067057
1 0.056641 0.788411 0.113281 0.277344
0 0.391357 0.459310 0.019043 0.037109
2 0.559570 0.423828 0.011719 0.022135
0 0.427734 0.422526 0.011719 0.022135
2 0.609131 0.461914 0.022949 0.034505
0 0.445312 0.405599 0.004883 0.011719
2 0.533691 0.406576 0.005859 0.013672
1 0.958740 0.754232 0.082520 0.192057
2 0.543945 0.413086 0.008789 0.013672
0 0.442139 0.410482 0.009277 0.017578
2 0.520752 0.394857 0.005371 0.009766
0 0.524902 0.400065 0.004883 0.012370
