2 0.374512 0.483724 0.024414 0.042969
2 0.426758 0.439128 0.013672 0.025391
2 0.448242 0.423177 0.009766 0.018229
2 0.641357 0.475260 0.021973 0.040365
2 0.058838 0.797201 0.112793 0.173828
2 0.881104 0.539063 0.034668 0.059896
2 0.605225 0.447591 0.016113 0.025391
2 0.562988 0.421549 0.008789 0.014974
2 0.668945 0.433919 0.009766 0.018880
2 0.552246 0.413411 0.006836 0.013021
2 0.570557 0.409505 0.006348 0.011719
2 0.460205 0.411784 0.007324 0.012370
2 0.467041 0.404948 0.006348 0.011719
2 0.755371 0.423177 0.007813 0.014323
2 0.662109 0.420573 0.007813 0.014323
2 0.543701 0.405924 0.005371 0.009766
2 0.631836 0.395833 0.004883 0.009115
2 0.623047 0.391927 0.004883 0.009115
2 0.590332 0.390951 0.004883 0.008464
2 0.539063 0.402669 0.005859 0.009766
2 0.486816 0.394857 0.004883 0.007161
2 0.809814 0.414714 0.007324 0.011719
2 0.768311 0.423503 0.008301 0.014974
2 0.675537 0.397461 0.005371 0.008464
2 0.667725 0.412760 0.007324 0.011719
2 0.720459 0.401367 0.005371 0.009766
2 0.580078 0.394206 0.004883 0.008464
2 0.533203 0.398763 0.004883 0.009766
2 0.956055 0.429362 0.008789 0.013672
2 0.994385 0.439128 0.010254 0.016276
2 0.473145 0.399740 0.004883 0.006510
2 0.984619 0.451823 0.014160 0.020833
2 0.832520 0.412435 0.005859 0.008464
2 0.788086 0.404622 0.005859 0.009766
2 0.759033 0.405924 0.005371 0.009766
2 0.666016 0.404297 0.005859 0.009115
2 0.507324 0.394206 0.004883 0.007161
2 0.528809 0.391602 0.004883 0.007161
2 0.557617 0.391927 0.004883 0.006510
