2 0.790234 0.629861 0.093056 0.038281
2 0.219141 0.717361 0.120833 0.050781
2 0.513281 0.482639 0.037500 0.015625
2 0.297266 0.524306 0.045833 0.019531
2 0.250391 0.489583 0.020833 0.010156
2 0.373047 0.463194 0.023611 0.010156
2 0.692187 0.429861 0.018056 0.007812
2 0.791406 0.428472 0.018056 0.007812
2 0.746094 0.418056 0.016667 0.007812
2 0.298438 0.456944 0.016667 0.007812
2 0.254688 0.450694 0.012500 0.007812
2 0.202734 0.479167 0.016667 0.007031
2 0.896875 0.425694 0.015278 0.007812
2 0.934766 0.420833 0.013889 0.007031
2 0.551562 0.425694 0.018056 0.007812
2 0.169531 0.464583 0.012500 0.007812
2 0.785156 0.418056 0.016667 0.007812
2 0.603906 0.418056 0.013889 0.007812
