0 0.205000 0.673438 0.259375 0.087500
2 0.431875 0.451562 0.165625 0.048750
2 0.909375 0.756250 0.287500 0.101250
2 0.710000 0.378125 0.131250 0.042500
0 0.396250 0.326562 0.103125 0.032500
2 0.473750 0.259375 0.068750 0.020000
2 0.548750 0.235937 0.065625 0.020000
0 0.604375 0.221875 0.056250 0.016250
0 0.145625 0.268750 0.087500 0.023750
0 0.225625 0.239063 0.071875 0.016250
0 0.338750 0.214062 0.059375 0.015000
2 0.825625 0.298438 0.059375 0.031250
0 0.981875 0.517188 0.196875 0.031250
0 0.389375 0.200000 0.050000 0.011250
0 0.415625 0.193750 0.056250 0.011250
0 0.230000 0.178125 0.037500 0.010000
2 0.624375 0.215625 0.062500 0.018750
2 0.536250 0.185938 0.046875 0.015000
2 0.453125 0.181250 0.043750 0.013750
0 0.263750 0.171875 0.043750 0.010000
0 0.288750 0.181250 0.037500 0.010000
0 0.367500 0.178125 0.031250 0.007500
2 0.150625 0.178125 0.043750 0.011250
0 0.593750 0.193750 0.043750 0.007500
0 0.604375 0.195312 0.040625 0.008750
2 0.348125 0.189062 0.046875 0.008750
0 0.118750 0.171875 0.037500 0.010000
