2 0.348750 0.764062 0.296875 0.092500
2 0.662500 0.617188 0.234375 0.072500
2 0.826875 0.503125 0.168750 0.053750
0 0.693750 0.429688 0.140625 0.040000
2 0.150625 0.576562 0.215625 0.063750
0 0.467500 0.356250 0.118750 0.032500
2 0.238125 0.339062 0.121875 0.036250
1 0.362500 0.315625 0.106250 0.035000
0 0.330625 0.270313 0.090625 0.026250
2 0.182500 0.478125 0.168750 0.045000
1 0.940000 0.375000 0.106250 0.032500
2 0.786250 0.332813 0.103125 0.027500
2 0.863125 0.284375 0.087500 0.026250
2 0.960625 0.317188 0.096875 0.026250
0 0.730625 0.282813 0.084375 0.021250
1 0.263750 0.254688 0.090625 0.022500
0 0.301250 0.204687 0.065625 0.020000
0 0.707500 0.256250 0.093750 0.022500
2 0.620000 0.192188 0.071875 0.020000
2 0.381875 0.231250 0.068750 0.018750
2 0.572500 0.212500 0.068750 0.020000
2 0.326875 0.157812 0.071875 0.018750
2 0.134375 0.037500 0.075000 0.046250
0 0.373750 0.117188 0.059375 0.015000
0 0.395625 0.070312 0.034375 0.008750
2 0.388125 0.165625 0.068750 0.021250
2 0.410625 0.131250 0.056250 0.013750
2 0.596250 0.135937 0.059375 0.012500
2 0.571250 0.154688 0.053125 0.015000
0 0.579375 0.117188 0.053125 0.016250
2 0.426250 0.090625 0.056250 0.015000
