0 0.173096 0.604167 0.083333 0.054199
0 0.342285 0.476563 0.036458 0.020508
2 0.751221 0.499674 0.042318 0.024902
2 0.710693 0.455078 0.026042 0.015137
0 0.481445 0.434570 0.020182 0.009766
0 0.634033 0.401367 0.013672 0.007324
2 0.720459 0.417969 0.016927 0.008301
2 0.711182 0.429036 0.026042 0.010254
0 0.573730 0.412435 0.016276 0.007813
0 0.697998 0.397461 0.009766 0.005371
2 0.742432 0.408529 0.013672 0.006348
2 0.770752 0.404297 0.011719 0.007324
2 0.878418 0.401367 0.009766 0.004883
0 0.738770 0.396484 0.007813 0.004883
1 0.787598 0.396159 0.007161 0.004883
2 0.804688 0.401693 0.010417 0.004883
2 0.844482 0.401042 0.010417 0.006348
