2 0.043125 0.529561 0.086250 0.153716
2 0.757500 0.517736 0.032500 0.065878
2 0.811875 0.515203 0.028750 0.057432
2 0.359375 0.521959 0.068750 0.104730
2 0.609375 0.516892 0.046250 0.081081
2 0.683125 0.501689 0.013750 0.030405
2 0.270000 0.483108 0.017500 0.030405
0 0.508125 0.495777 0.011250 0.021959
2 0.170625 0.476351 0.011250 0.027027
2 0.458750 0.490709 0.012500 0.028716
0 0.235000 0.478885 0.012500 0.021959
0 0.311875 0.483953 0.013750 0.021959
2 0.541250 0.494932 0.010000 0.027027
0 0.645000 0.501689 0.012500 0.023649
0 0.569375 0.500000 0.011250 0.020270
0 0.717500 0.506757 0.015000 0.027027
0 0.992500 0.523649 0.012500 0.030405
0 0.447500 0.491554 0.012500 0.020270
2 0.070000 0.472128 0.012500 0.028716
2 0.877500 0.515203 0.015000 0.043919
2 0.858750 0.516047 0.015000 0.045608
0 0.147500 0.476351 0.015000 0.023649
0 0.794375 0.510135 0.011250 0.027027
2 0.773125 0.506757 0.013750 0.033784
0 0.052500 0.470439 0.012500 0.021959
