2 0.671875 0.554036 0.033203 0.053385
0 0.294434 0.568359 0.030273 0.055990
0 0.316406 0.557292 0.029297 0.054688
0 0.383789 0.496094 0.021484 0.036458
2 0.601074 0.485026 0.016602 0.029948
0 0.304199 0.472656 0.014648 0.026042
2 0.399414 0.447917 0.009766 0.020833
2 0.468262 0.460286 0.012695 0.024740
0 0.252441 0.456380 0.008789 0.019531
2 0.375000 0.441406 0.007812 0.015625
2 0.384277 0.435547 0.008789 0.014323
0 0.302734 0.437500 0.005859 0.013021
2 0.417969 0.430339 0.007812 0.014323
0 0.266113 0.446615 0.006836 0.015625
0 0.332520 0.429688 0.006836 0.013021
0 0.307129 0.429036 0.006836 0.011719
0 0.279297 0.429688 0.005859 0.010417
0 0.328125 0.433594 0.005859 0.010417
2 0.389648 0.426432 0.005859 0.014323
