2 0.376875 0.834375 0.275000 0.078750
2 0.392500 0.504687 0.146875 0.045000
0 0.620625 0.475000 0.125000 0.036250
2 0.349375 0.385937 0.090625 0.023750
0 0.526875 0.359375 0.075000 0.021250
2 0.363125 0.320312 0.059375 0.013750
2 0.411875 0.264062 0.040625 0.008750
0 0.492500 0.303125 0.056250 0.012500
2 0.505625 0.325000 0.056250 0.018750
2 0.466250 0.245312 0.034375 0.010000
2 0.378750 0.285938 0.059375 0.012500
2 0.923750 0.221875 0.075000 0.022500
2 0.762500 0.209375 0.050000 0.030000
2 0.949375 0.242188 0.034375 0.011250
0 0.510000 0.271875 0.037500 0.010000
