1 0.818359 0.664714 0.178385 0.085938
0 0.290039 0.556641 0.066406 0.027344
2 0.613281 0.504557 0.040365 0.021484
2 0.549805 0.472005 0.024740 0.011719
2 0.483398 0.458333 0.018229 0.009766
2 0.415527 0.457031 0.015625 0.006836
1 0.030762 0.735026 0.186198 0.061523
0 0.393066 0.477865 0.031250 0.016602
0 0.356445 0.466797 0.016927 0.007812
2 0.372070 0.455729 0.013021 0.007812
2 0.332520 0.456380 0.011719 0.006836
0 0.286621 0.463542 0.013021 0.008789
0 0.322266 0.463542 0.013021 0.005859
1 0.546875 0.434896 0.007812 0.005859
1 0.357422 0.441406 0.007812 0.005859
0 0.250977 0.464193 0.011719 0.005859
2 0.255859 0.458333 0.013021 0.005859
2 0.302246 0.457682 0.014323 0.006836
2 0.199219 0.460286 0.011719 0.005859
