0 0.245361 0.601563 0.051270 0.087240
2 0.845459 0.584961 0.050293 0.078776
2 0.621094 0.462240 0.013672 0.027344
1 0.604492 0.445964 0.016602 0.037760
0 0.421143 0.464518 0.013184 0.027995
1 0.434326 0.444987 0.012207 0.037109
1 0.440430 0.441081 0.010742 0.034505
1 0.596191 0.441406 0.011719 0.032552
2 0.578613 0.435872 0.008789 0.018880
0 0.451904 0.437174 0.008301 0.016276
0 0.457275 0.428385 0.006348 0.013021
2 0.563477 0.428060 0.006836 0.013672
0 0.467285 0.420573 0.004883 0.010417
0 0.497070 0.413086 0.004883 0.007161
2 0.556641 0.414714 0.004883 0.009115
2 0.544434 0.417969 0.004883 0.011719
0 0.482910 0.416667 0.005859 0.009115
