0 0.273828 0.660417 0.041406 0.093056
0 0.385156 0.532639 0.020313 0.054167
1 0.773438 0.463194 0.026562 0.090278
1 0.705469 0.463194 0.026562 0.093056
0 0.638281 0.488889 0.014063 0.041667
1 0.410547 0.468750 0.021094 0.068056
0 0.441406 0.477083 0.012500 0.034722
0 0.466406 0.450694 0.007812 0.026389
0 0.832031 0.481250 0.014063 0.043056
0 0.596094 0.463889 0.012500 0.036111
0 0.575391 0.440972 0.010156 0.023611
1 0.358203 0.478472 0.019531 0.056944
0 0.824219 0.436806 0.010937 0.029167
0 0.968359 0.441667 0.011719 0.027778
1 0.435156 0.420833 0.007812 0.025000
1 0.454688 0.420139 0.007812 0.023611
0 0.560937 0.424306 0.007812 0.018056
0 0.934375 0.423611 0.007812 0.019444
0 0.910937 0.410417 0.007812 0.015278
