0 0.341309 0.488607 0.026367 0.042318
1 0.388428 0.440104 0.020020 0.046875
1 0.374512 0.449870 0.026367 0.053385
0 0.414551 0.428060 0.014648 0.022786
2 0.666016 0.484375 0.026367 0.046875
1 0.629883 0.449870 0.025391 0.055990
1 0.614014 0.442057 0.022949 0.049479
0 0.428955 0.414062 0.008301 0.014323
2 0.581055 0.429362 0.013672 0.022786
0 0.465820 0.395833 0.004883 0.011719
2 0.555176 0.413086 0.010742 0.018880
2 0.536621 0.400065 0.004883 0.009766
0 0.445312 0.402018 0.006836 0.013672
2 0.541992 0.393880 0.004883 0.007812
