1 0.788818 0.603841 0.078613 0.158203
1 0.203125 0.591797 0.069336 0.151042
1 0.909424 0.706706 0.122559 0.225911
1 0.058838 0.728190 0.113770 0.246745
2 0.666260 0.506510 0.028809 0.050781
0 0.312988 0.522135 0.032227 0.058594
0 0.387207 0.458333 0.017578 0.032552
2 0.600586 0.459961 0.020508 0.037109
2 0.557617 0.425130 0.010742 0.019531
2 0.544189 0.413411 0.008301 0.015625
0 0.427734 0.422852 0.013672 0.021484
0 0.447998 0.405924 0.005371 0.009766
2 0.526367 0.400065 0.004883 0.009766
0 0.454102 0.399740 0.004883 0.010417
0 0.441895 0.411458 0.005859 0.011719
2 0.534180 0.406250 0.005859 0.011719
