2 0.902832 0.654948 0.071289 0.104167
0 0.389160 0.486003 0.017578 0.037109
2 0.650879 0.474284 0.019531 0.034505
2 0.606934 0.444010 0.011719 0.023438
2 0.586426 0.430013 0.009766 0.016276
0 0.450928 0.445638 0.011230 0.021484
0 0.486328 0.421224 0.004883 0.010417
0 0.476318 0.428711 0.006348 0.014974
2 0.575684 0.420573 0.004883 0.011719
0 0.489746 0.416016 0.004883 0.007813
0 0.494873 0.414388 0.005371 0.007161
0 0.525879 0.412435 0.004883 0.007161
2 0.606201 0.412109 0.005371 0.009115
2 0.623047 0.409505 0.004883 0.010417
0 0.564453 0.409831 0.004883 0.007161
2 0.584961 0.414388 0.004883 0.008464
2 0.569824 0.416667 0.004883 0.011719
2 0.758301 0.405273 0.004883 0.007161
2 0.646484 0.407552 0.004883 0.006510
2 0.700684 0.405599 0.004883 0.006510
0 0.642578 0.404297 0.004883 0.006510
0 0.601074 0.407227 0.004883 0.007161
2 0.732422 0.404622 0.004883 0.007161
2 0.844238 0.408854 0.004883 0.006510
2 0.670898 0.405599 0.004883 0.007813
0 0.708496 0.402995 0.004883 0.006510
0 0.748535 0.403646 0.004883 0.006510
2 0.792480 0.405599 0.004883 0.006510
