2 0.377197 0.511393 0.051432 0.029785
2 0.789551 0.562500 0.072917 0.040039
2 0.641113 0.454427 0.031250 0.017578
2 0.444092 0.439453 0.023438 0.012207
2 0.461182 0.424154 0.017578 0.009277
2 0.472900 0.416667 0.015625 0.006348
2 0.578125 0.418294 0.016276 0.007813
2 0.590820 0.412760 0.013021 0.006836
2 0.807617 0.429688 0.019531 0.011719
2 0.704590 0.409505 0.011719 0.005859
2 0.721436 0.407878 0.011068 0.006348
2 0.553711 0.409831 0.011068 0.004883
2 0.585449 0.407227 0.011068 0.004883
2 0.054443 0.877604 0.210938 0.107910
2 0.478271 0.411133 0.011068 0.005371
2 0.550293 0.406901 0.011719 0.004883
2 0.594727 0.404297 0.007813 0.004883
2 0.541016 0.404948 0.009115 0.004883
2 0.650879 0.404622 0.008464 0.004883
2 0.656738 0.404622 0.008464 0.004883
2 0.482910 0.407552 0.009115 0.004883
2 0.487305 0.404948 0.007813 0.004883
2 0.488770 0.402018 0.007161 0.004883
2 0.539063 0.402669 0.007161 0.004883
