2 0.718750 0.467905 0.037500 0.057432
0 0.350625 0.486486 0.033750 0.064189
0 0.397500 0.423986 0.022500 0.040541
2 0.670000 0.423986 0.027500 0.043919
0 0.453125 0.388514 0.016250 0.030405
0 0.478750 0.370777 0.012500 0.025338
2 0.623750 0.389358 0.017500 0.028716
0 0.501250 0.355574 0.007500 0.018581
0 0.023750 0.385980 0.015000 0.028716
2 0.071875 0.352196 0.011250 0.018581
0 0.101875 0.371622 0.013750 0.027027
0 0.161250 0.358108 0.010000 0.023649
2 0.135625 0.346284 0.008750 0.016892
0 0.207500 0.351351 0.007500 0.016892
0 0.260000 0.344595 0.007500 0.016892
2 0.011250 0.358108 0.010000 0.020270
2 0.655625 0.342905 0.008750 0.016892
2 0.621250 0.355574 0.007500 0.018581
2 0.631875 0.347973 0.008750 0.016892
0 0.573125 0.341216 0.008750 0.016892
2 0.713750 0.342061 0.007500 0.015203
0 0.506250 0.347128 0.007500 0.018581
0 0.616250 0.340372 0.007500 0.015203
0 0.543125 0.342061 0.008750 0.015203
