2 0.177344 0.517361 0.051389 0.015625
1 0.408594 0.502083 0.048611 0.017188
2 0.603906 0.477083 0.045833 0.017188
1 0.378516 0.442361 0.020833 0.008594
2 0.475781 0.431250 0.020833 0.007812
2 0.291406 0.440278 0.016667 0.007812
2 0.428125 0.416667 0.013889 0.007812
2 0.307031 0.429167 0.013889 0.007812
2 0.264453 0.456944 0.027778 0.010156
2 0.317188 0.426389 0.013889 0.007812
2 0.417187 0.413889 0.013889 0.007812
2 0.368750 0.420833 0.013889 0.007812
2 0.989453 0.608333 0.094444 0.021094
2 0.353906 0.420833 0.013889 0.007812
