2 0.252344 0.609028 0.104167 0.042188
2 0.729688 0.547917 0.059722 0.018750
2 0.320703 0.524306 0.045833 0.017969
2 0.302734 0.501389 0.036111 0.013281
2 0.569922 0.505556 0.036111 0.013281
2 0.446094 0.486111 0.027778 0.009375
2 0.569531 0.468056 0.019444 0.007812
2 0.247266 0.481250 0.026389 0.008594
2 0.189844 0.471528 0.023611 0.007812
2 0.253906 0.465278 0.022222 0.007812
2 0.344922 0.471528 0.026389 0.008594
2 0.077344 0.459028 0.020833 0.007812
2 0.093750 0.465972 0.023611 0.007812
2 0.178516 0.463194 0.020833 0.008594
2 0.495312 0.462500 0.022222 0.007812
2 0.548438 0.470139 0.020833 0.007812
2 0.462500 0.465972 0.018056 0.007812
2 0.664062 0.476389 0.022222 0.007812
2 0.131250 0.466667 0.025000 0.009375
2 0.024219 0.465278 0.019444 0.007812
2 0.672656 0.468056 0.019444 0.007812
2 0.442969 0.459722 0.019444 0.007812
