2 0.415527 0.489258 0.022461 0.046224
2 0.692871 0.474935 0.022461 0.038411
2 0.145508 0.802734 0.083008 0.179688
2 0.646729 0.438151 0.014160 0.027344
2 0.509033 0.411133 0.009277 0.017578
2 0.463135 0.441732 0.014160 0.026693
2 0.727783 0.435547 0.013184 0.020833
2 0.667480 0.417318 0.009766 0.015625
2 0.710205 0.401693 0.006348 0.011719
2 0.621094 0.400391 0.006836 0.013021
2 0.723389 0.414714 0.011230 0.016927
2 0.789795 0.426432 0.010254 0.018229
2 0.554199 0.403971 0.007813 0.013672
2 0.778076 0.413737 0.008301 0.014974
2 0.769287 0.404297 0.008301 0.013021
2 0.986572 0.424805 0.013184 0.029297
2 0.870605 0.420247 0.011719 0.016276
2 0.844971 0.408854 0.007324 0.013021
