0 0.743750 0.240625 0.137500 0.040000
0 0.641875 0.210938 0.134375 0.038750
0 0.571250 0.182812 0.115625 0.032500
0 0.440000 0.162500 0.112500 0.032500
0 0.905625 0.326562 0.184375 0.048750
2 0.161250 0.248438 0.165625 0.050000
0 0.096250 0.156250 0.106250 0.030000
2 0.142500 0.123438 0.096875 0.027500
0 0.020000 0.357812 0.209375 0.040000
0 0.980625 0.393750 0.212500 0.033750
2 0.532500 0.062500 0.112500 0.030000
0 0.416875 0.128125 0.087500 0.021250
0 0.251875 0.064062 0.059375 0.013750
2 0.156250 0.071875 0.075000 0.017500
0 0.181875 0.051562 0.053125 0.013750
2 0.123750 0.081250 0.081250 0.015000
0 0.078750 0.090625 0.081250 0.017500
0 0.194375 0.043750 0.050000 0.013750
2 0.610000 0.042188 0.078125 0.032500
0 0.423125 0.029687 0.046875 0.013750
2 0.304375 0.012500 0.025000 0.011250
