0 0.540625 0.487331 0.059122 0.031250
0 0.218750 0.581926 0.103041 0.057500
0 0.606250 0.421453 0.032095 0.017500
0 0.675000 0.447635 0.043919 0.022500
2 0.978125 0.508446 0.074324 0.038750
2 0.916250 0.419764 0.042230 0.025000
0 0.690000 0.433277 0.045608 0.025000
0 0.530625 0.411318 0.028716 0.016250
2 0.763125 0.407095 0.030405 0.018750
2 0.215000 0.405405 0.023649 0.012500
0 0.294375 0.413007 0.025338 0.013750
0 0.090625 0.413007 0.025338 0.013750
2 0.450000 0.405405 0.023649 0.012500
2 0.599375 0.401182 0.021959 0.011250
2 0.034375 0.405405 0.020270 0.011250
