2 0.586670 0.473633 0.041016 0.020996
2 0.354736 0.496745 0.044271 0.023926
2 0.547852 0.436849 0.024740 0.012695
2 0.717529 0.630534 0.095703 0.046387
2 0.348633 0.456706 0.027995 0.013672
2 0.388184 0.421549 0.017578 0.009766
2 0.483398 0.427083 0.018229 0.009766
2 0.303711 0.439453 0.020833 0.009766
2 0.132813 0.437500 0.016927 0.009766
2 0.234619 0.434896 0.019531 0.011230
2 0.241699 0.423503 0.016276 0.008789
2 0.180908 0.426758 0.014974 0.009277
2 0.115723 0.429688 0.015625 0.007813
2 0.305664 0.421549 0.013672 0.007813
2 0.048340 0.435547 0.015625 0.008789
