2 0.319336 0.541667 0.059896 0.032227
2 0.716064 0.514974 0.050781 0.023926
2 0.643066 0.465495 0.031250 0.016602
2 0.414795 0.453125 0.029948 0.015137
2 0.579102 0.426758 0.014974 0.006836
2 0.563965 0.416992 0.013672 0.007813
2 0.708984 0.443685 0.022786 0.013672
2 0.445068 0.430013 0.020182 0.011230
2 0.468018 0.407552 0.011719 0.005371
2 0.552002 0.408854 0.011719 0.006348
2 0.582764 0.412109 0.013021 0.006348
2 0.690186 0.425456 0.014974 0.008301
2 0.804932 0.427734 0.014323 0.007324
2 0.789551 0.427083 0.014323 0.008789
2 0.459717 0.415039 0.014974 0.007324
2 0.545898 0.404622 0.009766 0.004883
2 0.589355 0.394531 0.006510 0.004883
2 0.683838 0.405924 0.009766 0.005371
