2 0.519922 0.512500 0.052778 0.017969
2 0.889844 0.688194 0.131944 0.046875
2 0.185156 0.906944 0.172222 0.065625
2 0.282813 0.579167 0.063889 0.023438
2 0.788281 0.437500 0.030556 0.010937
2 0.660937 0.428472 0.023611 0.007812
2 0.415625 0.488889 0.027778 0.010937
2 0.269141 0.525000 0.036111 0.013281
2 0.961719 0.423611 0.030556 0.010937
2 0.843359 0.421528 0.026389 0.010156
2 0.374219 0.469444 0.022222 0.009375
2 0.746094 0.416667 0.022222 0.007812
2 0.264453 0.490972 0.023611 0.008594
2 0.346875 0.453472 0.015278 0.007812
