0 0.209717 0.538086 0.057943 0.032715
2 0.647949 0.459310 0.031901 0.015625
2 0.549072 0.439453 0.026042 0.014160
2 0.792236 0.522135 0.055990 0.030762
0 0.263184 0.477214 0.036458 0.016602
0 0.177002 0.466146 0.028646 0.017090
2 0.330811 0.428385 0.019531 0.011230
2 0.135254 0.440430 0.017578 0.009766
2 0.090088 0.439453 0.015625 0.010254
2 0.239990 0.434570 0.020182 0.010254
2 0.420410 0.432292 0.019531 0.011719
2 0.204590 0.418620 0.013021 0.006836
2 0.151855 0.427409 0.016276 0.008789
0 0.041504 0.465495 0.023438 0.014648
2 0.292969 0.407552 0.011719 0.006836
2 0.374023 0.399740 0.010417 0.004883
0 0.182129 0.416016 0.010417 0.005859
2 0.448242 0.393229 0.009115 0.004883
0 0.285645 0.403971 0.009766 0.004883
2 0.518066 0.388346 0.008464 0.004883
0 0.366455 0.396810 0.008464 0.005371
1 0.559570 0.382487 0.011068 0.004883
0 0.537598 0.385417 0.006510 0.004883
