0 0.232666 0.591471 0.073568 0.065918
2 0.671875 0.472982 0.039714 0.024414
2 0.630127 0.432292 0.016927 0.018066
0 0.402588 0.461263 0.033203 0.020996
0 0.462646 0.427409 0.020182 0.011230
2 0.615479 0.416992 0.014974 0.008301
0 0.529297 0.412109 0.009115 0.008789
0 0.487305 0.416341 0.013672 0.007812
2 0.660889 0.413737 0.013672 0.007324
0 0.599121 0.409505 0.010417 0.006836
2 0.733643 0.416667 0.009115 0.011230
2 0.971191 0.428060 0.011068 0.010742
2 0.860596 0.421224 0.013021 0.008301
0 0.911865 0.417318 0.013021 0.006348
