0 0.208125 0.565625 0.150000 0.056250
0 0.793125 0.462500 0.125000 0.038750
2 0.375625 0.387500 0.087500 0.026250
0 0.645000 0.357812 0.084375 0.027500
0 0.948750 0.617188 0.203125 0.075000
0 0.588125 0.334375 0.056250 0.016250
0 0.556250 0.317188 0.046875 0.012500
2 0.330000 0.340625 0.068750 0.022500
0 0.391250 0.300000 0.031250 0.010000
2 0.415625 0.281250 0.037500 0.008750
2 0.566250 0.242188 0.046875 0.010000
0 0.506250 0.300000 0.043750 0.010000
2 0.363750 0.190625 0.043750 0.010000
0 0.308125 0.262500 0.050000 0.011250
