2 0.231250 0.403472 0.081944 0.026562
2 0.772266 0.543750 0.084722 0.030469
2 0.648047 0.397917 0.043056 0.016406
0 0.335938 0.322222 0.044444 0.014063
0 0.308984 0.289583 0.031944 0.010156
2 0.676953 0.371528 0.031944 0.011719
2 0.564063 0.312500 0.022222 0.009375
2 0.511328 0.308333 0.025000 0.008594
0 0.467578 0.290278 0.022222 0.008594
2 0.729688 0.365972 0.023611 0.006250
2 0.595703 0.315278 0.019444 0.007031
0 0.430469 0.277778 0.016667 0.007813
2 0.610938 0.311806 0.018056 0.007813
0 0.290234 0.276389 0.025000 0.008594
0 0.260156 0.264583 0.023611 0.007813
2 0.688281 0.325694 0.015278 0.007813
