2 0.752197 0.668945 0.115234 0.067871
2 0.596924 0.482747 0.038411 0.020996
2 0.349854 0.495443 0.042969 0.025879
2 0.278076 0.454427 0.019531 0.011230
2 0.436523 0.440104 0.018229 0.009766
2 0.564209 0.449544 0.024089 0.011230
2 0.550049 0.437826 0.018880 0.010254
2 0.238281 0.431966 0.012370 0.007813
2 0.226563 0.427409 0.011068 0.006836
2 0.456055 0.433268 0.016276 0.010742
2 0.530518 0.421549 0.011068 0.005371
2 0.274902 0.439779 0.017578 0.008789
2 0.047852 0.455729 0.018229 0.011719
2 0.149658 0.439453 0.013021 0.008301
2 0.477295 0.425781 0.013021 0.005371
2 0.379395 0.432617 0.016276 0.008789
2 0.304199 0.423828 0.006510 0.004883
2 0.257813 0.422852 0.009766 0.005859
2 0.240234 0.418945 0.008464 0.004883
2 0.535645 0.424479 0.011719 0.004883
2 0.092773 0.445964 0.014323 0.008789
2 0.204590 0.423503 0.009766 0.004883
2 0.406250 0.413411 0.006510 0.004883
2 0.394531 0.422852 0.011068 0.006836
2 0.294434 0.419922 0.009115 0.004883
2 0.362061 0.419271 0.009115 0.005371
2 0.425781 0.407878 0.007161 0.004883
2 0.482910 0.416016 0.010417 0.004883
2 0.308594 0.415690 0.008464 0.004883
2 0.341797 0.410156 0.007813 0.004883
