0 0.349854 0.509440 0.051432 0.028809
2 0.730469 0.505534 0.048828 0.027344
2 0.611328 0.441732 0.022786 0.010742
0 0.445801 0.442383 0.022786 0.012695
0 0.469727 0.423177 0.014323 0.005859
0 0.474365 0.416667 0.011719 0.005371
1 0.459961 0.425456 0.030599 0.011719
1 0.599854 0.429036 0.029948 0.011230
2 0.581299 0.423503 0.016276 0.008301
2 0.570068 0.416016 0.014323 0.006348
2 0.554199 0.409505 0.010417 0.004883
1 0.456055 0.429036 0.028646 0.012695
0 0.482910 0.410482 0.011068 0.004883
1 0.594971 0.425130 0.029948 0.012207
0 0.498047 0.407227 0.007161 0.004883
2 0.567383 0.405924 0.008464 0.004883
0 0.511719 0.403971 0.007161 0.004883
2 0.542969 0.401367 0.007161 0.004883
