2 0.977539 0.576172 0.041992 0.072917
2 0.690430 0.538086 0.032227 0.063151
0 0.282471 0.526693 0.028809 0.054688
2 0.584717 0.459635 0.017090 0.031250
0 0.371582 0.462240 0.014648 0.028646
0 0.386963 0.443034 0.011230 0.022786
0 0.365723 0.436849 0.009766 0.019531
0 0.299561 0.436849 0.009277 0.018229
2 0.740967 0.479492 0.020020 0.038411
2 0.649414 0.449870 0.011719 0.026042
2 0.503662 0.429688 0.008301 0.018229
2 0.539307 0.438802 0.010254 0.020833
2 0.571533 0.424479 0.007324 0.014323
0 0.935547 0.478190 0.021484 0.034505
0 0.656250 0.424479 0.007812 0.015625
0 0.791748 0.449870 0.012207 0.026042
0 0.711914 0.436198 0.009766 0.018229
2 0.602295 0.435547 0.010254 0.018229
2 0.445557 0.426107 0.009277 0.016276
2 0.550537 0.417643 0.006348 0.012370
0 0.622803 0.416341 0.006348 0.011068
0 0.110107 0.444987 0.009277 0.014974
2 0.180908 0.433594 0.007324 0.013021
0 0.238770 0.438477 0.007812 0.016276
2 0.286865 0.428711 0.008301 0.013672
2 0.533203 0.413086 0.004883 0.011068
2 0.520020 0.408854 0.004883 0.009115
0 0.584473 0.409180 0.004883 0.008464
2 0.385498 0.426432 0.008301 0.014323
0 0.596924 0.411784 0.005371 0.008464
2 0.080811 0.440430 0.008301 0.012370
0 0.571777 0.406250 0.004883 0.009115
