2 0.218506 0.638346 0.106120 0.059082
2 0.770508 0.552409 0.065755 0.033203
2 0.393555 0.481120 0.040365 0.020508
2 0.588135 0.441732 0.021484 0.012207
2 0.574463 0.431966 0.016276 0.010254
2 0.435059 0.441406 0.023438 0.012695
2 0.684570 0.459961 0.027995 0.018555
2 0.552002 0.418945 0.012370 0.007324
2 0.631348 0.419271 0.010417 0.005859
2 0.627686 0.426432 0.014323 0.007324
2 0.454834 0.425781 0.015625 0.009277
2 0.466064 0.418294 0.012370 0.006348
2 0.719482 0.422201 0.009766 0.005371
2 0.560791 0.411133 0.009766 0.005371
2 0.865234 0.448893 0.018880 0.010742
2 0.762695 0.416667 0.009115 0.004883
2 0.545654 0.414063 0.011719 0.006348
2 0.854248 0.438477 0.014974 0.009277
2 0.642090 0.414388 0.009766 0.004883
2 0.710205 0.422201 0.009766 0.005371
2 0.472656 0.411458 0.010417 0.004883
2 0.883057 0.433594 0.014323 0.007324
2 0.872070 0.428711 0.012370 0.007813
2 0.510254 0.397135 0.006510 0.004883
2 0.477539 0.407227 0.009766 0.004883
2 0.539551 0.409180 0.009766 0.004883
2 0.536621 0.406576 0.008464 0.004883
2 0.532715 0.402995 0.007813 0.004883
