0 0.849854 0.630534 0.087402 0.175130
2 0.688477 0.514974 0.034180 0.053385
2 0.609375 0.464193 0.022461 0.037760
0 0.317139 0.532552 0.038574 0.063802
0 0.199951 0.619792 0.077637 0.167969
2 0.559570 0.426107 0.010742 0.018880
0 0.390137 0.460938 0.019531 0.035156
2 0.533447 0.407227 0.007324 0.013672
2 0.544189 0.414062 0.008301 0.015625
0 0.427979 0.423177 0.012207 0.024740
2 0.524414 0.401042 0.005859 0.011719
0 0.441162 0.411784 0.007324 0.014974
0 0.042236 0.839193 0.079590 0.236979
2 0.520508 0.397135 0.004883 0.009115
0 0.457520 0.397461 0.004883 0.009766
