2 0.752734 0.545139 0.076389 0.030469
2 0.535156 0.479861 0.045833 0.017188
2 0.226953 0.691667 0.102778 0.033594
2 0.284766 0.563194 0.059722 0.019531
2 0.265625 0.500694 0.034722 0.010937
2 0.304297 0.461111 0.025000 0.008594
2 0.405859 0.460417 0.026389 0.008594
2 0.216016 0.489583 0.029167 0.008594
2 0.026953 0.504861 0.018056 0.010156
2 0.563281 0.425694 0.023611 0.007812
2 0.225781 0.475000 0.025000 0.007812
2 0.058594 0.506944 0.025000 0.007812
2 0.159375 0.495139 0.026389 0.009375
2 0.669531 0.428472 0.020833 0.007812
2 0.417187 0.422917 0.015278 0.007812
