1 0.333333 0.476389 0.075000 0.032292
1 0.535156 0.403241 0.047222 0.023438
1 0.551302 0.389352 0.041667 0.016146
3 0.800521 0.435185 0.042593 0.015625
1 0.560677 0.343519 0.024074 0.010937
1 0.708594 0.363426 0.021296 0.009896
1 0.563802 0.325000 0.020370 0.007812
1 0.536719 0.312500 0.013889 0.005729
1 0.469792 0.302778 0.009259 0.005208
1 0.656250 0.331481 0.012963 0.005208
1 0.605729 0.315278 0.010185 0.005208
1 0.392188 0.298148 0.009259 0.005208
1 0.416667 0.295370 0.009259 0.005208
1 0.344271 0.294444 0.009259 0.005208
