0 0.247656 0.576389 0.023438 0.077778
0 0.724609 0.507639 0.017969 0.051389
0 0.683203 0.477083 0.013281 0.034722
0 0.336328 0.497917 0.013281 0.037500
0 0.372656 0.471528 0.007813 0.023611
1 0.558984 0.443750 0.008594 0.037500
1 0.528516 0.446528 0.010156 0.034722
1 0.390234 0.442361 0.007031 0.026389
0 0.590625 0.452083 0.007813 0.018056
1 0.364063 0.451389 0.007813 0.025000
0 0.686719 0.459028 0.007813 0.023611
0 0.496875 0.454167 0.007813 0.019444
0 0.405469 0.452778 0.007813 0.016667
0 0.694531 0.450694 0.007813 0.020833
0 0.484375 0.450000 0.007813 0.013889
0 0.480469 0.445833 0.007813 0.013889
0 0.389844 0.462500 0.007813 0.019444
0 0.627344 0.441667 0.007813 0.013889
