2 0.076250 0.540625 0.331250 0.115000
2 0.218125 0.275000 0.212500 0.088750
0 0.308750 0.573438 0.178125 0.055000
0 0.681250 0.595313 0.178125 0.057500
2 0.372500 0.407813 0.121875 0.035000
2 0.614375 0.325000 0.081250 0.026250
0 0.608750 0.434375 0.118750 0.035000
2 0.413125 0.332813 0.078125 0.021250
2 0.495625 0.282813 0.059375 0.016250
0 0.668750 0.171875 0.081250 0.022500
0 0.541875 0.268750 0.050000 0.013750
2 0.593125 0.262500 0.050000 0.013750
2 0.860625 0.234375 0.043750 0.011250
2 0.890000 0.225000 0.031250 0.010000
0 0.831250 0.242188 0.040625 0.012500
0 0.878125 0.229687 0.034375 0.008750
0 0.778750 0.248438 0.034375 0.012500
2 0.978125 0.315625 0.056250 0.013750
