1 0.411979 0.413889 0.020833 0.051852
1 0.769531 0.469444 0.021354 0.051852
1 0.730469 0.412963 0.013021 0.031481
1 0.533594 0.356944 0.010937 0.028704
1 0.712500 0.387037 0.010417 0.025926
1 0.724479 0.362037 0.006250 0.016667
1 0.673698 0.341667 0.005729 0.012963
1 0.598958 0.346759 0.007292 0.021296
1 0.613281 0.343056 0.007812 0.017593
1 0.602083 0.318981 0.005208 0.010185
1 0.571094 0.327315 0.005729 0.013889
1 0.573438 0.311111 0.005208 0.009259
1 0.715104 0.371759 0.008333 0.021296
1 0.530208 0.309722 0.005208 0.010185
