0 0.858984 0.636806 0.039844 0.112500
0 0.184766 0.892361 0.066406 0.173611
0 0.315234 0.552778 0.021094 0.052778
0 0.565625 0.486806 0.018750 0.048611
1 0.238281 0.531250 0.045312 0.126389
0 0.537891 0.469444 0.014844 0.041667
0 0.544922 0.456250 0.013281 0.031944
1 0.398438 0.431944 0.009375 0.027778
1 0.408984 0.431944 0.007031 0.025000
0 0.548047 0.440972 0.008594 0.026389
1 0.376563 0.439583 0.007812 0.023611
0 0.556641 0.434722 0.008594 0.022222
1 0.558594 0.425000 0.007812 0.019444
0 0.259375 0.538889 0.014063 0.050000
1 0.431641 0.427778 0.008594 0.025000
0 0.364844 0.441667 0.007812 0.022222
0 0.342187 0.445139 0.007812 0.015278
0 0.322656 0.448611 0.007812 0.013889
0 0.302344 0.452778 0.007812 0.013889
