0 0.083594 0.841667 0.225000 0.078125
0 0.296094 0.658333 0.122222 0.048438
0 0.361719 0.554861 0.056944 0.017188
0 0.416406 0.509028 0.026389 0.007813
2 0.396875 0.507639 0.020833 0.007813
0 0.495703 0.511111 0.030556 0.011719
0 0.443750 0.509028 0.029167 0.009375
0 0.368750 0.530556 0.038889 0.010937
0 0.266406 0.522917 0.020833 0.007813
0 0.314844 0.522222 0.025000 0.007813
0 0.349609 0.524306 0.031944 0.010156
1 0.139844 0.446528 0.170833 0.053125
0 0.557813 0.518750 0.037500 0.010937
2 0.651563 0.476389 0.013889 0.007813
2 0.514062 0.487500 0.013889 0.007813
