0 0.474609 0.442057 0.027344 0.015625
0 0.282471 0.516602 0.050130 0.029785
0 0.580322 0.413411 0.013021 0.011230
2 0.779053 0.475260 0.027344 0.020996
2 0.747803 0.433919 0.021484 0.013184
2 0.743164 0.417969 0.016927 0.009766
2 0.913086 0.569336 0.068359 0.036133
2 0.763184 0.407878 0.011068 0.008789
0 0.641602 0.399414 0.012370 0.006836
0 0.711426 0.393229 0.011719 0.005859
2 0.788574 0.402018 0.013672 0.006836
0 0.750488 0.392578 0.006510 0.004883
1 0.608887 0.386068 0.007812 0.008789
1 0.719482 0.388672 0.007812 0.008301
2 0.857910 0.397786 0.006510 0.005859
0 0.796875 0.392253 0.008464 0.004883
2 0.820801 0.397461 0.011068 0.006836
0 0.850342 0.393880 0.007812 0.005371
1 0.874023 0.391276 0.010417 0.004883
1 0.884521 0.393555 0.007161 0.008301
