0 0.322266 0.540278 0.016406 0.052778
0 0.820703 0.554861 0.025781 0.068056
0 0.698047 0.483333 0.014844 0.041667
0 0.376172 0.473611 0.008594 0.030556
0 0.674609 0.452083 0.010156 0.029167
1 0.543750 0.415972 0.010937 0.031944
1 0.573047 0.413889 0.008594 0.033333
1 0.417187 0.416667 0.007812 0.025000
0 0.684375 0.433333 0.007812 0.022222
0 0.695312 0.422917 0.007812 0.020833
0 0.404687 0.445833 0.007812 0.022222
1 0.392969 0.422917 0.007812 0.026389
0 0.600781 0.420139 0.007812 0.020833
0 0.514844 0.422917 0.007812 0.018056
