0 0.727344 0.525000 0.026562 0.072222
0 0.857812 0.608333 0.039062 0.105556
1 0.347266 0.540278 0.022656 0.066667
0 0.320703 0.634722 0.033594 0.091667
0 0.060156 0.604861 0.018750 0.048611
0 0.368359 0.506250 0.016406 0.045833
0 0.573438 0.455556 0.017188 0.041667
1 0.635547 0.475000 0.022656 0.061111
0 0.378125 0.476389 0.014063 0.036111
0 0.379297 0.458333 0.011719 0.027778
0 0.209766 0.929861 0.080469 0.137500
0 0.555469 0.440278 0.010937 0.033333
0 0.907422 0.464583 0.014844 0.048611
1 0.828125 0.440278 0.017188 0.047222
1 0.450391 0.445139 0.010156 0.026389
0 0.979297 0.438889 0.013281 0.038889
0 0.751563 0.423611 0.007812 0.033333
0 0.896875 0.420833 0.009375 0.033333
0 0.833594 0.411806 0.009375 0.029167
