0 0.347266 0.494444 0.013281 0.033333
0 0.290625 0.542361 0.018750 0.051389
0 0.669141 0.496528 0.014844 0.043056
1 0.545312 0.447222 0.010937 0.041667
0 0.646484 0.475000 0.010156 0.030556
0 0.572656 0.454167 0.007813 0.016667
1 0.516016 0.450694 0.011719 0.031944
0 0.486719 0.456250 0.007813 0.020833
0 0.657422 0.461111 0.008594 0.022222
0 0.375781 0.472917 0.007813 0.020833
0 0.667969 0.454861 0.007813 0.018056
0 0.389844 0.465972 0.007813 0.018056
1 0.364844 0.455556 0.007813 0.025000
0 0.403906 0.457639 0.007813 0.018056
0 0.689453 0.443750 0.008594 0.020833
