2 0.871094 0.511393 0.048828 0.025391
0 0.194336 0.489258 0.037109 0.019531
0 0.134521 0.886393 0.190755 0.113770
2 0.668701 0.460938 0.036458 0.019043
2 0.515381 0.453125 0.033854 0.016113
0 0.250732 0.556315 0.069661 0.036621
2 0.391602 0.444010 0.026042 0.015625
2 0.365967 0.432617 0.018880 0.010254
0 0.182373 0.457357 0.024089 0.011230
2 0.522217 0.412109 0.015625 0.008301
0 0.209473 0.443034 0.018880 0.010742
0 0.259277 0.430990 0.015625 0.008789
2 0.451416 0.420898 0.017578 0.009277
0 0.506592 0.406250 0.013021 0.007324
0 0.315430 0.423177 0.015625 0.008789
0 0.404785 0.415039 0.012370 0.006836
2 0.633789 0.407878 0.013672 0.006836
2 0.742432 0.405924 0.013672 0.006348
0 0.730957 0.398438 0.009115 0.004883
2 0.849121 0.403646 0.011719 0.006836
0 0.628418 0.401693 0.010417 0.004883
0 0.797852 0.398112 0.011068 0.005859
2 0.959961 0.402018 0.013672 0.006836
