0 0.076250 0.815625 0.231250 0.072500
0 0.174375 0.542188 0.128125 0.041250
2 0.501250 0.471875 0.075000 0.040000
2 0.420625 0.475000 0.068750 0.041250
0 0.219375 0.412500 0.081250 0.023750
2 0.072500 0.415625 0.068750 0.025000
2 0.014375 0.485938 0.084375 0.026250
0 0.363750 0.457813 0.071875 0.035000
2 0.470000 0.360938 0.053125 0.017500
0 0.509375 0.375000 0.062500 0.016250
2 0.151250 0.317188 0.034375 0.012500
2 0.103125 0.373437 0.053125 0.018750
0 0.222500 0.371875 0.062500 0.017500
0 0.547500 0.175000 0.075000 0.017500
1 0.791875 0.354687 0.115625 0.026250
2 0.498750 0.285938 0.065625 0.017500
0 0.223750 0.334375 0.037500 0.012500
0 0.211250 0.356250 0.050000 0.012500
2 0.090625 0.353125 0.043750 0.011250
2 0.119375 0.325000 0.031250 0.011250
2 0.522500 0.278125 0.062500 0.015000
2 0.435625 0.265625 0.043750 0.011250
0 0.468750 0.271875 0.050000 0.012500
0 0.230625 0.307812 0.034375 0.008750
2 0.107500 0.334375 0.031250 0.012500
0 0.200000 0.325000 0.031250 0.007500
0 0.262500 0.301563 0.034375 0.007500
2 0.170625 0.306250 0.031250 0.011250
0 0.458125 0.342187 0.046875 0.013750
2 0.386250 0.437500 0.062500 0.025000
2 0.047500 0.328125 0.025000 0.007500
2 0.093125 0.312500 0.025000 0.008750
2 0.083750 0.351562 0.040625 0.007500
2 0.209375 0.298438 0.028125 0.008750
0 0.288750 0.300000 0.031250 0.007500
0 0.306250 0.296875 0.025000 0.007500
0 0.206875 0.331250 0.031250 0.008750
