2 0.238281 0.603841 0.050781 0.091797
2 0.436035 0.457031 0.016602 0.029948
2 0.592529 0.460286 0.014160 0.032552
2 0.564209 0.433594 0.010254 0.020833
2 0.120850 0.502279 0.021973 0.037109
2 0.295898 0.432617 0.011719 0.020182
2 0.263184 0.421224 0.007813 0.013021
2 0.126465 0.440430 0.009766 0.016276
2 0.155518 0.423503 0.008301 0.013672
2 0.471191 0.413086 0.006836 0.013672
2 0.537598 0.400065 0.005859 0.011068
2 0.477783 0.402344 0.006348 0.011719
2 0.352051 0.406250 0.005859 0.010417
2 0.342285 0.391927 0.004883 0.007813
2 0.462158 0.397135 0.005371 0.010417
2 0.432129 0.394857 0.004883 0.008464
2 0.542725 0.408203 0.006348 0.013021
2 0.337891 0.395508 0.004883 0.007161
2 0.531738 0.393555 0.004883 0.009766
2 0.458252 0.389974 0.005371 0.009115
2 0.073975 0.433268 0.009277 0.016276
2 0.204834 0.411458 0.005371 0.010417
2 0.192871 0.405599 0.004883 0.009115
2 0.086182 0.421224 0.007324 0.013021
2 0.159912 0.419271 0.006348 0.011719
2 0.165771 0.409505 0.006348 0.011719
2 0.413086 0.390299 0.004883 0.008464
2 0.392090 0.394531 0.004883 0.007813
2 0.399414 0.385742 0.004883 0.007161
2 0.212402 0.402018 0.004883 0.008464
2 0.246826 0.403646 0.005371 0.009115
