0 0.237305 0.534180 0.060547 0.029297
0 0.086914 0.694661 0.114583 0.060547
2 0.699463 0.504557 0.054688 0.029785
2 0.966064 0.710612 0.126953 0.067871
0 0.157227 0.500000 0.042969 0.019531
2 0.107422 0.451172 0.022135 0.011719
2 0.540527 0.458984 0.032552 0.021484
2 0.248047 0.448568 0.026042 0.012695
2 0.420410 0.448568 0.029948 0.014648
0 0.060059 0.492839 0.035156 0.020508
2 0.764160 0.434245 0.023438 0.013672
2 0.717529 0.414714 0.018229 0.010254
2 0.856445 0.470703 0.035156 0.023438
2 0.674805 0.395833 0.011719 0.004883
2 0.004395 0.454427 0.020833 0.008789
0 0.913574 0.435547 0.024740 0.015625
0 0.831543 0.416667 0.019531 0.011719
0 0.795654 0.407227 0.016276 0.010254
