2 0.770996 0.547201 0.039062 0.072266
2 0.775146 0.480794 0.021973 0.041016
0 0.329834 0.528971 0.034668 0.060547
2 0.635742 0.468750 0.019531 0.039062
2 0.689697 0.452148 0.017090 0.038411
0 0.419434 0.458659 0.016602 0.034505
0 0.446289 0.439453 0.012695 0.027344
2 0.983643 0.559570 0.029785 0.072266
0 0.831543 0.457357 0.015625 0.033203
0 0.978271 0.486328 0.013184 0.032552
2 0.592773 0.443034 0.011719 0.025391
2 0.609863 0.432292 0.009766 0.022135
0 0.425781 0.430990 0.008789 0.015625
0 0.750244 0.442057 0.014160 0.023438
2 0.533203 0.427734 0.009766 0.019531
2 0.560547 0.432943 0.010742 0.020833
2 0.640137 0.438477 0.010742 0.022786
0 0.372070 0.431966 0.008789 0.017578
