2 0.721250 0.665625 0.212500 0.060000
2 0.294375 0.517188 0.146875 0.053750
2 0.416250 0.401562 0.096875 0.027500
2 0.684375 0.498437 0.146875 0.038750
0 0.713750 0.429688 0.090625 0.027500
2 0.586875 0.339062 0.046875 0.013750
2 0.524375 0.359375 0.062500 0.016250
2 0.764375 0.396875 0.075000 0.021250
0 0.210625 0.168750 0.131250 0.036250
0 0.793125 0.389062 0.065625 0.018750
2 0.491250 0.325000 0.062500 0.015000
0 0.598750 0.307812 0.040625 0.015000
1 0.533750 0.276562 0.034375 0.007500
2 0.623125 0.318750 0.043750 0.008750
2 0.508125 0.285938 0.040625 0.008750
1 0.655000 0.296875 0.037500 0.010000
2 0.678125 0.295312 0.040625 0.011250
2 0.555000 0.285938 0.046875 0.015000
0 0.786250 0.359375 0.050000 0.015000
0 0.704375 0.315625 0.037500 0.011250
2 0.746250 0.334375 0.043750 0.012500
1 0.642500 0.279687 0.034375 0.010000
