2 0.739014 0.530599 0.058594 0.031738
2 0.416016 0.449219 0.028646 0.014648
2 0.599609 0.440104 0.024740 0.014648
2 0.793213 0.469727 0.033203 0.018066
2 0.344482 0.505859 0.052083 0.033691
2 0.576660 0.424479 0.019531 0.010742
2 0.446045 0.423503 0.017578 0.009277
2 0.559814 0.411784 0.014974 0.007324
2 0.552246 0.405924 0.012370 0.005859
2 0.459229 0.411458 0.014323 0.008301
2 0.738770 0.433919 0.021484 0.012695
2 0.725342 0.419596 0.017578 0.010254
2 0.469238 0.403320 0.012370 0.005859
2 0.487549 0.396159 0.009766 0.005371
2 0.597412 0.416016 0.016927 0.009277
2 0.543945 0.401042 0.010417 0.004883
2 0.512207 0.392904 0.008464 0.004883
2 0.852051 0.433594 0.016927 0.009766
2 0.873047 0.434896 0.015625 0.009766
2 0.710938 0.406576 0.011068 0.005859
2 0.770264 0.401042 0.010417 0.006348
2 0.901611 0.418620 0.014323 0.008301
2 0.660156 0.394857 0.008464 0.004883
2 0.646240 0.391276 0.009115 0.005371
2 0.571777 0.391276 0.009115 0.004883
2 0.599121 0.393555 0.009766 0.004883
2 0.547852 0.397461 0.009766 0.004883
2 0.608887 0.391276 0.009115 0.004883
2 0.920654 0.414714 0.011719 0.007324
2 0.822754 0.406250 0.010417 0.006836
2 0.701660 0.391927 0.009115 0.004883
2 0.853760 0.405273 0.011068 0.006348
2 0.801758 0.398763 0.008464 0.004883
2 0.757813 0.394206 0.007161 0.004883
2 0.537109 0.390299 0.012370 0.004883
2 0.473145 0.400716 0.009766 0.004883
2 0.713135 0.397135 0.009115 0.006348
