2 0.734619 0.520182 0.042969 0.033691
2 0.818848 0.482422 0.040365 0.022461
2 0.645264 0.452148 0.031901 0.016113
2 0.585693 0.416992 0.029297 0.012207
0 0.414062 0.456055 0.031901 0.017578
0 0.448242 0.430990 0.014323 0.011719
2 0.608154 0.431641 0.023438 0.012207
2 0.703613 0.437174 0.022786 0.010742
2 0.657227 0.424479 0.010417 0.010742
0 0.879395 0.449870 0.020833 0.020508
0 0.344482 0.523438 0.062500 0.033691
0 0.460693 0.413411 0.014323 0.005371
0 0.458252 0.419271 0.016927 0.008301
0 0.754395 0.419596 0.013672 0.005859
0 0.780762 0.427409 0.018880 0.010742
0 0.687500 0.411784 0.011068 0.005859
2 0.631592 0.414714 0.014323 0.007324
0 0.548584 0.405599 0.010417 0.006348
2 0.572754 0.415039 0.012370 0.007812
