0 0.296631 0.513997 0.047526 0.027832
2 0.679443 0.502279 0.050130 0.027832
2 0.566650 0.439779 0.022786 0.011230
0 0.400879 0.444010 0.022135 0.011719
2 0.537598 0.422852 0.014974 0.007813
1 0.550537 0.424154 0.029297 0.009277
1 0.411377 0.430339 0.029948 0.012207
1 0.415283 0.426432 0.029948 0.010254
1 0.555420 0.428060 0.030599 0.012207
0 0.441162 0.411458 0.009115 0.005371
2 0.527588 0.415690 0.012370 0.007324
0 0.426514 0.424154 0.014974 0.008301
0 0.456543 0.407552 0.009115 0.004883
2 0.512695 0.408854 0.010417 0.005859
0 0.431885 0.416992 0.012370 0.005371
2 0.525391 0.405924 0.009766 0.004883
2 0.515137 0.403320 0.009766 0.004883
0 0.470703 0.404948 0.006510 0.004883
2 0.501953 0.401042 0.006510 0.004883
2 0.494629 0.399740 0.006510 0.004883
0 0.466797 0.402344 0.006510 0.004883
