1 0.290625 0.468981 0.031250 0.075000
1 0.475781 0.420833 0.022396 0.063889
1 0.654948 0.395833 0.010937 0.034259
1 0.891667 0.777315 0.063542 0.152778
2 0.873698 0.544444 0.025521 0.068519
1 0.498958 0.345370 0.009375 0.027778
1 0.235677 0.355556 0.013021 0.033333
1 0.740625 0.396296 0.010417 0.025926
1 0.944792 0.478704 0.012500 0.037037
1 0.135417 0.349537 0.011458 0.030556
1 0.232813 0.328704 0.011458 0.024074
1 0.305729 0.327778 0.011458 0.024074
1 0.840625 0.413426 0.008333 0.021296
1 0.877083 0.417593 0.006250 0.018519
1 0.899740 0.417593 0.005729 0.014815
1 0.958073 0.464352 0.007813 0.025000
