2 0.321533 0.510091 0.030762 0.054036
2 0.402588 0.458984 0.018066 0.031250
2 0.739746 0.548828 0.040039 0.067708
2 0.378174 0.433919 0.013184 0.024089
2 0.466064 0.414063 0.009277 0.015625
2 0.625977 0.455404 0.014648 0.027995
2 0.586670 0.426758 0.009277 0.017578
2 0.487549 0.404948 0.006348 0.010417
2 0.573975 0.415365 0.007324 0.013021
2 0.564941 0.409505 0.005859 0.011719
2 0.496094 0.402995 0.004883 0.009115
2 0.555664 0.404622 0.004883 0.008464
2 0.031006 0.450846 0.020020 0.025391
2 0.118896 0.421224 0.012207 0.016927
2 0.073486 0.408854 0.007324 0.014323
2 0.144775 0.406250 0.007324 0.014323
2 0.207764 0.402669 0.006348 0.011068
2 0.354248 0.404297 0.008301 0.013021
