2 0.260156 0.592361 0.035937 0.084722
2 0.616016 0.440972 0.014844 0.040278
2 0.793359 0.624306 0.035156 0.098611
2 0.697656 0.495139 0.015625 0.048611
2 0.412500 0.461111 0.015625 0.038889
2 0.399609 0.429861 0.011719 0.026389
2 0.535547 0.411111 0.013281 0.027778
2 0.365625 0.402778 0.007812 0.013889
2 0.364844 0.419444 0.007812 0.019444
2 0.317188 0.418750 0.007812 0.015278
2 0.439844 0.402083 0.007812 0.015278
2 0.811719 0.425000 0.007812 0.019444
2 0.236719 0.424306 0.009375 0.020833
2 0.897266 0.447917 0.008594 0.020833
2 0.139844 0.440278 0.007812 0.019444
2 0.158594 0.428472 0.007812 0.015278
2 0.891406 0.447917 0.007812 0.020833
2 0.045312 0.450694 0.007812 0.015278
2 0.283594 0.409028 0.007812 0.015278
2 0.883594 0.438889 0.009375 0.036111
2 0.036719 0.463194 0.007812 0.018056
