1 0.358854 0.459722 0.078704 0.029167
1 0.693750 0.444907 0.071296 0.023958
1 0.426823 0.376852 0.038889 0.010937
1 0.626563 0.374074 0.035185 0.014583
1 0.426563 0.331944 0.021296 0.009375
1 0.450000 0.345370 0.024074 0.009375
1 0.391146 0.333333 0.016667 0.007292
1 0.586979 0.339815 0.027778 0.011458
1 0.557552 0.331019 0.023148 0.010937
1 0.347656 0.335648 0.017593 0.007813
1 0.356250 0.318056 0.013889 0.005208
1 0.262240 0.329167 0.013889 0.005729
1 0.250000 0.342593 0.016667 0.007292
1 0.466927 0.315741 0.014815 0.005729
1 0.166667 0.341667 0.012963 0.005208
1 0.165885 0.353704 0.018519 0.006771
1 0.038021 0.381481 0.018519 0.007292
1 0.072656 0.362500 0.015741 0.005729
1 0.523177 0.320833 0.015741 0.006771
1 0.453906 0.337963 0.020370 0.006771
