2 0.673125 0.482812 0.121875 0.038750
0 0.406875 0.435937 0.103125 0.033750
2 0.480625 0.314063 0.059375 0.021250
0 0.653125 0.350000 0.068750 0.021250
2 0.715000 0.312500 0.056250 0.017500
2 0.554375 0.282813 0.040625 0.011250
2 0.966250 0.337500 0.056250 0.017500
2 0.100625 0.364063 0.071875 0.026250
0 0.829375 0.310937 0.040625 0.016250
0 0.631875 0.282813 0.046875 0.016250
2 0.329375 0.273438 0.046875 0.011250
0 0.468125 0.265625 0.037500 0.011250
0 0.360625 0.260937 0.034375 0.011250
2 0.733125 0.276562 0.040625 0.011250
0 0.755000 0.259375 0.031250 0.010000
0 0.405000 0.243750 0.031250 0.012500
