1 0.310000 0.817187 0.240625 0.065000
2 0.460000 0.404687 0.071875 0.025000
2 0.411250 0.571875 0.137500 0.040000
0 0.582500 0.340625 0.056250 0.015000
2 0.486250 0.348438 0.059375 0.017500
0 0.606875 0.478125 0.106250 0.028750
2 0.496875 0.332813 0.046875 0.013750
2 0.606250 0.392188 0.078125 0.025000
2 0.205000 0.318750 0.043750 0.012500
2 0.335000 0.296875 0.037500 0.010000
0 0.083125 0.360938 0.059375 0.021250
2 0.103750 0.314063 0.040625 0.010000
2 0.152500 0.295312 0.034375 0.010000
2 0.271250 0.293750 0.031250 0.007500
