2 0.848633 0.686849 0.128906 0.077148
2 0.300537 0.513346 0.052734 0.030762
2 0.581299 0.449219 0.027344 0.014160
2 0.630859 0.489258 0.042318 0.024414
2 0.428467 0.437500 0.020833 0.013184
2 0.552246 0.430664 0.016276 0.009766
2 0.141846 0.456706 0.025391 0.017090
2 0.308105 0.432943 0.016927 0.011719
2 0.451904 0.428385 0.016927 0.009277
2 0.377930 0.424479 0.011719 0.006836
2 0.466797 0.417969 0.010417 0.004883
2 0.544434 0.423503 0.012370 0.005859
2 0.539307 0.420247 0.011068 0.005371
2 0.536133 0.416667 0.010417 0.004883
2 0.126465 0.441732 0.014974 0.008789
2 0.531250 0.411458 0.010417 0.004883
2 0.524902 0.409505 0.009115 0.004883
2 0.398193 0.418620 0.010417 0.005371
