1 0.111572 0.445638 0.010254 0.016276
1 0.157715 0.426432 0.007813 0.011719
1 0.190918 0.431966 0.007813 0.013672
1 0.239014 0.424154 0.007324 0.012370
1 0.285156 0.416016 0.004883 0.009115
1 0.207275 0.418945 0.005371 0.009766
1 0.251953 0.412760 0.004883 0.007813
1 0.319092 0.410482 0.005371 0.009766
1 0.360352 0.403320 0.004883 0.009766
1 0.341797 0.406576 0.004883 0.008464
1 0.381836 0.399740 0.004883 0.006510
1 0.093506 0.435221 0.008301 0.013672
1 0.309570 0.404297 0.004883 0.009115
1 0.371338 0.401367 0.005371 0.007161
1 0.288086 0.408203 0.004883 0.006510
1 0.340332 0.399740 0.004883 0.007813
1 0.326660 0.402344 0.004883 0.007813
1 0.351074 0.398112 0.004883 0.007161
1 0.364746 0.395508 0.004883 0.008464
1 0.390137 0.397135 0.004883 0.006510
