2 0.614258 0.473307 0.020508 0.041667
2 0.768066 0.445638 0.016602 0.025391
2 0.308838 0.596680 0.051270 0.082682
2 0.420898 0.466797 0.021484 0.035156
2 0.582764 0.423828 0.010254 0.019531
2 0.788818 0.427409 0.011230 0.021484
2 0.471191 0.414714 0.008789 0.015625
2 0.573486 0.413737 0.009277 0.016276
2 0.651123 0.408854 0.009277 0.014323
2 0.960205 0.417969 0.008301 0.013021
2 0.905273 0.421875 0.008789 0.014323
2 0.546875 0.398112 0.004883 0.009766
2 0.704346 0.402018 0.006348 0.011068
2 0.844727 0.411133 0.005859 0.009766
2 0.477539 0.407227 0.005859 0.013672
2 0.550781 0.400065 0.004883 0.011068
2 0.614258 0.398438 0.004883 0.007813
2 0.890869 0.411133 0.005371 0.011068
2 0.489746 0.398763 0.004883 0.009766
2 0.788574 0.402669 0.004883 0.007161
