0 0.226807 0.651693 0.101562 0.057129
0 0.217285 0.521810 0.051432 0.030273
2 0.685303 0.470703 0.037760 0.022949
2 0.954834 0.539062 0.059896 0.039551
2 0.539307 0.454427 0.020833 0.022949
2 0.409180 0.444010 0.026042 0.015625
0 0.121582 0.482747 0.034505 0.020508
2 0.291260 0.441406 0.022135 0.012207
0 0.088623 0.461914 0.018880 0.015137
0 0.106201 0.445312 0.019531 0.010254
2 0.266846 0.432292 0.020833 0.011230
0 0.299316 0.415690 0.011068 0.004883
0 0.153564 0.434570 0.016276 0.009277
0 0.210449 0.425456 0.013672 0.007812
2 0.343262 0.420573 0.013021 0.011719
2 0.412109 0.409831 0.013672 0.006836
2 0.515625 0.403646 0.011719 0.007812
0 0.511719 0.397461 0.009766 0.004883
2 0.619629 0.398763 0.011068 0.005859
0 0.394775 0.407227 0.008464 0.008301
1 0.451904 0.393880 0.010417 0.005371
0 0.605469 0.393229 0.010417 0.007812
0 0.664795 0.391276 0.009115 0.006348
0 0.747070 0.390299 0.008464 0.006836
1 0.835938 0.388672 0.013021 0.007812
2 0.795166 0.394206 0.012370 0.006348
1 0.893799 0.391927 0.014323 0.007324
1 0.846680 0.388672 0.013021 0.005859
2 0.704346 0.396484 0.009115 0.009277
2 0.865967 0.393880 0.009115 0.005371
