0 0.139404 0.747396 0.096191 0.148438
0 0.358398 0.514648 0.026367 0.059245
2 0.713623 0.509440 0.028809 0.055339
2 0.614258 0.450846 0.019531 0.030599
2 0.577148 0.427734 0.012695 0.020833
2 0.561035 0.413411 0.009766 0.016927
0 0.421631 0.450195 0.016113 0.027995
0 0.446777 0.427734 0.013672 0.022135
2 0.652588 0.419596 0.010254 0.018880
2 0.747314 0.430339 0.010254 0.018229
2 0.549805 0.404622 0.006836 0.011068
2 0.613525 0.411784 0.009277 0.014974
2 0.849121 0.437174 0.010742 0.020182
2 0.587646 0.402344 0.006348 0.011719
0 0.831299 0.420573 0.009277 0.016927
0 0.464355 0.407552 0.005859 0.013021
0 0.700684 0.409505 0.006836 0.011719
2 0.970947 0.437174 0.010254 0.018880
0 0.646484 0.398112 0.004883 0.008464
2 0.577148 0.397786 0.004883 0.010417
0 0.666260 0.402669 0.005371 0.011068
0 0.461914 0.415039 0.008789 0.014974
0 0.873535 0.420898 0.008789 0.014974
0 0.749268 0.416016 0.007324 0.015625
2 0.541504 0.397135 0.004883 0.010417
2 0.561035 0.393555 0.004883 0.008464
2 0.544922 0.400716 0.005859 0.009766
