0 0.347900 0.475586 0.042318 0.021973
2 0.766602 0.509766 0.052083 0.029297
2 0.675537 0.430013 0.021484 0.010254
2 0.678223 0.450521 0.027344 0.014648
0 0.502930 0.416341 0.018880 0.009766
0 0.412598 0.437174 0.029297 0.013672
2 0.691895 0.414388 0.018880 0.009766
0 0.638672 0.391927 0.011719 0.004883
0 0.580811 0.400065 0.012370 0.006348
2 0.704834 0.405924 0.012370 0.006348
2 0.733643 0.399740 0.011719 0.005371
2 0.763184 0.396159 0.009766 0.004883
0 0.703613 0.389648 0.008464 0.004883
0 0.739746 0.388997 0.008464 0.004883
2 0.799072 0.394206 0.009766 0.006348
2 0.837158 0.393555 0.009766 0.005371
