0 0.282471 0.582031 0.046387 0.079427
0 0.435303 0.466797 0.017090 0.035156
2 0.724609 0.478190 0.020508 0.035807
2 0.685059 0.442057 0.012695 0.023438
1 0.314941 0.437500 0.021484 0.015625
0 0.518066 0.433919 0.010742 0.020182
2 0.699707 0.431966 0.009766 0.020182
2 0.722168 0.425456 0.009766 0.017578
2 0.787354 0.423503 0.006348 0.013672
0 0.580811 0.421549 0.009277 0.017578
0 0.632813 0.417969 0.005859 0.013021
2 0.843262 0.425456 0.006836 0.012370
0 0.697266 0.415690 0.006836 0.013672
0 0.898926 0.426432 0.004883 0.010417
0 0.835205 0.421224 0.005371 0.009115
2 0.912598 0.430013 0.005859 0.011068
0 0.768555 0.417318 0.004883 0.009115
0 0.889404 0.419596 0.005371 0.007161
0 0.933105 0.426758 0.004883 0.009766
1 0.655029 0.408203 0.006348 0.013021
2 0.706543 0.406901 0.004883 0.006510
