1 0.355990 0.395833 0.017188 0.045370
1 0.596094 0.375463 0.016146 0.041667
1 0.315104 0.433333 0.022917 0.059259
1 0.329688 0.374537 0.014583 0.037963
1 0.533073 0.338426 0.013021 0.032407
1 0.441406 0.325926 0.010937 0.027778
1 0.279687 0.370833 0.013542 0.034259
1 0.223698 0.368981 0.010937 0.032407
1 0.670833 0.441204 0.027083 0.056481
1 0.007292 0.388889 0.009375 0.024074
1 0.104948 0.374074 0.008854 0.024074
1 0.163281 0.343056 0.007812 0.019444
1 0.053125 0.356944 0.007292 0.019444
1 0.288281 0.324537 0.007812 0.019444
1 0.784115 0.350463 0.010937 0.023148
1 0.734896 0.325926 0.011458 0.018519
1 0.758333 0.332407 0.009375 0.029630
1 0.666667 0.303704 0.007292 0.016667
1 0.628385 0.307870 0.007812 0.019444
1 0.710417 0.308796 0.008333 0.025000
1 0.848698 0.339352 0.005729 0.019444
1 0.834115 0.333796 0.007812 0.021296
1 0.860938 0.344907 0.006250 0.025000
1 0.688542 0.311574 0.006250 0.025000
1 0.811458 0.325463 0.005208 0.015741
1 0.873958 0.351852 0.010417 0.024074
1 0.617188 0.297222 0.008333 0.016667
