0 0.112500 0.673438 0.203125 0.075000
0 0.407500 0.407813 0.084375 0.027500
2 0.753750 0.385937 0.078125 0.025000
2 0.706875 0.417187 0.096875 0.031250
2 0.667500 0.493750 0.131250 0.040000
0 0.833125 0.379688 0.071875 0.026250
2 0.941875 0.392188 0.065625 0.023750
2 0.526250 0.334375 0.056250 0.017500
2 0.758750 0.312500 0.037500 0.012500
0 0.760000 0.271875 0.031250 0.007500
2 0.590000 0.314063 0.053125 0.017500
2 0.666875 0.290625 0.037500 0.011250
2 0.682500 0.310937 0.046875 0.012500
2 0.830000 0.310937 0.040625 0.012500
0 0.505000 0.187500 0.056250 0.015000
0 0.809375 0.290625 0.031250 0.011250
1 0.739375 0.259375 0.031250 0.008750
0 0.973125 0.331250 0.037500 0.011250
1 0.915000 0.301563 0.040625 0.012500
2 0.685000 0.190625 0.031250 0.010000
0 0.873125 0.279687 0.034375 0.008750
2 0.707500 0.259375 0.031250 0.007500
2 0.954375 0.307812 0.040625 0.013750
2 0.940625 0.295312 0.040625 0.013750
2 0.848750 0.909375 0.175000 0.092500
