0 0.926172 0.536111 0.022656 0.063889
0 0.417187 0.487500 0.012500 0.038889
0 0.324609 0.574306 0.025781 0.079167
1 0.633984 0.431250 0.016406 0.054167
1 0.673438 0.427083 0.015625 0.054167
0 0.447266 0.456944 0.008594 0.027778
0 0.572266 0.430556 0.008594 0.022222
0 0.591016 0.440278 0.008594 0.027778
1 0.452344 0.429861 0.010937 0.043056
0 0.473047 0.437500 0.008594 0.025000
0 0.868750 0.472222 0.017188 0.038889
0 0.856641 0.450694 0.011719 0.029167
0 0.713672 0.439583 0.010156 0.026389
1 0.420703 0.437500 0.014844 0.041667
0 0.850781 0.425000 0.007812 0.022222
0 0.759375 0.409028 0.007812 0.018056
0 0.745313 0.420139 0.007812 0.018056
0 0.565625 0.417361 0.007812 0.020833
0 0.486719 0.423611 0.007812 0.022222
0 0.496094 0.415278 0.007812 0.016667
0 0.774219 0.402778 0.007812 0.019444
