2 0.099121 0.721680 0.088867 0.134766
2 0.849365 0.619792 0.055176 0.095052
2 0.375000 0.478841 0.020508 0.039714
2 0.586914 0.433594 0.011719 0.020833
2 0.685547 0.496419 0.023438 0.043620
2 0.751221 0.456055 0.014160 0.026693
2 0.424805 0.439128 0.012695 0.024089
2 0.448486 0.418294 0.007324 0.016276
2 0.588379 0.414714 0.007813 0.016927
2 0.459961 0.409505 0.005859 0.013021
2 0.715088 0.430013 0.011230 0.020182
2 0.553467 0.410156 0.006348 0.014323
2 0.568115 0.419596 0.008301 0.016276
2 0.547363 0.404297 0.005859 0.014323
2 0.822998 0.429362 0.008301 0.014974
2 0.707520 0.416016 0.004883 0.011719
2 0.842041 0.430990 0.007324 0.015625
2 0.874512 0.416992 0.006836 0.012370
2 0.697754 0.405273 0.004883 0.009766
