2 0.874512 0.582357 0.076172 0.044922
2 0.485107 0.467122 0.034505 0.019043
0 0.207764 0.598958 0.079427 0.045410
2 0.633057 0.489583 0.045573 0.024902
0 0.144287 0.521159 0.044922 0.027832
2 0.293213 0.458659 0.031901 0.016113
0 0.070313 0.509440 0.041016 0.021484
2 0.156006 0.454427 0.022135 0.014160
2 0.904785 0.458008 0.031901 0.017578
2 0.836182 0.431966 0.025391 0.011230
2 0.792725 0.416016 0.018229 0.009277
0 0.835449 0.402669 0.013672 0.005859
0 0.925293 0.423177 0.018229 0.007813
2 0.071045 0.454102 0.018880 0.010254
0 0.980225 0.434570 0.024089 0.011230
0 0.888184 0.415690 0.016276 0.007813
2 0.773438 0.407227 0.016276 0.006836
0 0.856689 0.407227 0.012370 0.005371
0 0.805176 0.394531 0.009115 0.004883
0 0.816406 0.397461 0.009766 0.004883
0 0.791016 0.391927 0.009115 0.004883
2 0.757324 0.400065 0.012370 0.004883
0 0.765625 0.389974 0.006510 0.004883
0 0.772461 0.390625 0.006510 0.004883
0 0.765625 0.384115 0.006510 0.004883
0 0.770508 0.384766 0.006510 0.004883
