2 0.340820 0.537435 0.036133 0.059245
2 0.422363 0.463216 0.017578 0.030599
2 0.452637 0.440430 0.011719 0.020182
2 0.621826 0.452148 0.015137 0.027995
2 0.568604 0.427409 0.008301 0.013672
2 0.562744 0.423503 0.007324 0.012370
2 0.605957 0.421224 0.006836 0.011719
2 0.466309 0.427083 0.007813 0.015625
2 0.475098 0.420898 0.006836 0.012370
2 0.624268 0.432617 0.008301 0.017578
2 0.768555 0.430013 0.006836 0.013672
2 0.778320 0.426107 0.006836 0.012370
2 0.549805 0.416667 0.004883 0.009115
2 0.680176 0.417969 0.004883 0.009115
2 0.481689 0.416016 0.005371 0.011719
2 0.545410 0.413086 0.004883 0.009766
2 0.558350 0.412109 0.005371 0.007813
2 0.934082 0.441406 0.010742 0.019531
2 0.687500 0.417969 0.004883 0.010417
2 0.613770 0.416667 0.004883 0.009115
2 0.541016 0.410482 0.004883 0.008464
2 0.858398 0.423828 0.008789 0.014323
2 0.501465 0.403646 0.004883 0.006510
2 0.752441 0.413086 0.004883 0.008464
2 0.944824 0.435547 0.008789 0.015625
2 0.883545 0.430339 0.006348 0.013021
2 0.812012 0.423828 0.005859 0.010417
2 0.729736 0.414714 0.005371 0.009115
2 0.625732 0.413737 0.006348 0.009766
2 0.676758 0.406901 0.004883 0.006510
2 0.632324 0.408854 0.004883 0.006510
2 0.612793 0.403646 0.004883 0.006510
2 0.486816 0.412109 0.004883 0.007813
2 0.489258 0.409505 0.004883 0.007813
2 0.492188 0.405924 0.004883 0.008464
2 0.573242 0.403646 0.004883 0.006510
2 0.703125 0.409180 0.004883 0.008464
2 0.645996 0.404948 0.004883 0.006510
2 0.517090 0.403320 0.004883 0.007161
