0 0.060000 0.835938 0.253125 0.077500
2 0.716875 0.573438 0.159375 0.046250
2 0.396250 0.434375 0.106250 0.032500
2 0.485625 0.370312 0.084375 0.026250
2 0.718750 0.462500 0.100000 0.035000
0 0.767500 0.421875 0.093750 0.030000
2 0.583750 0.345313 0.059375 0.017500
2 0.648125 0.337500 0.056250 0.013750
2 0.691875 0.318750 0.043750 0.011250
2 0.839375 0.390625 0.106250 0.031250
0 0.347500 0.190625 0.100000 0.027500
0 0.668125 0.304688 0.040625 0.011250
1 0.736875 0.301563 0.040625 0.013750
0 0.883750 0.389062 0.078125 0.027500
0 0.791875 0.317188 0.040625 0.011250
0 0.622500 0.285938 0.034375 0.010000
2 0.602500 0.279687 0.034375 0.010000
2 0.766250 0.301563 0.046875 0.017500
2 0.556250 0.318750 0.043750 0.012500
2 0.850000 0.928125 0.137500 0.065000
