0 0.977295 0.452474 0.020833 0.008301
0 0.984131 0.466471 0.024089 0.017090
0 0.932129 0.439453 0.016927 0.011719
2 0.939453 0.426107 0.013672 0.006836
0 0.882568 0.428060 0.013672 0.008301
0 0.853027 0.421549 0.013672 0.007812
0 0.420166 0.410482 0.016276 0.008301
2 0.980225 0.434245 0.014323 0.008301
0 0.831055 0.414714 0.009115 0.006836
2 0.902344 0.417318 0.011719 0.006836
0 0.808838 0.410482 0.009766 0.005371
2 0.850342 0.408529 0.008464 0.005371
2 0.821533 0.406250 0.007812 0.005371
2 0.835449 0.407227 0.007161 0.004883
2 0.871826 0.411133 0.009766 0.006348
