0 0.741250 0.518750 0.087500 0.050000
2 0.225000 0.545312 0.103125 0.035000
2 0.066875 0.740625 0.168750 0.056250
0 0.738125 0.421875 0.068750 0.038750
2 0.665625 0.387500 0.081250 0.026250
2 0.409375 0.425000 0.050000 0.021250
2 0.489375 0.334375 0.043750 0.011250
2 0.471875 0.351562 0.053125 0.011250
0 0.624375 0.350000 0.043750 0.011250
0 0.682500 0.325000 0.037500 0.017500
2 0.416250 0.343750 0.056250 0.010000
2 0.498125 0.317188 0.034375 0.008750
2 0.623125 0.250000 0.031250 0.008750
0 0.446250 0.323437 0.028125 0.015000
2 0.506250 0.309375 0.037500 0.007500
