2 0.672607 0.545898 0.039551 0.068359
2 0.092773 0.655273 0.073242 0.100911
2 0.355469 0.439128 0.013672 0.024089
2 0.150146 0.467448 0.018066 0.032552
2 0.542236 0.453451 0.018066 0.031901
2 0.381348 0.417318 0.008789 0.015625
2 0.501953 0.426432 0.010742 0.020833
2 0.388916 0.406576 0.005371 0.012370
2 0.260742 0.416667 0.008789 0.014323
2 0.019531 0.425781 0.007813 0.013021
2 0.110107 0.411133 0.005371 0.009766
2 0.058594 0.415690 0.004883 0.011068
2 0.079834 0.430339 0.010254 0.014323
2 0.201660 0.411458 0.006836 0.010417
2 0.464600 0.404297 0.005371 0.011719
