2 0.430469 0.345139 0.020313 0.051389
0 0.408984 0.339583 0.016406 0.045833
0 0.321875 0.282639 0.009375 0.023611
2 0.673438 0.385417 0.015625 0.043056
0 0.432812 0.280556 0.010937 0.027778
0 0.058594 0.610417 0.039063 0.129167
2 0.513281 0.283333 0.007813 0.019444
2 0.631250 0.324306 0.007813 0.020833
2 0.646094 0.312500 0.007813 0.013889
2 0.108203 0.643056 0.047656 0.141667
2 0.626563 0.315972 0.007813 0.020833
2 0.575000 0.288889 0.007813 0.013889
2 0.682813 0.319444 0.007813 0.013889
2 0.787500 0.356250 0.007813 0.018056
2 0.749219 0.341667 0.007813 0.013889
2 0.717969 0.330556 0.007813 0.013889
2 0.673438 0.312500 0.007813 0.013889
2 0.620703 0.297222 0.008594 0.016667
