2 0.373779 0.500651 0.049479 0.031738
2 0.561035 0.463867 0.042318 0.021484
2 0.731445 0.435221 0.020182 0.012695
2 0.876221 0.489583 0.041667 0.023926
2 0.766113 0.430339 0.026042 0.009766
2 0.789551 0.425456 0.017578 0.010742
2 0.874268 0.469401 0.028646 0.017090
2 0.885742 0.458008 0.024089 0.013672
2 0.819092 0.420247 0.013672 0.007324
2 0.846924 0.414714 0.010417 0.006348
2 0.915283 0.432292 0.016927 0.011230
2 0.860840 0.414063 0.015625 0.006836
2 0.928223 0.423177 0.014323 0.007813
2 0.873047 0.411133 0.009766 0.004883
2 0.882813 0.409505 0.009115 0.004883
2 0.890625 0.408854 0.007813 0.004883
1 0.255859 0.417643 0.011068 0.015625
1 0.412842 0.405273 0.009766 0.014160
1 0.568848 0.396484 0.009115 0.008789
