2 0.785645 0.597331 0.063151 0.054688
2 0.504639 0.455404 0.033203 0.017090
0 0.247559 0.516927 0.048177 0.027344
0 0.165771 0.623698 0.089844 0.059082
2 0.637939 0.485026 0.052083 0.024902
2 0.782959 0.459310 0.037109 0.021973
0 0.060303 0.490560 0.031901 0.020996
2 0.394287 0.446615 0.027344 0.017090
2 0.229980 0.448893 0.025391 0.014648
2 0.981201 0.554688 0.071615 0.036621
0 0.145020 0.493815 0.027995 0.031250
2 0.711182 0.430013 0.024089 0.012207
0 0.973145 0.465820 0.026693 0.024414
0 0.843262 0.429362 0.022786 0.010742
0 0.776611 0.414388 0.017578 0.010254
0 0.702148 0.395182 0.014323 0.005859
0 0.721924 0.402018 0.009766 0.008301
2 0.672607 0.416016 0.013021 0.009277
2 0.645020 0.403971 0.013672 0.006836
0 0.744385 0.405924 0.013672 0.006348
2 0.633301 0.397786 0.011719 0.006836
2 0.623535 0.393229 0.007812 0.007812
0 0.674072 0.388997 0.008464 0.005371
0 0.688477 0.392253 0.012370 0.005859
2 0.616699 0.388021 0.010417 0.004883
0 0.664795 0.386068 0.006510 0.005371
0 0.655273 0.384766 0.006510 0.004883
0 0.646484 0.383464 0.006510 0.004883
2 0.081543 0.456055 0.013672 0.015625
