2 0.701416 0.547201 0.065755 0.036621
2 0.563965 0.464193 0.033854 0.016602
0 0.259277 0.545247 0.059245 0.032227
2 0.726074 0.482096 0.043620 0.020508
2 0.507812 0.442383 0.025391 0.010742
2 0.980957 0.574544 0.067057 0.035156
2 0.622314 0.452474 0.027344 0.014160
0 0.341553 0.470052 0.031250 0.016113
2 0.406982 0.430664 0.022786 0.012207
0 0.326904 0.442383 0.025391 0.011230
0 0.352051 0.449544 0.022786 0.012695
2 0.468750 0.431641 0.022135 0.009766
0 0.902100 0.479492 0.033203 0.020020
0 0.761230 0.452474 0.027344 0.011719
2 0.535400 0.427083 0.019531 0.009277
0 0.677979 0.436849 0.020833 0.008301
0 0.617920 0.424805 0.017578 0.009277
0 0.256592 0.444010 0.020833 0.010254
0 0.190918 0.445964 0.023438 0.011719
2 0.344482 0.431315 0.018880 0.009277
2 0.570068 0.436523 0.022786 0.011230
2 0.008789 0.449219 0.019531 0.010742
0 0.044922 0.455404 0.017578 0.011719
2 0.126709 0.441406 0.019531 0.010254
2 0.240967 0.435547 0.018229 0.010254
0 0.556641 0.413737 0.014974 0.007812
2 0.511230 0.420247 0.016276 0.006836
2 0.492676 0.416016 0.014323 0.005859
0 0.583740 0.417969 0.014323 0.007324
2 0.477295 0.411133 0.012370 0.006348
0 0.542236 0.410482 0.013672 0.006348
0 0.528809 0.407878 0.012370 0.004883
0 0.519043 0.405924 0.012370 0.005859
