2 0.043750 0.756250 0.057813 0.137500
2 0.355859 0.524306 0.019531 0.051389
2 0.667969 0.481250 0.012500 0.037500
2 0.934375 0.891667 0.059375 0.180556
2 0.699219 0.543056 0.021875 0.063889
2 0.432812 0.434028 0.007812 0.020833
2 0.615234 0.446528 0.008594 0.023611
2 0.445703 0.458333 0.008594 0.025000
2 0.399219 0.426389 0.007812 0.013889
2 0.396875 0.410417 0.007812 0.015278
2 0.466406 0.412500 0.007812 0.013889
2 0.204687 0.427778 0.007812 0.013889
2 0.867188 0.455556 0.007812 0.019444
2 0.281250 0.429167 0.007812 0.016667
2 0.356250 0.422917 0.007812 0.018056
2 0.550781 0.424306 0.007812 0.023611
2 0.189062 0.437500 0.007812 0.013889
