2 0.645020 0.491862 0.022461 0.043620
2 0.604248 0.452148 0.016113 0.027995
2 0.425537 0.458008 0.017090 0.030599
2 0.444824 0.436849 0.012695 0.023438
2 0.708496 0.438151 0.010742 0.019531
2 0.553467 0.420573 0.008301 0.014323
2 0.463135 0.422852 0.009277 0.014974
2 0.470703 0.417969 0.006836 0.013021
2 0.544434 0.416341 0.006836 0.012370
2 0.985840 0.480794 0.019531 0.031901
2 0.994629 0.431641 0.007813 0.015625
2 0.534668 0.414388 0.004883 0.009766
2 0.627930 0.416016 0.005859 0.010417
2 0.696777 0.415039 0.004883 0.007161
2 0.945313 0.433594 0.011719 0.016927
2 0.911377 0.425130 0.007324 0.014323
2 0.749268 0.420898 0.008301 0.014974
2 0.660156 0.411458 0.004883 0.006510
2 0.638184 0.410482 0.004883 0.007161
2 0.689941 0.410807 0.004883 0.006510
