2 0.965576 0.611654 0.087891 0.057129
0 0.294189 0.546549 0.063151 0.040527
2 0.711670 0.478841 0.033203 0.021973
0 0.405273 0.467122 0.035807 0.019531
2 0.654053 0.447591 0.021484 0.013184
0 0.486084 0.444661 0.024740 0.014160
2 0.607910 0.429362 0.017578 0.009766
0 0.496826 0.428711 0.016276 0.008301
2 0.577881 0.417643 0.013672 0.007324
2 0.559326 0.411784 0.012370 0.007324
2 0.544189 0.404948 0.009115 0.005371
2 0.527832 0.400065 0.009766 0.004883
2 0.518066 0.399089 0.007813 0.004883
0 0.483643 0.418945 0.012370 0.007324
2 0.512207 0.398438 0.006510 0.004883
0 0.470703 0.406901 0.009115 0.004883
0 0.475586 0.413086 0.011068 0.004883
2 0.506348 0.398438 0.007813 0.004883
2 0.499023 0.397461 0.007161 0.004883
0 0.466797 0.402018 0.008464 0.004883
0 0.461914 0.400716 0.009766 0.004883
