2 0.425781 0.491862 0.054036 0.027344
2 0.959229 0.631836 0.093099 0.055176
2 0.155029 0.792318 0.154948 0.094238
2 0.737061 0.479818 0.052083 0.027832
2 0.509277 0.425781 0.022135 0.011719
2 0.796143 0.428711 0.018880 0.010254
2 0.846436 0.470378 0.031901 0.020996
2 0.570313 0.414063 0.016927 0.009766
2 0.729980 0.433919 0.025391 0.014648
2 0.761475 0.408529 0.017578 0.008301
2 0.862793 0.425456 0.021484 0.010742
2 0.905273 0.451172 0.026042 0.014648
2 0.652588 0.408203 0.016927 0.009277
2 0.834229 0.413411 0.015625 0.007324
