0 0.258301 0.554036 0.050781 0.026367
2 0.679688 0.533203 0.050781 0.027344
2 0.608887 0.493490 0.033854 0.020508
2 0.524902 0.459635 0.020833 0.010742
0 0.350098 0.498047 0.029948 0.014648
0 0.369629 0.475260 0.023438 0.010742
2 0.198242 0.452474 0.019531 0.009766
0 0.093262 0.492839 0.024740 0.012695
0 0.221191 0.467448 0.023438 0.010742
0 0.301758 0.452474 0.016927 0.009766
0 0.390137 0.458984 0.014323 0.008789
0 0.484863 0.438802 0.013021 0.006836
0 0.468262 0.435547 0.011719 0.006836
2 0.496582 0.445312 0.015625 0.008789
0 0.418945 0.435547 0.011719 0.005859
0 0.354492 0.445312 0.010417 0.005859
2 0.116211 0.470703 0.027344 0.013672
0 0.389648 0.449870 0.011719 0.005859
0 0.378906 0.442057 0.011719 0.005859
2 0.244629 0.446615 0.015625 0.008789
0 0.385742 0.445964 0.016927 0.005859
0 0.339355 0.436849 0.011719 0.006836
