0 0.133301 0.749023 0.146484 0.091797
2 0.605225 0.505859 0.055990 0.037598
0 0.163330 0.588542 0.079427 0.045410
2 0.425049 0.454427 0.029948 0.017090
2 0.358643 0.438477 0.021484 0.011230
0 0.188477 0.484049 0.031901 0.018555
0 0.201172 0.456380 0.022135 0.010742
2 0.318115 0.428385 0.015625 0.008301
0 0.206543 0.444336 0.016276 0.008789
0 0.208252 0.433919 0.011068 0.005371
2 0.299805 0.423828 0.013021 0.006836
2 0.281982 0.419922 0.009115 0.005371
2 0.274414 0.416992 0.008464 0.004883
2 0.267090 0.416016 0.009115 0.004883
