1 0.177490 0.624023 0.164714 0.073730
1 0.847168 0.639323 0.183594 0.086914
2 0.687744 0.516927 0.054688 0.032715
2 0.610107 0.464844 0.036458 0.019043
0 0.306152 0.531901 0.071615 0.039063
0 0.385742 0.464193 0.033854 0.016602
2 0.561768 0.426758 0.017578 0.009277
0 0.429443 0.425456 0.018880 0.011230
2 0.548340 0.414388 0.016276 0.008789
2 0.538086 0.407227 0.012370 0.005859
0 0.455566 0.401693 0.010417 0.004883
2 0.525391 0.396159 0.009766 0.004883
0 0.443848 0.411784 0.012370 0.004883
2 0.529785 0.401367 0.009766 0.004883
0 0.449707 0.406576 0.012370 0.004883
0 0.462402 0.397461 0.008464 0.004883
2 0.522949 0.393229 0.009115 0.004883
0 0.464355 0.393555 0.008464 0.004883
1 0.968750 0.838542 0.135417 0.062500
2 0.518555 0.389323 0.007813 0.004883
