0 0.288125 0.431250 0.051250 0.168750
0 0.361250 0.339062 0.035000 0.128125
2 0.468125 0.281250 0.026250 0.093750
0 0.678125 0.390625 0.043750 0.150000
2 0.198750 0.315625 0.042500 0.143750
0 0.955000 0.793750 0.080000 0.331250
0 0.738750 0.504687 0.060000 0.209375
2 0.766250 0.293750 0.027500 0.112500
0 0.671875 0.240625 0.023750 0.087500
0 0.715625 0.225000 0.021250 0.068750
2 0.297500 0.273438 0.027500 0.109375
0 0.941250 0.245312 0.022500 0.090625
1 0.858750 0.217188 0.020000 0.084375
2 0.219375 0.228125 0.033750 0.068750
2 0.827500 0.271875 0.015000 0.093750
2 0.023750 0.504687 0.047500 0.221875
2 0.983750 0.225000 0.017500 0.075000
