1 0.282813 0.504630 0.090741 0.037500
1 0.796615 0.555093 0.097222 0.051562
1 0.675521 0.421759 0.058333 0.023958
1 0.355990 0.440278 0.062037 0.028646
1 0.339583 0.399074 0.046296 0.019792
1 0.489063 0.339352 0.039815 0.015625
1 0.595313 0.362500 0.058333 0.023958
1 0.236198 0.384259 0.037037 0.014063
1 0.289323 0.390278 0.041667 0.017188
1 0.704167 0.321759 0.021296 0.007292
1 0.194271 0.346759 0.023148 0.007292
1 0.123438 0.381019 0.025000 0.009375
1 0.323177 0.330093 0.023148 0.009896
1 0.032813 0.392593 0.022222 0.010417
1 0.888021 0.380556 0.027778 0.014583
1 0.090365 0.357407 0.018519 0.008854
