2 0.588623 0.440104 0.020833 0.011230
2 0.632813 0.471354 0.031250 0.017578
0 0.240723 0.562174 0.068359 0.040039
2 0.735352 0.552083 0.065104 0.036133
0 0.379639 0.469076 0.030599 0.018066
0 0.420654 0.442057 0.022135 0.011230
2 0.571777 0.424805 0.014974 0.007813
0 0.443604 0.428060 0.016276 0.008301
0 0.470459 0.412109 0.011719 0.005371
0 0.461426 0.417643 0.016276 0.007813
2 0.555664 0.414388 0.012370 0.006836
2 0.547852 0.408529 0.009766 0.006836
0 0.477539 0.405599 0.010417 0.004883
2 0.583984 0.402669 0.008464 0.004883
0 0.483398 0.402344 0.009115 0.004883
2 0.733398 0.412109 0.010417 0.004883
0 0.709961 0.407227 0.009766 0.005859
0 0.837646 0.415039 0.008464 0.005371
2 0.807373 0.416341 0.011068 0.006348
0 0.774414 0.410156 0.009115 0.004883
2 0.542480 0.403971 0.008464 0.004883
2 0.569824 0.399740 0.009115 0.004883
2 0.666992 0.409831 0.011068 0.004883
0 0.685059 0.405924 0.009766 0.004883
2 0.622070 0.406250 0.009115 0.004883
2 0.875244 0.421875 0.010417 0.006348
2 0.955078 0.426432 0.009115 0.006836
2 0.642578 0.402018 0.009766 0.004883
0 0.964355 0.423828 0.006510 0.004883
0 0.622070 0.400065 0.008464 0.004883
