0 0.287109 0.333333 0.050000 0.017969
2 0.351563 0.409722 0.080556 0.031250
2 0.427734 0.359028 0.056944 0.022656
2 0.823047 0.585417 0.098611 0.039844
0 0.103906 0.309722 0.052778 0.018750
0 0.339453 0.281944 0.030556 0.011719
0 0.440625 0.300000 0.027778 0.010937
0 0.026562 0.287500 0.041667 0.015625
0 0.203125 0.259722 0.027778 0.010937
2 0.510938 0.311806 0.020833 0.009375
2 0.543750 0.302778 0.016667 0.007813
2 0.694531 0.400694 0.034722 0.012500
2 0.669922 0.370139 0.026389 0.010156
2 0.689063 0.343750 0.015278 0.007813
2 0.662500 0.339583 0.015278 0.007813
