0 0.222900 0.585938 0.035645 0.070313
1 0.344238 0.481120 0.023438 0.065104
2 0.751221 0.577474 0.041504 0.076823
1 0.676758 0.501302 0.037109 0.080729
1 0.319092 0.503255 0.032715 0.074219
1 0.650146 0.482747 0.032715 0.068359
2 0.577148 0.437174 0.011719 0.021484
0 0.396240 0.459961 0.015137 0.027995
0 0.423828 0.437500 0.011719 0.020833
2 0.605469 0.458984 0.012695 0.028646
2 0.549805 0.419596 0.004883 0.013672
0 0.473633 0.415039 0.004883 0.011068
2 0.563721 0.413086 0.006348 0.011068
0 0.447998 0.422852 0.007324 0.013672
0 0.488281 0.407552 0.004883 0.007813
