0 0.426025 0.479492 0.023926 0.041016
0 0.711670 0.605794 0.048340 0.090495
2 0.909668 0.517904 0.036133 0.055339
2 0.641846 0.457031 0.020020 0.032552
0 0.351807 0.445638 0.018066 0.027995
2 0.526611 0.431315 0.013184 0.022786
2 0.445557 0.414062 0.011230 0.020833
0 0.313721 0.426758 0.012207 0.020182
2 0.392578 0.404948 0.007812 0.015625
0 0.290283 0.415039 0.009277 0.014974
2 0.361816 0.402669 0.006836 0.012370
2 0.344238 0.401693 0.005859 0.011719
2 0.327148 0.401042 0.004883 0.010417
0 0.278564 0.410156 0.005371 0.011719
0 0.267822 0.408529 0.005371 0.011068
2 0.314453 0.400391 0.004883 0.009115
2 0.304199 0.399089 0.004883 0.007812
0 0.261230 0.406250 0.004883 0.009115
2 0.292969 0.398763 0.004883 0.007161
0 0.256348 0.405599 0.004883 0.009115
