2 0.939209 0.710286 0.132812 0.073730
2 0.679443 0.465495 0.024740 0.025879
2 0.641602 0.432292 0.022135 0.012695
0 0.170166 0.608724 0.084635 0.063965
0 0.411865 0.456706 0.033203 0.020996
0 0.463135 0.427083 0.022135 0.015137
0 0.525391 0.419922 0.014323 0.012695
0 0.611572 0.414388 0.014974 0.009277
2 0.696045 0.425456 0.017578 0.009277
0 0.707031 0.413737 0.013672 0.007812
2 0.787354 0.428711 0.012370 0.013184
0 0.801270 0.416341 0.012370 0.007812
0 0.758057 0.414714 0.011719 0.006348
0 0.905273 0.422526 0.010417 0.013672
