2 0.681396 0.499349 0.052083 0.028809
2 0.565674 0.435872 0.022786 0.012207
0 0.295898 0.510742 0.050130 0.027344
0 0.400635 0.439453 0.023438 0.014160
1 0.555420 0.423503 0.030599 0.011230
1 0.411133 0.427083 0.031250 0.013672
2 0.537842 0.419922 0.015625 0.008301
0 0.425537 0.419596 0.014974 0.007324
0 0.431152 0.413737 0.012370 0.005859
2 0.527100 0.411784 0.011068 0.005371
0 0.440674 0.407552 0.010417 0.005371
1 0.550293 0.421549 0.029297 0.007813
2 0.512939 0.405273 0.008464 0.005371
0 0.456055 0.403971 0.008464 0.004883
0 0.470215 0.400716 0.007161 0.004883
2 0.501953 0.397135 0.006510 0.004883
2 0.525879 0.402018 0.008464 0.004883
2 0.515137 0.400065 0.008464 0.004883
1 0.416504 0.423503 0.030599 0.007813
