2 0.899658 0.612630 0.095052 0.061035
2 0.858398 0.501953 0.049479 0.031250
0 0.291016 0.587891 0.089844 0.046875
0 0.389648 0.477214 0.040365 0.019531
2 0.695801 0.488932 0.041667 0.024414
2 0.624268 0.448893 0.022786 0.012207
2 0.728760 0.453125 0.024740 0.013184
2 0.680176 0.438477 0.018880 0.009766
0 0.415527 0.446615 0.027344 0.015625
0 0.942627 0.466146 0.023438 0.015137
2 0.602539 0.435221 0.021484 0.013672
0 0.474121 0.421875 0.016927 0.008789
0 0.656982 0.423177 0.013021 0.007324
0 0.766357 0.432943 0.015625 0.009277
0 0.864258 0.448242 0.017578 0.010742
0 0.556885 0.417969 0.013021 0.009277
0 0.425293 0.430339 0.018229 0.010742
2 0.624756 0.431966 0.017578 0.010254
