2 0.143066 0.562826 0.039063 0.072266
2 0.771729 0.672852 0.057129 0.111328
2 0.532959 0.460612 0.019043 0.031901
2 0.337402 0.437826 0.010742 0.021484
2 0.274902 0.476237 0.022461 0.041016
2 0.496338 0.431641 0.011230 0.022135
2 0.476318 0.415365 0.008301 0.015625
2 0.242920 0.461589 0.016113 0.029948
2 0.359375 0.423177 0.009766 0.019531
2 0.378906 0.409180 0.006836 0.012370
2 0.206055 0.436523 0.011719 0.020182
2 0.301514 0.417969 0.009277 0.015625
2 0.367432 0.400391 0.005371 0.009115
2 0.469727 0.407878 0.006836 0.012370
2 0.387695 0.405599 0.005859 0.011719
2 0.230713 0.407878 0.006348 0.012370
2 0.463379 0.401042 0.004883 0.010417
2 0.142578 0.405273 0.006836 0.012370
2 0.456055 0.396810 0.004883 0.009766
2 0.135010 0.417318 0.008301 0.013021
2 0.117188 0.402995 0.005859 0.009115
2 0.102783 0.411133 0.008301 0.012370
2 0.454102 0.395182 0.004883 0.009115
2 0.186523 0.396810 0.004883 0.007161
2 0.203125 0.397786 0.004883 0.006510
2 0.220459 0.400391 0.005371 0.009115
2 0.398682 0.396159 0.005371 0.008464
