2 0.103125 0.559122 0.083750 0.125000
2 0.268125 0.526182 0.051250 0.079392
0 0.723750 0.516892 0.055000 0.097973
2 0.402500 0.509291 0.032500 0.059122
0 0.953750 0.549831 0.085000 0.190878
2 0.510625 0.500000 0.026250 0.050676
0 0.883125 0.488176 0.031250 0.057432
2 0.630000 0.493243 0.022500 0.043919
2 0.775625 0.483953 0.023750 0.045608
2 0.578750 0.478885 0.012500 0.025338
2 0.645625 0.481419 0.013750 0.023649
2 0.380625 0.486486 0.011250 0.016892
0 0.566250 0.482264 0.007500 0.015203
2 0.436250 0.487331 0.010000 0.018581
2 0.862500 0.475507 0.010000 0.021959
2 0.926250 0.474662 0.017500 0.027027
0 0.741250 0.499155 0.030000 0.062500
2 0.790625 0.478041 0.013750 0.023649
0 0.680625 0.479730 0.008750 0.016892
0 0.845625 0.477196 0.008750 0.018581
2 0.196250 0.489865 0.012500 0.020270
0 0.450000 0.485642 0.007500 0.015203
2 0.238125 0.490709 0.008750 0.021959
2 0.296875 0.488176 0.008750 0.020270
2 0.089375 0.494932 0.008750 0.016892
0 0.342500 0.487331 0.007500 0.015203
0 0.898125 0.478041 0.021250 0.040541
