2 0.648926 0.490234 0.024414 0.044271
2 0.101807 0.555990 0.039551 0.070313
2 0.401855 0.452474 0.016602 0.029948
2 0.593750 0.447266 0.013672 0.024740
2 0.568115 0.430990 0.009277 0.016927
2 0.454102 0.423503 0.008789 0.014974
2 0.247803 0.431315 0.011230 0.018880
2 0.544922 0.416341 0.005859 0.012370
2 0.550049 0.419922 0.007324 0.014323
2 0.468262 0.418620 0.006836 0.013021
2 0.404297 0.415365 0.005859 0.009115
2 0.353027 0.419922 0.006836 0.010417
2 0.477051 0.411784 0.004883 0.009766
2 0.416992 0.411133 0.004883 0.008464
2 0.306152 0.410482 0.004883 0.008464
