0 0.295410 0.527344 0.032227 0.059896
0 0.487793 0.431966 0.010742 0.025391
2 0.798584 0.499349 0.029785 0.048177
2 0.731201 0.443685 0.016113 0.027995
2 0.743164 0.413086 0.007812 0.014974
0 0.593506 0.413411 0.008301 0.016927
0 0.636963 0.407878 0.009277 0.017578
2 0.730713 0.423177 0.008301 0.018229
1 0.426514 0.403320 0.014160 0.012370
1 0.578125 0.400716 0.013672 0.012370
0 0.782959 0.404297 0.005371 0.011719
2 0.768555 0.408854 0.006836 0.014323
2 0.799316 0.407878 0.006836 0.012370
0 0.685303 0.403646 0.006348 0.013021
0 0.736328 0.402995 0.006836 0.014323
