2 0.783203 0.578451 0.080078 0.047852
2 0.705811 0.466471 0.027995 0.025879
0 0.027344 0.619141 0.098958 0.053711
0 0.363525 0.469401 0.033854 0.016113
2 0.649658 0.437500 0.026042 0.015137
0 0.401855 0.441732 0.017578 0.020508
0 0.384033 0.425130 0.022135 0.010254
0 0.206787 0.422526 0.016927 0.012207
0 0.313232 0.421224 0.016927 0.009277
2 0.451660 0.408854 0.014323 0.009766
2 0.597168 0.422526 0.023438 0.012695
2 0.526367 0.413737 0.017578 0.009766
2 0.232178 0.412109 0.013021 0.008301
2 0.317139 0.408854 0.014323 0.007324
2 0.256104 0.399740 0.010417 0.005371
2 0.385742 0.409180 0.009766 0.009766
2 0.189453 0.411458 0.011719 0.005859
2 0.325195 0.392904 0.008464 0.004883
2 0.394043 0.388346 0.008464 0.004883
0 0.112549 0.424154 0.009766 0.010254
0 0.160400 0.406901 0.009115 0.005371
0 0.099365 0.413086 0.011068 0.007324
0 0.070557 0.420898 0.016276 0.014160
