2 0.313965 0.510417 0.027344 0.049479
2 0.601318 0.491862 0.022949 0.046224
2 0.403076 0.451497 0.015137 0.027995
2 0.558838 0.446940 0.017090 0.027995
2 0.543945 0.433268 0.009766 0.018880
2 0.444824 0.427409 0.006836 0.014974
2 0.458496 0.423503 0.005859 0.012370
2 0.474854 0.419596 0.005371 0.009766
2 0.324951 0.435221 0.010254 0.017578
2 0.121094 0.438477 0.007813 0.013672
2 0.308838 0.429036 0.008301 0.014323
2 0.534912 0.426758 0.006348 0.013672
2 0.392822 0.423177 0.006348 0.011719
2 0.250244 0.420247 0.005371 0.009766
2 0.525635 0.419271 0.005371 0.010417
2 0.184082 0.421875 0.004883 0.010417
2 0.139160 0.427409 0.005859 0.009766
2 0.190430 0.429036 0.006836 0.011719
2 0.264160 0.423503 0.005859 0.011068
2 0.065674 0.435872 0.007324 0.013672
2 0.147705 0.432943 0.007324 0.013021
2 0.226563 0.416992 0.004883 0.009766
2 0.276367 0.417318 0.004883 0.009115
2 0.370361 0.414714 0.005371 0.009115
2 0.400146 0.416992 0.005371 0.009766
2 0.256836 0.413737 0.004883 0.009766
