2 0.102295 0.434896 0.009277 0.015625
2 0.172363 0.423503 0.005859 0.012370
2 0.224121 0.414714 0.005859 0.010417
0 0.087891 0.450521 0.015625 0.020833
0 0.165283 0.436523 0.011230 0.017578
0 0.225830 0.426432 0.007324 0.011719
2 0.258301 0.408854 0.004883 0.009115
0 0.267090 0.418620 0.004883 0.009115
2 0.309570 0.400716 0.004883 0.008464
0 0.295166 0.413411 0.005371 0.010417
2 0.331787 0.399414 0.005371 0.008464
2 0.285156 0.404297 0.004883 0.009115
0 0.344238 0.404622 0.004883 0.007161
0 0.324219 0.407552 0.004883 0.006510
2 0.347168 0.399414 0.004883 0.008464
0 0.357422 0.401693 0.004883 0.006510
2 0.359375 0.398438 0.004883 0.006510
2 0.370117 0.398438 0.004883 0.006510
