2 0.652588 0.486979 0.041667 0.021973
2 0.611328 0.450195 0.026693 0.014648
2 0.438721 0.456055 0.029297 0.016113
2 0.454834 0.436198 0.020833 0.011230
2 0.470459 0.421875 0.016927 0.008301
2 0.712646 0.436198 0.019531 0.011230
2 0.559326 0.420247 0.014974 0.007324
2 0.549805 0.416016 0.011719 0.004883
2 0.540039 0.414063 0.009115 0.004883
2 0.632813 0.416016 0.009115 0.004883
2 0.753418 0.420898 0.011068 0.004883
2 0.982910 0.476888 0.031901 0.022461
2 0.477539 0.417643 0.011068 0.004883
2 0.816162 0.419922 0.010417 0.005371
2 0.802002 0.414388 0.008464 0.005371
2 0.715332 0.416992 0.007161 0.004883
2 0.946533 0.432617 0.016276 0.009277
2 0.995361 0.430990 0.013021 0.008301
2 0.771729 0.416667 0.009115 0.005371
2 0.780762 0.412760 0.009115 0.004883
2 0.914307 0.423828 0.013021 0.007324
