2 0.818359 0.505534 0.048828 0.027344
2 0.567383 0.465820 0.038411 0.018555
2 0.664795 0.520833 0.055990 0.032715
0 0.218994 0.553060 0.069661 0.035645
0 0.248779 0.493164 0.041016 0.020020
0 0.143799 0.480794 0.033203 0.017090
0 0.059814 0.481445 0.027995 0.015137
2 0.694092 0.444987 0.030599 0.017090
2 0.459717 0.447591 0.027995 0.018066
2 0.359863 0.444010 0.026042 0.013672
2 0.204590 0.447917 0.023438 0.015625
2 0.056641 0.453125 0.020833 0.012695
2 0.641357 0.424479 0.022135 0.011230
0 0.851807 0.448568 0.026042 0.013184
0 0.678467 0.404948 0.014323 0.007324
2 0.610107 0.412760 0.015625 0.007324
0 0.757813 0.423503 0.018880 0.009766
0 0.659180 0.400065 0.012370 0.005859
0 0.703369 0.411133 0.014974 0.007324
2 0.587158 0.402995 0.014323 0.007324
0 0.628418 0.392904 0.009766 0.004883
0 0.615723 0.388997 0.008464 0.004883
0 0.609375 0.387044 0.008464 0.004883
0 0.599121 0.385417 0.007813 0.004883
2 0.576904 0.397461 0.011068 0.005371
0 0.641357 0.395508 0.011068 0.005371
2 0.566895 0.392578 0.010417 0.004883
