0 0.165527 0.665365 0.063477 0.106771
2 0.832520 0.495117 0.031250 0.047526
2 0.474609 0.446940 0.019531 0.033203
2 0.622559 0.473958 0.017578 0.042969
0 0.216309 0.500651 0.018555 0.041667
0 0.244629 0.457357 0.011719 0.026693
2 0.453613 0.432292 0.010742 0.023438
2 0.552734 0.421224 0.009766 0.019531
0 0.288330 0.436849 0.011230 0.018229
0 0.407471 0.418620 0.008301 0.014323
2 0.633789 0.413737 0.008789 0.014974
0 0.345459 0.425781 0.008301 0.015625
0 0.504883 0.411458 0.006836 0.013021
2 0.762451 0.412109 0.008301 0.015625
0 0.754150 0.403646 0.007324 0.011719
2 0.897461 0.413086 0.009766 0.016276
0 0.877930 0.402995 0.007813 0.014323
0 0.967041 0.404297 0.008301 0.013021
0 0.617188 0.405924 0.006836 0.011068
