2 0.648438 0.469727 0.019531 0.034505
0 0.439697 0.437174 0.009277 0.018880
2 0.576904 0.434896 0.010254 0.019531
0 0.381592 0.475260 0.016113 0.032552
1 0.447998 0.427083 0.008301 0.026042
0 0.457520 0.423503 0.004883 0.012370
1 0.569092 0.426107 0.010254 0.026693
0 0.461426 0.418945 0.004883 0.011068
1 0.564941 0.422852 0.007813 0.025391
2 0.555420 0.422201 0.005371 0.012370
2 0.546875 0.417318 0.004883 0.010417
1 0.450684 0.424805 0.006836 0.024089
0 0.468262 0.413411 0.004883 0.009115
0 0.482422 0.410482 0.004883 0.007161
