1 0.849854 0.629557 0.177083 0.089355
1 0.200684 0.621419 0.163411 0.076172
2 0.689209 0.514974 0.052083 0.031738
2 0.610840 0.462565 0.035807 0.020508
0 0.316650 0.530924 0.060547 0.033691
0 0.388672 0.460938 0.032552 0.015625
0 0.427002 0.424479 0.019531 0.010254
2 0.560547 0.427409 0.018880 0.010742
0 0.440674 0.413411 0.011719 0.005371
2 0.544434 0.414388 0.014974 0.007812
2 0.533447 0.406901 0.011719 0.006348
2 0.524902 0.401693 0.010417 0.004883
0 0.445801 0.406250 0.011719 0.005859
1 0.048828 0.830078 0.229167 0.097656
0 0.451172 0.400391 0.010417 0.004883
2 0.520508 0.397135 0.009115 0.004883
