0 0.219375 0.825000 0.243750 0.086250
2 0.686875 0.498437 0.159375 0.043750
2 0.373125 0.465625 0.106250 0.028750
2 0.582500 0.396875 0.087500 0.022500
2 0.605000 0.309375 0.056250 0.015000
0 0.745625 0.426563 0.084375 0.033750
2 0.436250 0.348438 0.059375 0.015000
0 0.440625 0.301563 0.040625 0.011250
2 0.707500 0.342187 0.053125 0.030000
2 0.711875 0.904687 0.184375 0.078750
2 0.580000 0.268750 0.031250 0.007500
2 0.488750 0.281250 0.037500 0.010000
2 0.560625 0.296875 0.031250 0.008750
0 0.501250 0.268750 0.031250 0.007500
