0 0.324375 0.640625 0.231250 0.071250
0 0.466250 0.378125 0.137500 0.035000
2 0.414375 0.460938 0.171875 0.043750
0 0.553750 0.340625 0.112500 0.025000
2 0.741875 0.557813 0.234375 0.073750
2 0.518125 0.293750 0.106250 0.031250
0 0.660625 0.281250 0.093750 0.026250
2 0.708125 0.282813 0.103125 0.026250
0 0.635000 0.232813 0.071875 0.020000
0 0.326875 0.054688 0.109375 0.041250
2 0.143750 0.860938 0.265625 0.062500
2 0.778750 0.240625 0.200000 0.030000
2 0.770625 0.896875 0.200000 0.066250
2 0.553750 0.151562 0.040625 0.010000
2 0.587500 0.179688 0.046875 0.010000
2 0.633750 0.150000 0.068750 0.022500
0 0.481875 0.042188 0.084375 0.026250
0 0.612500 0.185938 0.053125 0.015000
2 0.525625 0.168750 0.050000 0.013750
