2 0.311523 0.551758 0.063151 0.039063
2 0.667480 0.526042 0.054688 0.031250
2 0.597168 0.463542 0.028646 0.014648
2 0.442139 0.449219 0.022135 0.011230
2 0.572998 0.445964 0.023438 0.010254
2 0.464355 0.438802 0.018229 0.009766
2 0.252197 0.467773 0.025391 0.011230
2 0.379639 0.437174 0.014974 0.010254
2 0.551514 0.428385 0.013021 0.006348
2 0.544434 0.423828 0.011719 0.004883
2 0.537109 0.415690 0.008464 0.004883
2 0.228027 0.436849 0.013021 0.005859
2 0.487549 0.429362 0.014974 0.007324
2 0.261230 0.446615 0.019531 0.008789
2 0.396973 0.424154 0.013672 0.006836
2 0.364746 0.420898 0.009766 0.004883
2 0.301025 0.426758 0.011068 0.005371
2 0.411133 0.415039 0.008464 0.004883
2 0.129150 0.443685 0.017578 0.007324
2 0.218018 0.430664 0.012370 0.006348
2 0.075439 0.443359 0.014323 0.009277
2 0.493652 0.418620 0.009115 0.004883
2 0.534668 0.411133 0.007161 0.004883
2 0.253418 0.425130 0.009115 0.004883
2 0.236816 0.420898 0.008464 0.004883
2 0.139404 0.433919 0.011068 0.006348
2 0.064697 0.452799 0.014974 0.008301
2 0.274902 0.415690 0.007161 0.004883
2 0.292480 0.422201 0.008464 0.004883
2 0.197266 0.425781 0.009115 0.004883
2 0.330078 0.413086 0.007161 0.004883
2 0.289063 0.419922 0.006510 0.004883
2 0.309082 0.416667 0.006510 0.004883
