2 0.673125 0.576562 0.056250 0.178125
2 0.315000 0.529687 0.052500 0.165625
0 0.410625 0.409375 0.028750 0.100000
0 0.849375 0.210938 0.073750 0.221875
2 0.488125 0.348438 0.026250 0.090625
2 0.552500 0.298438 0.015000 0.071875
0 0.641250 0.267188 0.010000 0.046875
2 0.590625 0.282813 0.018750 0.065625
0 0.668125 0.256250 0.008750 0.037500
0 0.773750 0.250000 0.010000 0.037500
1 0.786875 0.229687 0.008750 0.034375
0 0.518750 0.171875 0.015000 0.056250
1 0.810625 0.260937 0.016250 0.053125
0 0.758125 0.240625 0.011250 0.037500
