0 0.860625 0.671875 0.193750 0.076250
0 0.556875 0.428125 0.093750 0.028750
2 0.246875 0.337500 0.056250 0.018750
2 0.443750 0.335938 0.059375 0.015000
0 0.369375 0.307812 0.040625 0.011250
2 0.078750 0.387500 0.075000 0.030000
2 0.695625 0.326562 0.053125 0.013750
0 0.833750 0.376563 0.065625 0.025000
0 0.516875 0.284375 0.037500 0.008750
2 0.035625 0.364063 0.065625 0.023750
1 0.302500 0.320312 0.065625 0.017500
1 0.435000 0.307812 0.046875 0.012500
0 0.637500 0.304688 0.046875 0.012500
2 0.626875 0.268750 0.037500 0.011250
0 0.573750 0.279687 0.034375 0.010000
0 0.153125 0.332813 0.059375 0.018750
2 0.923125 0.335938 0.078125 0.028750
