0 0.297363 0.513997 0.051432 0.026367
2 0.566406 0.440430 0.022786 0.011719
1 0.555908 0.428060 0.029297 0.013184
2 0.679199 0.501628 0.047526 0.028320
0 0.400635 0.443685 0.022786 0.011230
1 0.410889 0.430013 0.031901 0.013184
0 0.426270 0.424479 0.014323 0.006836
2 0.537598 0.423177 0.015625 0.007813
0 0.431396 0.417318 0.011719 0.005371
0 0.441406 0.411133 0.009766 0.004883
2 0.513184 0.408529 0.007161 0.004883
2 0.527588 0.415690 0.012370 0.005371
0 0.456055 0.407227 0.008464 0.004883
0 0.470703 0.404948 0.006510 0.004883
1 0.549316 0.425456 0.027995 0.008789
