1 0.085677 0.545833 0.086111 0.035937
1 0.803646 0.608796 0.128704 0.046875
1 0.684635 0.363889 0.053704 0.016146
1 0.629948 0.361574 0.032407 0.011979
1 0.348438 0.346759 0.030556 0.012500
1 0.334635 0.364815 0.044444 0.016146
1 0.305729 0.343056 0.028704 0.011458
1 0.657292 0.343981 0.025000 0.007292
1 0.222917 0.350000 0.024074 0.008333
1 0.141927 0.370370 0.025926 0.008854
1 0.772656 0.357870 0.023148 0.009896
1 0.842448 0.390741 0.051852 0.017188
1 0.692969 0.316667 0.011111 0.005729
1 0.536979 0.329167 0.019444 0.007292
1 0.409896 0.317130 0.015741 0.005208
1 0.576562 0.307407 0.009259 0.005208
1 0.048958 0.375000 0.018519 0.006250
1 0.298698 0.324074 0.018519 0.005729
