0 0.250391 0.755556 0.147222 0.060156
0 0.769531 0.575000 0.094444 0.037500
0 0.514844 0.461111 0.036111 0.014063
0 0.317188 0.534028 0.051389 0.020313
0 0.539453 0.476389 0.044444 0.016406
0 0.521094 0.450694 0.029167 0.010937
1 0.413672 0.423611 0.027778 0.008594
1 0.392188 0.431250 0.020833 0.007812
0 0.524219 0.440278 0.027778 0.010937
1 0.381250 0.432639 0.023611 0.007812
0 0.532031 0.431250 0.023611 0.007812
2 0.244922 0.515278 0.108333 0.044531
1 0.361328 0.436806 0.026389 0.010156
0 0.325781 0.446528 0.015278 0.007812
