2 0.639160 0.476237 0.014648 0.037109
2 0.444336 0.450195 0.013672 0.027995
2 0.123779 0.827148 0.102051 0.177734
2 0.605225 0.444987 0.014160 0.026693
2 0.458496 0.432292 0.009766 0.018229
2 0.703613 0.432617 0.009766 0.018880
2 0.472168 0.420247 0.007813 0.014974
2 0.549561 0.414714 0.006348 0.011719
2 0.558105 0.417318 0.008789 0.014323
2 0.629639 0.414063 0.005371 0.010417
2 0.746338 0.418294 0.005371 0.012370
2 0.948975 0.469401 0.018066 0.027344
2 0.932129 0.430013 0.006836 0.012370
2 0.809570 0.417643 0.004883 0.008464
2 0.478760 0.415365 0.005371 0.010417
2 0.539551 0.412435 0.004883 0.008464
2 0.830078 0.416667 0.005859 0.009115
2 0.797363 0.413737 0.004883 0.008464
2 0.579590 0.411458 0.004883 0.007813
2 0.767334 0.414388 0.005371 0.009766
2 0.776855 0.412435 0.004883 0.008464
2 0.760742 0.410482 0.004883 0.008464
2 0.711426 0.415039 0.005859 0.011068
2 0.697266 0.412760 0.004883 0.009115
2 0.640137 0.409180 0.004883 0.007161
2 0.905029 0.421875 0.008301 0.011719
2 0.662109 0.410482 0.004883 0.008464
