2 0.656738 0.457682 0.017578 0.032552
2 0.748291 0.514323 0.033691 0.054688
2 0.800049 0.472656 0.020996 0.037760
2 0.710449 0.442057 0.014648 0.019531
0 0.357666 0.511393 0.032715 0.055339
2 0.617676 0.435221 0.013672 0.030599
0 0.815918 0.432292 0.012695 0.018229
0 0.452148 0.432943 0.012695 0.023438
2 0.665527 0.427409 0.013672 0.017578
0 0.431885 0.455729 0.020020 0.024740
0 0.866943 0.446940 0.016113 0.026693
0 0.562500 0.411784 0.005859 0.011068
0 0.721924 0.420247 0.008301 0.014974
2 0.587891 0.419922 0.006836 0.014323
2 0.594727 0.425781 0.009766 0.011719
0 0.463379 0.417969 0.004883 0.013021
2 0.607910 0.417969 0.004883 0.013021
1 0.643311 0.422201 0.008301 0.011068
