2 0.680176 0.502279 0.042318 0.024414
1 0.642334 0.464193 0.057292 0.026855
0 0.343750 0.509115 0.046875 0.025391
1 0.395020 0.456380 0.048177 0.020508
1 0.382813 0.464193 0.054688 0.020508
1 0.623291 0.456055 0.046224 0.020020
2 0.590820 0.443359 0.024740 0.013672
0 0.451416 0.416016 0.014323 0.006348
0 0.420898 0.443034 0.022786 0.009766
2 0.541992 0.412760 0.013021 0.005859
0 0.434570 0.427409 0.016276 0.008789
2 0.567627 0.426758 0.016276 0.008301
0 0.471191 0.409831 0.009766 0.004883
0 0.487793 0.406250 0.007813 0.004883
2 0.554688 0.407552 0.009115 0.004883
