2 0.277588 0.651367 0.064941 0.108724
2 0.788330 0.591797 0.051270 0.082031
2 0.639648 0.480794 0.019531 0.033203
2 0.423340 0.486003 0.020508 0.039714
2 0.586914 0.448893 0.012695 0.022786
2 0.469482 0.437174 0.010254 0.016276
2 0.568604 0.435547 0.008301 0.015625
2 0.801758 0.464844 0.012695 0.023438
2 0.639893 0.434570 0.007324 0.012370
2 0.477783 0.430013 0.006348 0.013672
2 0.490234 0.420898 0.004883 0.008464
2 0.592041 0.420247 0.005371 0.009766
2 0.759033 0.431315 0.006348 0.012370
2 0.929199 0.459961 0.011719 0.018880
2 0.849854 0.444336 0.007324 0.012370
2 0.791992 0.427409 0.004883 0.011068
2 0.716797 0.426107 0.005859 0.009766
2 0.682617 0.418294 0.004883 0.009766
2 0.724854 0.420898 0.005371 0.009766
2 0.484375 0.424805 0.004883 0.011068
