0 0.436035 0.484375 0.049479 0.025391
0 0.527588 0.466146 0.040365 0.024902
0 0.278320 0.540039 0.070964 0.042969
0 0.653809 0.442383 0.025391 0.013672
0 0.778564 0.432292 0.016927 0.011230
2 0.902344 0.488281 0.032552 0.020508
2 0.976318 0.630859 0.084635 0.044434
0 0.709717 0.434896 0.018229 0.011230
2 0.906494 0.460612 0.021484 0.013184
2 0.902588 0.438477 0.013672 0.008301
2 0.889648 0.430339 0.013021 0.005859
2 0.881348 0.425456 0.011068 0.004883
2 0.868408 0.414388 0.008464 0.005371
0 0.800781 0.429036 0.011719 0.007813
2 0.875000 0.419271 0.009115 0.007813
