2 0.737500 0.452778 0.066667 0.023438
2 0.346484 0.593750 0.081944 0.033594
2 0.322656 0.468056 0.030556 0.009375
2 0.364063 0.483333 0.041667 0.015625
2 0.567187 0.412500 0.033333 0.012500
2 0.213672 0.496528 0.029167 0.008594
2 0.267188 0.472222 0.027778 0.007812
2 0.113281 0.538194 0.026389 0.012500
2 0.755469 0.363889 0.022222 0.007812
2 0.367188 0.424306 0.018056 0.007812
2 0.446875 0.413889 0.022222 0.007812
2 0.887891 0.376389 0.030556 0.010156
2 0.951562 0.360417 0.023611 0.009375
2 0.865625 0.354167 0.022222 0.009375
2 0.709375 0.358333 0.019444 0.009375
