2 0.797500 0.720313 0.215625 0.070000
0 0.663125 0.464062 0.090625 0.028750
0 0.301875 0.626563 0.140625 0.043750
0 0.380000 0.485938 0.096875 0.027500
0 0.135000 0.575000 0.143750 0.052500
2 0.420000 0.415625 0.075000 0.025000
0 0.617500 0.398438 0.071875 0.025000
1 0.448125 0.373437 0.059375 0.018750
2 0.597500 0.335938 0.053125 0.015000
0 0.653750 0.328125 0.037500 0.015000
2 0.586250 0.314063 0.040625 0.007500
2 0.722500 0.362500 0.068750 0.017500
0 0.621875 0.282813 0.028125 0.008750
2 0.976250 0.465625 0.181250 0.042500
2 0.577500 0.298438 0.046875 0.010000
0 0.640625 0.298438 0.028125 0.016250
2 0.483750 0.310937 0.028125 0.007500
2 0.471250 0.332813 0.034375 0.007500
0 0.476875 0.334375 0.037500 0.008750
2 0.439375 0.279687 0.040625 0.008750
