1 0.649219 0.423611 0.067593 0.023438
1 0.267448 0.473611 0.073148 0.035937
1 0.468750 0.344444 0.024074 0.010417
1 0.611458 0.352315 0.021296 0.010417
1 0.338021 0.356019 0.025000 0.008333
1 0.398438 0.350926 0.016667 0.012500
1 0.605990 0.334259 0.016667 0.007813
1 0.411198 0.349537 0.015741 0.011979
1 0.498437 0.329630 0.014815 0.005208
1 0.142708 0.400000 0.024074 0.011458
1 0.020573 0.457870 0.034259 0.014063
1 0.602083 0.322685 0.012037 0.005208
1 0.517969 0.318981 0.012037 0.005729
1 0.524479 0.311111 0.009259 0.005208
1 0.595313 0.314815 0.009259 0.005208
1 0.588542 0.309259 0.009259 0.005208
1 0.575000 0.303704 0.009259 0.005208
1 0.472396 0.302778 0.009259 0.005208
1 0.502604 0.306481 0.009259 0.005208
1 0.511979 0.301852 0.009259 0.005208
1 0.542708 0.302778 0.009259 0.005208
