2 0.660156 0.505556 0.021875 0.052778
2 0.852344 0.665278 0.040625 0.111111
2 0.177734 0.665278 0.042969 0.102778
2 0.676562 0.463194 0.010937 0.031944
2 0.374219 0.498611 0.017188 0.038889
2 0.549609 0.440972 0.008594 0.026389
2 0.494141 0.453472 0.008594 0.026389
2 0.604688 0.418750 0.007812 0.018056
2 0.582031 0.431944 0.007812 0.022222
2 0.725391 0.431944 0.008594 0.022222
2 0.594531 0.412500 0.007812 0.016667
2 0.718750 0.413889 0.009375 0.022222
2 0.628906 0.405556 0.007812 0.013889
2 0.544531 0.405556 0.007812 0.013889
2 0.489844 0.409722 0.007812 0.013889
2 0.573438 0.412500 0.007812 0.013889
2 0.671875 0.406944 0.007812 0.013889
