2 0.840000 0.706250 0.231250 0.092500
0 0.738750 0.493750 0.125000 0.042500
0 0.190000 0.720313 0.184375 0.062500
2 0.355000 0.493750 0.106250 0.030000
0 0.826250 0.418750 0.106250 0.037500
0 0.638125 0.323437 0.059375 0.013750
2 0.624375 0.309375 0.056250 0.013750
2 0.658750 0.357812 0.071875 0.022500
0 0.441250 0.351562 0.053125 0.012500
0 0.593750 0.304688 0.040625 0.012500
0 0.453750 0.225000 0.050000 0.015000
0 0.358750 0.425000 0.062500 0.022500
0 0.477500 0.323437 0.034375 0.010000
0 0.555000 0.295312 0.040625 0.007500
0 0.703125 0.246875 0.068750 0.018750
2 0.500625 0.296875 0.056250 0.011250
