2 0.639648 0.516276 0.034180 0.057292
2 0.561035 0.454102 0.015625 0.031901
2 0.349365 0.472982 0.020996 0.038411
2 0.402344 0.433919 0.012695 0.024089
2 0.417725 0.418294 0.008301 0.017578
2 0.020996 0.523112 0.035156 0.063151
2 0.262695 0.429362 0.009766 0.020182
2 0.508057 0.417318 0.008301 0.015625
2 0.438232 0.408203 0.005371 0.010417
2 0.429932 0.411784 0.007324 0.013672
2 0.500244 0.411458 0.005371 0.011719
2 0.207275 0.420898 0.009277 0.018880
2 0.229004 0.414388 0.004883 0.009766
2 0.050293 0.445313 0.010742 0.020833
2 0.373535 0.410482 0.004883 0.011068
2 0.492188 0.408529 0.004883 0.008464
2 0.495850 0.409505 0.005371 0.010417
2 0.175293 0.414063 0.004883 0.010417
2 0.152832 0.419271 0.004883 0.010417
2 0.125732 0.418620 0.005371 0.010417
2 0.347168 0.409831 0.005859 0.008464
2 0.369629 0.406250 0.004883 0.006510
2 0.284912 0.409180 0.005371 0.008464
2 0.443848 0.407878 0.004883 0.008464
2 0.453125 0.406901 0.004883 0.009115
