2 0.704375 0.725000 0.275000 0.083750
0 0.141875 0.487500 0.193750 0.051250
0 0.104375 0.331250 0.137500 0.038750
1 0.681875 0.454688 0.190625 0.056250
2 0.159375 0.317188 0.128125 0.033750
0 0.652500 0.353125 0.131250 0.040000
0 0.514375 0.315625 0.131250 0.033750
2 0.383750 0.209375 0.087500 0.025000
0 0.721875 0.223438 0.071875 0.038750
2 0.028125 0.235937 0.090625 0.023750
0 0.055000 0.200000 0.075000 0.022500
2 0.506250 0.289062 0.103125 0.022500
2 0.019375 0.581250 0.193750 0.038750
0 0.190625 0.215625 0.081250 0.021250
