2 0.765869 0.528646 0.036621 0.058594
2 0.661621 0.463216 0.017578 0.030599
2 0.810303 0.475911 0.023926 0.036458
0 0.338379 0.530599 0.034180 0.057292
2 0.714355 0.447266 0.014648 0.019531
0 0.875732 0.451172 0.014160 0.026042
0 0.425293 0.460938 0.016602 0.023438
2 0.620117 0.439453 0.013672 0.023438
0 0.820557 0.435872 0.011230 0.020182
0 0.447754 0.436198 0.012695 0.022135
0 0.783691 0.430990 0.011719 0.014323
2 0.668213 0.427734 0.009277 0.016927
2 0.594971 0.428060 0.010254 0.012370
2 0.608887 0.419922 0.008789 0.014323
2 0.644043 0.423828 0.010742 0.011719
0 0.723633 0.421549 0.007812 0.013672
2 0.587158 0.421224 0.010254 0.016927
0 0.454590 0.424805 0.007812 0.014974
0 0.460205 0.419271 0.005371 0.014323
0 0.560547 0.413737 0.004883 0.011068
0 0.498291 0.415039 0.006348 0.008464
