2 0.855469 0.706055 0.129557 0.083008
0 0.311523 0.490560 0.043620 0.023438
0 0.073486 0.661133 0.110026 0.075684
2 0.675537 0.464844 0.033854 0.017090
2 0.599365 0.483724 0.039062 0.021973
2 0.829102 0.522461 0.054036 0.032227
2 0.534180 0.446289 0.024089 0.012695
2 0.492188 0.433268 0.018880 0.009766
2 0.569580 0.426107 0.016276 0.008301
0 0.326660 0.444336 0.020182 0.009766
0 0.347900 0.454753 0.025391 0.012207
0 0.252686 0.443359 0.018229 0.008301
2 0.425293 0.429036 0.016927 0.008789
0 0.843262 0.461914 0.026693 0.017578
0 0.736572 0.441732 0.026693 0.014160
2 0.609863 0.442383 0.026693 0.016602
2 0.245117 0.432292 0.015625 0.007812
0 0.182617 0.446289 0.021484 0.011719
2 0.357178 0.428711 0.016276 0.009277
2 0.127441 0.438477 0.014974 0.008789
0 0.032227 0.453125 0.019531 0.012695
2 0.543945 0.417318 0.013021 0.006836
2 0.524658 0.411133 0.011068 0.005371
2 0.510254 0.406250 0.010417 0.004883
2 0.502930 0.402344 0.009115 0.004883
2 0.012695 0.446289 0.017578 0.011719
0 0.579590 0.406250 0.009115 0.004883
0 0.594727 0.410156 0.013021 0.005859
0 0.555664 0.401042 0.009115 0.004883
0 0.624512 0.415690 0.014974 0.007812
0 0.663574 0.424805 0.016276 0.008789
0 0.546387 0.399414 0.008464 0.004883
0 0.528809 0.394857 0.007161 0.004883
0 0.536865 0.396810 0.008464 0.006348
0 0.524414 0.392578 0.006510 0.004883
0 0.565674 0.402669 0.011068 0.006348
2 0.495605 0.399740 0.009115 0.004883
