2 0.724854 0.589844 0.049316 0.084635
2 0.323975 0.500651 0.028809 0.050781
2 0.593506 0.472982 0.020020 0.035807
2 0.407471 0.443685 0.013184 0.024089
2 0.429932 0.423503 0.009277 0.017578
2 0.530273 0.422201 0.009766 0.017578
2 0.444336 0.415365 0.006836 0.018229
2 0.520752 0.415039 0.006348 0.013672
2 0.206787 0.425781 0.007324 0.013021
2 0.255859 0.437174 0.011719 0.021484
2 0.385742 0.413737 0.004883 0.009766
2 0.155273 0.421875 0.005859 0.010417
2 0.237793 0.416341 0.004883 0.009766
2 0.455078 0.411458 0.004883 0.010417
2 0.461914 0.410482 0.004883 0.009766
2 0.511719 0.411458 0.004883 0.009115
2 0.020752 0.452474 0.014160 0.026042
2 0.298828 0.409831 0.004883 0.007161
2 0.222168 0.413411 0.004883 0.009115
2 0.265137 0.413411 0.004883 0.007813
2 0.248535 0.410156 0.004883 0.007813
2 0.243164 0.415039 0.004883 0.008464
2 0.130859 0.420898 0.005859 0.009766
2 0.066162 0.426758 0.007324 0.011068
2 0.360840 0.412760 0.004883 0.009115
2 0.315430 0.412435 0.004883 0.007161
