0 0.709375 0.453125 0.106250 0.033750
0 0.546250 0.381250 0.068750 0.020000
2 0.105625 0.498437 0.109375 0.041250
0 0.864375 0.387500 0.075000 0.028750
0 0.320625 0.342187 0.046875 0.013750
0 0.244375 0.381250 0.056250 0.018750
0 0.746875 0.342187 0.059375 0.018750
2 0.512500 0.329688 0.046875 0.012500
2 0.488125 0.331250 0.043750 0.013750
2 0.670000 0.321875 0.050000 0.015000
0 0.463125 0.317188 0.040625 0.011250
2 0.285000 0.325000 0.037500 0.012500
0 0.172500 0.329688 0.034375 0.010000
2 0.615000 0.296875 0.037500 0.010000
0 0.216875 0.312500 0.031250 0.011250
0 0.312500 0.310937 0.028125 0.010000
2 0.137500 0.345313 0.046875 0.017500
0 0.426875 0.304688 0.021875 0.013750
2 0.034375 0.400000 0.056250 0.021250
0 0.071250 0.340625 0.037500 0.010000
0 0.119375 0.318750 0.031250 0.008750
2 0.332500 0.285938 0.034375 0.007500
0 0.385625 0.287500 0.025000 0.008750
0 0.277500 0.306250 0.025000 0.007500
2 0.345000 0.287500 0.025000 0.007500
0 0.405625 0.292187 0.028125 0.008750
0 0.051250 0.334375 0.031250 0.007500
0 0.163125 0.298438 0.028125 0.008750
0 0.177500 0.309375 0.031250 0.007500
