1 0.915283 0.672526 0.113770 0.199219
1 0.799072 0.589193 0.072754 0.145833
1 0.121094 0.708984 0.111328 0.221354
1 0.241943 0.583008 0.063965 0.139974
0 0.334717 0.515299 0.027832 0.054036
2 0.675293 0.500977 0.026367 0.048828
2 0.604248 0.455078 0.018066 0.031250
0 0.396729 0.457031 0.019043 0.031250
2 0.559570 0.422852 0.010742 0.018880
2 0.544434 0.411458 0.007812 0.014323
2 0.533936 0.404622 0.007324 0.012370
0 0.430420 0.422201 0.012207 0.018880
0 0.443848 0.410156 0.005859 0.013021
0 0.454102 0.399089 0.004883 0.010417
2 0.525391 0.399740 0.004883 0.011719
2 0.521484 0.394857 0.004883 0.009766
2 0.518555 0.390625 0.004883 0.009115
0 0.447754 0.405599 0.004883 0.014323
2 0.514160 0.387370 0.004883 0.007812
0 0.459961 0.394206 0.004883 0.007161
