1 0.199951 0.615234 0.164062 0.069824
1 0.850342 0.632161 0.178385 0.086426
2 0.690918 0.514648 0.055339 0.032227
0 0.315918 0.531901 0.057292 0.029297
2 0.609131 0.462565 0.037109 0.020020
0 0.389648 0.462565 0.030599 0.017578
1 0.048096 0.844076 0.227214 0.093262
2 0.544434 0.413737 0.014974 0.008789
2 0.560059 0.426432 0.019531 0.010742
0 0.441406 0.412760 0.015625 0.007812
0 0.427734 0.425130 0.018229 0.009766
2 0.533203 0.407552 0.011719 0.005859
2 0.524170 0.401367 0.009766 0.005371
0 0.451660 0.400065 0.009766 0.004883
0 0.445557 0.405924 0.011068 0.005371
2 0.517578 0.393229 0.009115 0.004883
2 0.512695 0.389323 0.007812 0.004883
0 0.458008 0.397135 0.007812 0.004883
0 0.462891 0.390625 0.006510 0.004883
2 0.507324 0.385417 0.006510 0.004883
