2 0.810625 0.529561 0.051250 0.082770
2 0.452500 0.409628 0.020000 0.035473
0 0.100625 0.625000 0.071250 0.118243
0 0.162500 0.422297 0.017500 0.037162
0 0.198750 0.445946 0.022500 0.040541
0 0.225625 0.493243 0.033750 0.064189
2 0.607500 0.442568 0.025000 0.047297
2 0.335625 0.391047 0.013750 0.028716
2 0.251250 0.381757 0.010000 0.020270
2 0.207500 0.375000 0.010000 0.020270
0 0.127500 0.408784 0.015000 0.030405
0 0.079375 0.394426 0.011250 0.025338
2 0.168125 0.369088 0.008750 0.015203
0 0.045000 0.386824 0.012500 0.023649
0 0.023750 0.378378 0.012500 0.023649
2 0.130000 0.366554 0.010000 0.020270
