2 0.420000 0.475000 0.075000 0.040000
2 0.500625 0.470313 0.078125 0.036250
0 0.076250 0.807813 0.240625 0.080000
0 0.172500 0.550000 0.137500 0.055000
2 0.016250 0.479687 0.096875 0.027500
0 0.218750 0.412500 0.075000 0.025000
2 0.485625 0.376563 0.046875 0.023750
2 0.073750 0.418750 0.075000 0.025000
2 0.103750 0.373437 0.053125 0.022500
0 0.422500 0.423438 0.059375 0.025000
0 0.223750 0.376563 0.059375 0.017500
0 0.211875 0.353125 0.050000 0.013750
0 0.223125 0.335938 0.040625 0.013750
1 0.792500 0.360938 0.109375 0.022500
0 0.510000 0.373437 0.065625 0.017500
0 0.206875 0.328125 0.037500 0.011250
2 0.151250 0.315625 0.031250 0.012500
2 0.521875 0.279687 0.059375 0.016250
0 0.468125 0.268750 0.056250 0.013750
0 0.548750 0.176563 0.071875 0.017500
2 0.470625 0.360938 0.053125 0.013750
2 0.435625 0.265625 0.043750 0.011250
2 0.468125 0.109375 0.050000 0.016250
0 0.232500 0.307812 0.028125 0.007500
2 0.404375 0.442188 0.071875 0.028750
0 0.260625 0.301563 0.028125 0.008750
2 0.120625 0.326562 0.034375 0.011250
0 0.202500 0.296875 0.031250 0.007500
2 0.170625 0.309375 0.025000 0.008750
2 0.089375 0.350000 0.043750 0.013750
2 0.091875 0.312500 0.025000 0.008750
0 0.289375 0.301563 0.028125 0.008750
0 0.105000 0.309375 0.018750 0.007500
0 0.457500 0.340625 0.043750 0.015000
2 0.046875 0.326562 0.028125 0.008750
0 0.135000 0.301563 0.028125 0.007500
0 0.200000 0.323437 0.034375 0.007500
0 0.305000 0.296875 0.018750 0.007500
0 0.012500 0.334375 0.025000 0.007500
0 0.070000 0.312500 0.025000 0.007500
2 0.208750 0.300000 0.025000 0.007500
