1 0.275781 0.465741 0.027604 0.061111
1 0.690885 0.512500 0.033854 0.084259
1 0.636719 0.374537 0.014063 0.032407
1 0.420833 0.366204 0.012500 0.032407
1 0.044010 0.476852 0.021354 0.048148
1 0.479427 0.331481 0.007813 0.022222
1 0.161198 0.472685 0.029687 0.047222
1 0.618490 0.336111 0.007813 0.018519
1 0.132552 0.476389 0.027604 0.043519
1 0.603385 0.318519 0.005729 0.012963
1 0.476563 0.301852 0.005208 0.011111
1 0.592708 0.306944 0.005208 0.010185
1 0.532552 0.296296 0.004687 0.009259
1 0.500521 0.310648 0.005208 0.015741
1 0.492969 0.295370 0.004687 0.009259
