1 0.380990 0.537037 0.098148 0.046354
1 0.418229 0.393981 0.034259 0.018750
1 0.574479 0.354167 0.030556 0.013542
1 0.790104 0.490741 0.079630 0.032292
1 0.417187 0.338889 0.016667 0.005208
1 0.514844 0.326852 0.014815 0.005729
1 0.417708 0.329167 0.013889 0.005208
1 0.153125 0.375926 0.011111 0.006250
1 0.169792 0.365741 0.009259 0.005208
1 0.303646 0.335185 0.009259 0.005208
1 0.418750 0.317130 0.010185 0.005208
1 0.032552 0.408796 0.012037 0.005729
1 0.485938 0.312500 0.010185 0.005208
1 0.472917 0.309259 0.009259 0.005208
