1 0.171143 0.421875 0.009277 0.018229
1 0.119385 0.432617 0.009277 0.014974
1 0.204102 0.431315 0.009766 0.016276
1 0.128906 0.444987 0.011719 0.018880
1 0.186035 0.419271 0.009766 0.019531
1 0.250000 0.419596 0.009766 0.021484
1 0.260010 0.418945 0.008301 0.018880
1 0.223633 0.418620 0.004883 0.010417
1 0.034180 0.445964 0.011719 0.018229
1 0.317139 0.416341 0.005371 0.009766
1 0.293945 0.411458 0.004883 0.009115
0 0.333740 0.405273 0.005371 0.007161
1 0.343750 0.410156 0.004883 0.007812
1 0.377930 0.404948 0.004883 0.006510
1 0.387207 0.403320 0.004883 0.007161
1 0.362793 0.407552 0.004883 0.009115
1 0.316406 0.408854 0.004883 0.010417
1 0.292480 0.418294 0.004883 0.011068
1 0.349609 0.403320 0.004883 0.008464
