0 0.185303 0.429362 0.016276 0.007324
0 0.090332 0.446940 0.018880 0.011719
2 0.147949 0.419271 0.014323 0.006836
2 0.206299 0.411133 0.012370 0.006348
2 0.075928 0.431315 0.014974 0.008301
0 0.237793 0.417643 0.013672 0.006836
2 0.253662 0.407227 0.011068 0.005371
0 0.274414 0.412109 0.011719 0.005859
2 0.282959 0.405273 0.009766 0.005371
0 0.312500 0.407227 0.008464 0.004883
2 0.324219 0.401367 0.007161 0.004883
2 0.303223 0.403320 0.007161 0.004883
0 0.335205 0.404622 0.008464 0.005371
2 0.339600 0.399414 0.007161 0.005371
0 0.350098 0.402669 0.007161 0.004883
