2 0.690430 0.499674 0.046224 0.028320
0 0.375000 0.470378 0.034505 0.021484
1 0.244385 0.441732 0.017578 0.023926
0 0.092285 0.592773 0.082682 0.049805
1 0.210449 0.436849 0.033854 0.016602
0 0.510010 0.432943 0.020833 0.011230
2 0.709473 0.448568 0.024740 0.014648
2 0.752441 0.438477 0.018880 0.009766
0 0.612305 0.422526 0.015625 0.008789
0 0.692871 0.422852 0.013672 0.004883
0 0.757324 0.425130 0.011719 0.004883
2 0.819580 0.438802 0.015625 0.008301
1 0.405273 0.408854 0.018229 0.008789
1 0.453125 0.401042 0.014323 0.007813
2 0.885498 0.440430 0.013672 0.007324
2 0.896729 0.438477 0.012370 0.006348
2 0.900391 0.436523 0.011068 0.004883
2 0.871582 0.430664 0.012370 0.005859
0 0.779541 0.424805 0.009766 0.005371
2 0.832275 0.424479 0.010417 0.005371
2 0.797363 0.419271 0.010417 0.004883
2 0.754883 0.414388 0.008464 0.004883
0 0.651855 0.405599 0.009115 0.004883
0 0.623047 0.400391 0.006510 0.004883
2 0.434082 0.398763 0.011068 0.004883
2 0.439697 0.397786 0.013021 0.005371
0 0.444336 0.398763 0.009766 0.004883
0 0.466797 0.399740 0.009115 0.004883
