1 0.198486 0.617839 0.074707 0.166667
0 0.315430 0.530924 0.033203 0.052734
1 0.851562 0.629232 0.089844 0.176432
2 0.610840 0.463216 0.021484 0.037109
0 0.389160 0.460286 0.018555 0.033854
2 0.688232 0.513021 0.031738 0.053385
2 0.560303 0.426758 0.011230 0.021484
0 0.427490 0.424154 0.011230 0.020182
0 0.440918 0.412760 0.008789 0.014323
2 0.544434 0.414388 0.008789 0.014974
1 0.045654 0.842773 0.091309 0.225911
1 0.967529 0.803711 0.064941 0.154297
2 0.532959 0.407227 0.006348 0.012370
2 0.524658 0.401367 0.005371 0.011068
2 0.520508 0.396484 0.004883 0.010417
0 0.445068 0.405599 0.005371 0.011719
0 0.451416 0.401042 0.006348 0.010417
2 0.517822 0.393555 0.005371 0.009766
2 0.513184 0.388997 0.004883 0.008464
0 0.457520 0.396810 0.004883 0.009766
