2 0.902100 0.638021 0.062988 0.100260
2 0.771973 0.530924 0.036133 0.057943
2 0.731689 0.484701 0.025879 0.046224
2 0.534180 0.443359 0.012695 0.024740
2 0.492920 0.462565 0.018066 0.033203
2 0.555664 0.431641 0.011719 0.019531
2 0.688721 0.427409 0.011230 0.018880
2 0.847168 0.445964 0.013672 0.023438
2 0.825684 0.424805 0.009766 0.017578
2 0.579834 0.419271 0.009277 0.016927
2 0.607666 0.404948 0.005371 0.010417
2 0.683838 0.414388 0.008301 0.014974
2 0.957031 0.423503 0.010742 0.014974
1 0.677979 0.404948 0.005371 0.010417
2 0.598877 0.408203 0.005371 0.014323
2 0.803955 0.411458 0.005371 0.011719
2 0.785645 0.404622 0.004883 0.009766
2 0.614746 0.402669 0.004883 0.009766
2 0.695313 0.403646 0.004883 0.009115
2 0.712891 0.400391 0.004883 0.007813
2 0.620117 0.400391 0.004883 0.007813
2 0.703125 0.401367 0.004883 0.007161
2 0.019775 0.711589 0.039551 0.115885
2 0.737305 0.397786 0.004883 0.006510
2 0.623535 0.400065 0.004883 0.007161
