2 0.258750 0.654687 0.190625 0.062500
2 0.702500 0.454688 0.134375 0.037500
0 0.636875 0.350000 0.087500 0.023750
2 0.385625 0.406250 0.100000 0.026250
2 0.425000 0.332813 0.071875 0.017500
0 0.480625 0.275000 0.062500 0.011250
0 0.553125 0.242188 0.046875 0.011250
0 0.651250 0.289062 0.071875 0.015000
2 0.881250 0.331250 0.093750 0.050000
2 0.270625 0.303125 0.050000 0.021250
2 0.025000 0.409375 0.112500 0.037500
0 0.335625 0.348438 0.065625 0.026250
2 0.641875 0.251563 0.053125 0.013750
1 0.767500 0.240625 0.043750 0.025000
2 0.850625 0.225000 0.056250 0.036250
