2 0.435000 0.520270 0.077500 0.131757
2 0.505625 0.487331 0.026250 0.048986
2 0.233750 0.471284 0.022500 0.043919
0 0.612500 0.483108 0.020000 0.043919
2 0.629375 0.507601 0.051250 0.106419
0 0.533125 0.477196 0.018750 0.038851
2 0.676250 0.505912 0.042500 0.072635
0 0.736875 0.494932 0.023750 0.043919
0 0.870000 0.502534 0.027500 0.052365
2 0.095625 0.461149 0.026250 0.043919
0 0.309375 0.455236 0.021250 0.048986
0 0.125625 0.449324 0.016250 0.037162
0 0.017500 0.442568 0.017500 0.033784
0 0.228750 0.456926 0.020000 0.035473
