2 0.804932 0.513997 0.023926 0.051432
2 0.705811 0.569661 0.038574 0.079427
0 0.197266 0.575195 0.043945 0.077474
0 0.312988 0.483073 0.018555 0.036458
0 0.203125 0.459310 0.014648 0.024089
0 0.298340 0.461589 0.015625 0.028646
2 0.669434 0.460938 0.012695 0.029948
2 0.566650 0.466797 0.015137 0.031250
2 0.514648 0.446289 0.009766 0.022786
2 0.609375 0.435221 0.008789 0.017578
0 0.831787 0.459310 0.011230 0.027995
0 0.132568 0.462240 0.018066 0.029948
2 0.535156 0.406576 0.006836 0.011068
2 0.433350 0.436849 0.010254 0.020833
0 0.728271 0.434896 0.009277 0.019531
2 0.575195 0.422201 0.008789 0.016276
2 0.553467 0.413737 0.009277 0.013672
2 0.088135 0.446615 0.014160 0.019531
2 0.354248 0.435872 0.013184 0.022786
0 0.631836 0.411458 0.008789 0.011719
2 0.223633 0.440104 0.012695 0.019531
0 0.669678 0.420573 0.006348 0.015625
0 0.599121 0.403971 0.004883 0.009766
0 0.583984 0.401042 0.004883 0.009115
0 0.613281 0.408203 0.005859 0.013021
2 0.511230 0.392904 0.004883 0.007161
2 0.513672 0.395833 0.004883 0.007813
2 0.518066 0.398438 0.004883 0.009115
2 0.526855 0.402669 0.005859 0.011068
0 0.549316 0.391276 0.004883 0.006510
0 0.559082 0.393229 0.004883 0.006510
0 0.564941 0.395182 0.004883 0.006510
0 0.541992 0.391927 0.004883 0.006510
0 0.573730 0.398112 0.004883 0.008464
