2 0.753662 0.647135 0.064941 0.102865
2 0.614990 0.494141 0.025879 0.044271
2 0.405762 0.458659 0.017578 0.029297
2 0.326172 0.505859 0.027344 0.046875
2 0.460938 0.428711 0.008789 0.017578
2 0.063721 0.477214 0.018066 0.029948
2 0.291504 0.445313 0.012695 0.022135
2 0.223145 0.423177 0.006836 0.013021
2 0.554932 0.428060 0.009277 0.017578
2 0.349121 0.418620 0.006836 0.014323
2 0.543457 0.417969 0.007813 0.014323
2 0.103760 0.440755 0.009277 0.015625
2 0.476807 0.406576 0.006348 0.011068
2 0.255371 0.405599 0.004883 0.010417
2 0.111328 0.430339 0.006836 0.013021
2 0.531982 0.402995 0.005371 0.009115
2 0.314209 0.412109 0.005371 0.010417
2 0.170166 0.419922 0.005371 0.010417
2 0.163330 0.412109 0.005371 0.010417
2 0.378418 0.401367 0.004883 0.009766
2 0.441895 0.391927 0.004883 0.009115
2 0.467285 0.395182 0.004883 0.007813
2 0.480469 0.398438 0.004883 0.009115
2 0.503418 0.389974 0.004883 0.007813
2 0.238281 0.401367 0.004883 0.009766
2 0.217773 0.404622 0.004883 0.008464
2 0.285645 0.400716 0.004883 0.008464
2 0.274902 0.397461 0.004883 0.008464
