2 0.708125 0.389062 0.184375 0.061250
0 0.651875 0.331250 0.150000 0.046250
2 0.844375 0.643750 0.300000 0.091250
2 0.286875 0.390625 0.168750 0.048750
2 0.161875 0.551562 0.234375 0.063750
2 0.380625 0.229687 0.103125 0.028750
2 0.256250 0.275000 0.143750 0.035000
0 0.492500 0.207813 0.096875 0.027500
2 0.451250 0.198437 0.078125 0.022500
0 0.631250 0.179688 0.071875 0.020000
2 0.613750 0.159375 0.062500 0.012500
2 0.534375 0.118750 0.050000 0.013750
0 0.456875 0.100000 0.037500 0.011250
0 0.820000 0.892188 0.209375 0.065000
2 0.571875 0.134375 0.050000 0.013750
2 0.646250 0.262500 0.118750 0.037500
0 0.510625 0.107813 0.053125 0.011250
0 0.573125 0.101562 0.028125 0.016250
2 0.440625 0.156250 0.062500 0.016250
0 0.628125 0.129688 0.059375 0.016250
2 0.412500 0.079687 0.078125 0.020000
0 0.374375 0.025000 0.050000 0.038750
0 0.615625 0.104688 0.040625 0.016250
