1 0.972917 0.623148 0.098148 0.041667
1 0.786458 0.443056 0.045370 0.017708
1 0.727865 0.383796 0.028704 0.010937
1 0.556510 0.411111 0.048148 0.020313
1 0.297917 0.586111 0.127778 0.048958
1 0.577344 0.364352 0.026852 0.010937
1 0.582552 0.342130 0.019444 0.006771
1 0.701302 0.357407 0.020370 0.007812
1 0.677344 0.342130 0.013889 0.005729
1 0.654427 0.331481 0.012963 0.005729
1 0.334375 0.302778 0.009259 0.005208
1 0.560156 0.322685 0.015741 0.007812
1 0.734896 0.327778 0.014815 0.006250
1 0.347396 0.310648 0.012037 0.005208
1 0.627604 0.323148 0.012963 0.006250
1 0.416667 0.306944 0.017593 0.006250
1 0.496354 0.314815 0.009259 0.005208
