2 0.946094 0.789583 0.064062 0.137500
2 0.616797 0.379167 0.019531 0.041667
2 0.442969 0.330556 0.014063 0.036111
2 0.466406 0.302778 0.007813 0.022222
2 0.655469 0.345139 0.007813 0.023611
2 0.567187 0.331944 0.009375 0.022222
2 0.203516 0.615278 0.041406 0.161111
2 0.548438 0.309722 0.007813 0.013889
2 0.538281 0.301389 0.007813 0.013889
2 0.914063 0.449306 0.007813 0.018056
2 0.906250 0.437500 0.007813 0.013889
2 0.992188 0.500694 0.009375 0.023611
2 0.475000 0.288889 0.007813 0.016667
2 0.838281 0.412500 0.007813 0.013889
2 0.984375 0.480556 0.007813 0.016667
2 0.764062 0.379167 0.007813 0.013889
