0 0.945703 0.509722 0.022656 0.069444
0 0.890625 0.453472 0.018750 0.051389
0 0.086719 0.655556 0.026562 0.075000
0 0.022266 0.750000 0.030469 0.100000
1 0.053906 0.624306 0.043750 0.168056
0 0.512109 0.418056 0.007031 0.025000
1 0.874219 0.424306 0.012500 0.034722
0 0.077344 0.590278 0.015625 0.050000
0 0.146875 0.506944 0.007812 0.022222
1 0.555859 0.399306 0.013281 0.045833
0 0.842969 0.411111 0.010937 0.030556
1 0.571875 0.397917 0.012500 0.043056
0 0.817187 0.395139 0.010937 0.023611
0 0.803125 0.390972 0.007812 0.020833
0 0.109766 0.513194 0.007031 0.023611
1 0.014844 0.629861 0.029687 0.131944
1 0.521094 0.403472 0.012500 0.048611
1 0.871875 0.392361 0.015625 0.068056
1 0.830078 0.393056 0.013281 0.063889
1 0.610938 0.392361 0.012500 0.051389
0 0.502344 0.411806 0.007812 0.020833
0 0.215625 0.472917 0.007812 0.018056
0 0.787500 0.379861 0.007812 0.018056
0 0.473047 0.410417 0.007031 0.015278
0 0.447266 0.410417 0.007031 0.020833
0 0.187500 0.475694 0.007812 0.023611
0 0.271484 0.449306 0.007031 0.012500
0 0.240625 0.454167 0.007812 0.016667
0 0.422656 0.411111 0.007812 0.016667
0 0.305078 0.433333 0.007031 0.013889
