2 0.678223 0.529297 0.033203 0.058594
2 0.604248 0.467773 0.018066 0.033203
2 0.436523 0.447917 0.014648 0.027344
2 0.329346 0.440755 0.011230 0.018229
2 0.030762 0.532878 0.032227 0.054036
2 0.393066 0.475586 0.023438 0.042318
2 0.474121 0.428385 0.009766 0.018229
2 0.151611 0.463216 0.013184 0.024089
2 0.251953 0.422852 0.005859 0.012370
2 0.332520 0.414063 0.004883 0.009115
2 0.367432 0.420573 0.007324 0.015625
2 0.556641 0.427083 0.007813 0.019531
2 0.483398 0.408854 0.005859 0.009115
2 0.150146 0.429362 0.007324 0.013672
2 0.199707 0.420573 0.005859 0.013021
2 0.534180 0.405273 0.004883 0.009766
2 0.299805 0.402995 0.004883 0.007813
2 0.273926 0.407878 0.004883 0.008464
2 0.150635 0.438477 0.007324 0.012370
2 0.134766 0.420573 0.004883 0.011719
2 0.415039 0.395833 0.004883 0.007813
2 0.545654 0.419271 0.008301 0.015625
2 0.526855 0.396159 0.004883 0.008464
2 0.389404 0.404622 0.005371 0.009766
2 0.448242 0.395833 0.004883 0.007813
2 0.429199 0.393555 0.004883 0.007161
2 0.235596 0.405924 0.005371 0.011068
2 0.012451 0.450846 0.011230 0.018880
2 0.052734 0.433268 0.008789 0.014974
2 0.187988 0.413737 0.005859 0.009766
2 0.249023 0.414714 0.004883 0.010417
2 0.399414 0.393880 0.004883 0.009115
2 0.368652 0.395833 0.004883 0.010417
