0 0.165039 0.638021 0.062500 0.102865
0 0.407715 0.451172 0.013672 0.027344
2 0.590820 0.452148 0.014648 0.027995
2 0.836426 0.663737 0.072266 0.113932
2 0.635986 0.486003 0.022949 0.041016
0 0.370361 0.481445 0.020996 0.037109
0 0.434326 0.431315 0.010254 0.020182
2 0.564941 0.431315 0.009766 0.020182
2 0.553467 0.419922 0.007324 0.015625
0 0.453369 0.420573 0.007324 0.014323
2 0.546875 0.412760 0.007813 0.013021
0 0.459473 0.414063 0.006836 0.013021
2 0.538086 0.406250 0.005859 0.010417
0 0.466064 0.407227 0.006348 0.011068
0 0.472168 0.402995 0.004883 0.011719
2 0.533691 0.401367 0.004883 0.008464
