2 0.743164 0.532878 0.063151 0.040039
0 0.349121 0.536784 0.063151 0.037109
0 0.431152 0.454102 0.030599 0.018555
2 0.635742 0.450846 0.030599 0.017578
2 0.594727 0.425130 0.019531 0.010742
2 0.622314 0.406576 0.013672 0.006348
2 0.577637 0.411458 0.015625 0.008789
2 0.857910 0.479167 0.037760 0.022461
2 0.728516 0.444987 0.027995 0.015625
2 0.567139 0.405273 0.013672 0.007324
2 0.653320 0.418620 0.020833 0.009766
0 0.775635 0.419596 0.018880 0.008301
0 0.725342 0.408529 0.016276 0.007324
0 0.690430 0.402344 0.013021 0.005859
0 0.683350 0.402018 0.013672 0.005371
0 0.446777 0.428711 0.021484 0.011719
2 0.602539 0.401693 0.011719 0.005859
0 0.866699 0.437826 0.024089 0.013672
0 0.672363 0.399089 0.010417 0.004883
2 0.558838 0.400716 0.011068 0.005371
0 0.459473 0.415365 0.016927 0.009766
0 0.469482 0.406901 0.014323 0.008301
2 0.594971 0.398763 0.009766 0.005371
0 0.587402 0.397786 0.010417 0.004883
2 0.553711 0.399089 0.010417 0.004883
2 0.564941 0.398438 0.011719 0.004883
0 0.645020 0.396810 0.007161 0.004883
0 0.472900 0.401042 0.013021 0.006348
2 0.551758 0.397461 0.008464 0.004883
0 0.493652 0.397135 0.009115 0.004883
0 0.538086 0.396159 0.009766 0.004883
