1 0.237240 0.587037 0.120370 0.044271
1 0.633333 0.389815 0.044444 0.017708
1 0.578125 0.345833 0.028704 0.011458
1 0.767448 0.547685 0.095370 0.046354
1 0.382031 0.400000 0.040741 0.021354
1 0.416146 0.347222 0.025926 0.012500
1 0.541667 0.330556 0.022222 0.007292
1 0.351562 0.334722 0.025000 0.010417
1 0.390625 0.333333 0.020370 0.008333
1 0.303646 0.334722 0.019444 0.008333
1 0.316927 0.312037 0.016667 0.006771
1 0.195312 0.341204 0.019444 0.007292
1 0.501042 0.318056 0.017593 0.006250
1 0.421615 0.337500 0.025000 0.008854
1 0.438281 0.310648 0.017593 0.005729
1 0.102604 0.353704 0.016667 0.008333
1 0.650000 0.310185 0.022222 0.006250
1 0.635677 0.307870 0.012037 0.006771
1 0.214323 0.324537 0.017593 0.007812
1 0.664583 0.319907 0.017593 0.007292
1 0.558333 0.297222 0.016667 0.005208
1 0.587500 0.296296 0.016667 0.006250
1 0.620833 0.297222 0.014815 0.005208
1 0.550521 0.292593 0.012963 0.005208
