0 0.073125 0.807813 0.221875 0.078750
0 0.175625 0.545312 0.128125 0.051250
2 0.501250 0.475000 0.075000 0.040000
2 0.421250 0.479687 0.071875 0.040000
0 0.388750 0.439063 0.065625 0.030000
2 0.410000 0.440625 0.062500 0.030000
0 0.547500 0.173437 0.071875 0.017500
1 0.793125 0.348438 0.115625 0.028750
2 0.485625 0.375000 0.043750 0.026250
0 0.218125 0.412500 0.075000 0.023750
2 0.015000 0.484375 0.087500 0.025000
2 0.073750 0.417187 0.071875 0.025000
2 0.102500 0.373437 0.053125 0.017500
0 0.223750 0.378125 0.050000 0.017500
0 0.223125 0.334375 0.037500 0.011250
0 0.510000 0.376563 0.059375 0.017500
2 0.520625 0.276562 0.059375 0.018750
0 0.458750 0.340625 0.043750 0.012500
0 0.231250 0.306250 0.031250 0.010000
0 0.261875 0.303125 0.031250 0.008750
0 0.469375 0.271875 0.043750 0.008750
2 0.435000 0.267188 0.040625 0.010000
2 0.119375 0.326562 0.034375 0.011250
2 0.107500 0.334375 0.037500 0.012500
0 0.200000 0.320312 0.034375 0.007500
2 0.091875 0.354687 0.040625 0.013750
2 0.171250 0.304688 0.028125 0.010000
0 0.211875 0.353125 0.050000 0.013750
2 0.469375 0.360938 0.053125 0.013750
2 0.151875 0.315625 0.031250 0.011250
