2 0.093506 0.434570 0.009277 0.014974
2 0.163818 0.423828 0.008301 0.013021
2 0.203369 0.418294 0.006348 0.011068
1 0.717773 0.424805 0.006836 0.018880
1 0.320313 0.399089 0.004883 0.011719
1 0.359863 0.399414 0.004883 0.011068
2 0.249756 0.411458 0.005371 0.009115
0 0.237305 0.421549 0.007813 0.012370
0 0.270264 0.415690 0.007324 0.013672
1 0.363281 0.398763 0.004883 0.012370
0 0.072754 0.449219 0.013672 0.020833
0 0.176270 0.432292 0.009766 0.018229
2 0.290771 0.404948 0.006348 0.009115
1 0.324707 0.398112 0.004883 0.011068
0 0.352539 0.402018 0.004883 0.008464
0 0.305176 0.409505 0.004883 0.007813
2 0.305664 0.401693 0.004883 0.007813
