2 0.306396 0.539063 0.036621 0.059896
2 0.406494 0.452799 0.017090 0.030599
2 0.634521 0.464193 0.019043 0.032552
2 0.702148 0.442708 0.014648 0.023438
2 0.701904 0.515951 0.028809 0.056641
2 0.572998 0.426758 0.010254 0.017578
2 0.558838 0.416016 0.008301 0.014323
2 0.438721 0.429036 0.011230 0.019531
2 0.454834 0.414388 0.008301 0.014974
2 0.463379 0.406576 0.006836 0.012370
2 0.577393 0.410807 0.007324 0.014323
2 0.547363 0.407552 0.006836 0.011719
2 0.685059 0.424805 0.009766 0.016276
2 0.541748 0.402995 0.005371 0.010417
2 0.470459 0.400391 0.005371 0.009115
2 0.485840 0.394206 0.004883 0.007161
2 0.686035 0.414388 0.005859 0.012370
2 0.536133 0.398763 0.004883 0.009766
2 0.539063 0.395508 0.004883 0.008464
2 0.800537 0.426758 0.006348 0.012370
2 0.779541 0.405924 0.005371 0.008464
2 0.809570 0.403971 0.004883 0.008464
2 0.838867 0.415365 0.007813 0.013021
2 0.860352 0.412760 0.006836 0.011719
2 0.785156 0.425781 0.009766 0.015625
2 0.679443 0.404297 0.005371 0.013021
2 0.736328 0.400065 0.004883 0.008464
2 0.687500 0.396159 0.004883 0.007161
2 0.678955 0.392253 0.005371 0.008464
2 0.473145 0.397135 0.004883 0.010417
2 0.508057 0.392904 0.005371 0.008464
2 0.561523 0.391276 0.004883 0.007813
2 0.585449 0.393555 0.004883 0.008464
2 0.594727 0.390625 0.004883 0.007813
2 0.730469 0.395182 0.004883 0.007813
