1 0.756875 0.235937 0.159375 0.043750
1 0.893125 0.365625 0.212500 0.058750
0 0.036875 0.315625 0.175000 0.051250
0 0.094375 0.206250 0.131250 0.038750
0 0.082500 0.093750 0.112500 0.032500
2 0.311875 0.040625 0.081250 0.023750
0 0.146250 0.039062 0.078125 0.022500
0 0.053750 0.045312 0.078125 0.020000
2 0.108125 0.128125 0.125000 0.033750
2 0.679375 0.056250 0.100000 0.026250
0 0.533125 0.039062 0.071875 0.021250
2 0.765000 0.073438 0.121875 0.035000
0 0.951250 0.156250 0.187500 0.052500
0 0.826875 0.109375 0.150000 0.048750
