0 0.076250 0.807813 0.228125 0.075000
2 0.500625 0.475000 0.081250 0.036250
0 0.175000 0.540625 0.137500 0.050000
2 0.420625 0.484375 0.087500 0.043750
0 0.549375 0.171875 0.081250 0.021250
2 0.015000 0.487500 0.087500 0.027500
2 0.073125 0.414062 0.071875 0.023750
0 0.218125 0.414062 0.078125 0.023750
2 0.103125 0.373437 0.053125 0.021250
2 0.485625 0.376563 0.046875 0.023750
2 0.409375 0.445312 0.059375 0.033750
2 0.091250 0.353125 0.043750 0.012500
2 0.151250 0.315625 0.031250 0.010000
2 0.521250 0.279687 0.059375 0.017500
0 0.509375 0.376563 0.059375 0.016250
0 0.468750 0.271875 0.043750 0.010000
2 0.469375 0.360938 0.053125 0.013750
1 0.793750 0.354687 0.109375 0.025000
0 0.417500 0.425000 0.068750 0.025000
0 0.261250 0.303125 0.025000 0.007500
0 0.211250 0.357812 0.059375 0.015000
2 0.120000 0.326562 0.034375 0.012500
0 0.224375 0.373437 0.053125 0.016250
0 0.457500 0.340625 0.050000 0.015000
0 0.230000 0.306250 0.031250 0.007500
2 0.171250 0.309375 0.031250 0.010000
2 0.466875 0.107813 0.046875 0.016250
2 0.435625 0.267188 0.040625 0.011250
2 0.106875 0.335938 0.040625 0.013750
0 0.221875 0.335938 0.040625 0.011250
0 0.200625 0.321875 0.031250 0.008750
2 0.208750 0.300000 0.025000 0.007500
