2 0.385625 0.552365 0.096250 0.162162
2 0.669375 0.527027 0.058750 0.097973
2 0.267500 0.475507 0.015000 0.028716
2 0.175625 0.474662 0.016250 0.030405
0 0.199375 0.470439 0.011250 0.025338
2 0.872500 0.516892 0.042500 0.077703
2 0.331875 0.474662 0.013750 0.027027
2 0.079375 0.473818 0.013750 0.032095
0 0.065625 0.467905 0.011250 0.023649
0 0.241250 0.470439 0.012500 0.025338
0 0.278750 0.471284 0.010000 0.020270
0 0.130000 0.471284 0.015000 0.023649
0 0.286250 0.469595 0.007500 0.016892
0 0.293750 0.468750 0.007500 0.015203
2 0.458125 0.469595 0.008750 0.016892
2 0.486250 0.471284 0.007500 0.016892
2 0.603750 0.476351 0.010000 0.020270
