0 0.249023 0.600586 0.080078 0.043945
0 0.216553 0.512044 0.046224 0.023926
0 0.121338 0.481445 0.030599 0.016113
2 0.392334 0.444987 0.025391 0.012207
2 0.281250 0.442383 0.021484 0.011719
2 0.908691 0.516602 0.052734 0.037109
2 0.644531 0.464518 0.035807 0.021484
2 0.514404 0.442383 0.025391 0.014160
2 0.329590 0.423177 0.014323 0.007813
2 0.253174 0.434896 0.016927 0.010254
0 0.095459 0.449219 0.016927 0.009277
0 0.081299 0.463216 0.024089 0.013184
0 0.141602 0.438477 0.014974 0.009766
0 0.195801 0.429688 0.014323 0.005859
0 0.378906 0.409505 0.010417 0.004883
0 0.282471 0.419271 0.011719 0.005371
2 0.394287 0.412760 0.013021 0.007324
2 0.494385 0.405273 0.011068 0.006348
2 0.590088 0.400391 0.011719 0.007324
0 0.490723 0.400391 0.010417 0.005859
0 0.305908 0.408854 0.006510 0.005371
2 0.679932 0.396484 0.010417 0.005371
2 0.766113 0.393880 0.010417 0.004883
0 0.583008 0.395182 0.007813 0.004883
0 0.719727 0.391276 0.009115 0.004883
