2 0.420000 0.473438 0.078125 0.040000
0 0.176250 0.545312 0.140625 0.042500
0 0.078125 0.815625 0.231250 0.073750
2 0.501250 0.471875 0.075000 0.040000
0 0.365000 0.459375 0.075000 0.032500
2 0.073125 0.417187 0.065625 0.021250
0 0.218750 0.414062 0.071875 0.025000
0 0.508750 0.373437 0.065625 0.015000
2 0.470000 0.359375 0.056250 0.015000
0 0.549375 0.171875 0.075000 0.016250
2 0.522500 0.278125 0.062500 0.015000
2 0.498750 0.284375 0.062500 0.017500
2 0.402500 0.400000 0.068750 0.025000
2 0.435000 0.264062 0.040625 0.010000
0 0.469375 0.271875 0.043750 0.008750
2 0.103125 0.371875 0.050000 0.018750
0 0.223750 0.334375 0.037500 0.010000
2 0.015625 0.485938 0.084375 0.026250
0 0.221875 0.378125 0.056250 0.016250
2 0.120625 0.326562 0.034375 0.011250
0 0.210000 0.353125 0.050000 0.012500
0 0.261875 0.303125 0.025000 0.008750
2 0.151875 0.315625 0.031250 0.011250
2 0.171250 0.309375 0.025000 0.007500
2 0.208750 0.298438 0.028125 0.007500
0 0.231250 0.306250 0.031250 0.007500
2 0.237500 0.293750 0.018750 0.007500
1 0.792500 0.354687 0.121875 0.027500
2 0.106875 0.332813 0.034375 0.011250
0 0.290000 0.301563 0.021875 0.007500
2 0.091250 0.353125 0.043750 0.010000
2 0.046875 0.326562 0.028125 0.008750
0 0.457500 0.342187 0.040625 0.010000
