2 0.679688 0.501628 0.028320 0.051432
0 0.296875 0.513672 0.028320 0.050781
2 0.566650 0.440104 0.012207 0.023438
1 0.410645 0.429362 0.013672 0.031901
0 0.400635 0.444336 0.009277 0.021484
0 0.426270 0.423503 0.006836 0.013672
1 0.555908 0.428711 0.010254 0.029297
1 0.549561 0.425456 0.009277 0.027995
2 0.527588 0.416341 0.005371 0.012370
2 0.537598 0.422852 0.007813 0.014974
0 0.431396 0.417643 0.005371 0.012370
0 0.441406 0.411133 0.004883 0.009766
0 0.456543 0.407227 0.004883 0.008464
2 0.525879 0.405273 0.004883 0.008464
2 0.513184 0.408529 0.004883 0.008464
0 0.471191 0.404297 0.004883 0.006510
