2 0.070000 0.696875 0.331250 0.117500
2 0.931875 0.559375 0.281250 0.101250
1 0.694375 0.295312 0.178125 0.048750
2 0.170625 0.370312 0.190625 0.063750
0 0.254375 0.229687 0.134375 0.038750
2 0.287500 0.132812 0.090625 0.025000
0 0.346875 0.181250 0.112500 0.031250
2 0.357500 0.095312 0.071875 0.020000
2 0.316250 0.084375 0.062500 0.017500
2 0.585625 0.140625 0.106250 0.026250
0 0.538125 0.076563 0.065625 0.018750
0 0.516875 0.100000 0.081250 0.021250
2 0.375000 0.064062 0.071875 0.020000
2 0.420625 0.051562 0.053125 0.016250
0 0.292500 0.071875 0.062500 0.017500
