0 0.925781 0.779167 0.158333 0.056250
0 0.700391 0.588889 0.083333 0.038281
0 0.423047 0.504167 0.038889 0.013281
1 0.258594 0.588194 0.204167 0.062500
0 0.336328 0.620833 0.086111 0.039844
0 0.611328 0.488194 0.045833 0.017969
1 0.174219 0.581944 0.183333 0.045312
0 0.569922 0.448611 0.027778 0.008594
2 0.232422 0.662500 0.088889 0.033594
1 0.427344 0.435417 0.034722 0.010937
0 0.923438 0.443056 0.027778 0.010937
1 0.401172 0.440278 0.033333 0.010156
0 0.455859 0.457639 0.026389 0.010156
0 0.900781 0.426389 0.019444 0.007812
0 0.967969 0.416667 0.013889 0.007812
