0 0.953750 0.551562 0.315625 0.087500
0 0.823750 0.404687 0.246875 0.065000
1 0.754375 0.339062 0.221875 0.058750
2 0.660000 0.262500 0.193750 0.047500
0 0.073750 0.340625 0.168750 0.037500
0 0.108125 0.265625 0.125000 0.031250
0 0.816875 0.225000 0.125000 0.021250
0 0.735625 0.175000 0.093750 0.023750
2 0.615625 0.160938 0.090625 0.026250
2 0.283750 0.132812 0.109375 0.017500
0 0.486875 0.135937 0.090625 0.018750
0 0.081875 0.189062 0.128125 0.023750
0 0.046250 0.154688 0.078125 0.022500
2 0.839375 0.207813 0.134375 0.018750
0 0.508125 0.126562 0.096875 0.023750
