2 0.843994 0.685547 0.067871 0.119792
0 0.228760 0.513021 0.026855 0.053385
2 0.751221 0.519206 0.025879 0.048828
0 0.398926 0.470703 0.017578 0.033854
0 0.543457 0.444987 0.011719 0.025391
2 0.985840 0.552409 0.025391 0.060547
2 0.853516 0.478841 0.016602 0.030599
2 0.738770 0.461589 0.015625 0.029948
2 0.721436 0.444010 0.011230 0.022135
2 0.807129 0.454427 0.014648 0.024740
2 0.762695 0.435872 0.007813 0.017578
0 0.905762 0.454427 0.008789 0.018229
2 0.779053 0.442383 0.009277 0.017578
0 0.859375 0.444336 0.007813 0.016276
0 0.554199 0.418294 0.004883 0.011068
0 0.591064 0.431315 0.007324 0.017578
2 0.687256 0.426432 0.005371 0.010417
0 0.615723 0.423177 0.004883 0.010417
2 0.650391 0.421875 0.004883 0.010417
0 0.610840 0.426432 0.004883 0.013021
2 0.715820 0.433268 0.005859 0.016276
0 0.826416 0.438802 0.005371 0.011719
0 0.986084 0.472982 0.017090 0.029297
2 0.703125 0.429036 0.007813 0.014323
2 0.472168 0.412435 0.004883 0.009766
0 0.803223 0.431966 0.004883 0.011068
2 0.747803 0.432617 0.008301 0.013672
2 0.737793 0.428060 0.006836 0.011068
2 0.727783 0.424154 0.005371 0.009766
0 0.521973 0.416667 0.006836 0.010417
0 0.601318 0.420898 0.006348 0.012370
0 0.785889 0.427409 0.005371 0.011068
0 0.442383 0.413411 0.004883 0.011719
2 0.543457 0.415039 0.006836 0.012370
2 0.341309 0.410482 0.004883 0.009766
0 0.772461 0.423828 0.004883 0.006510
2 0.719482 0.421549 0.005371 0.009766
2 0.711914 0.418620 0.004883 0.007813
2 0.409180 0.411133 0.005859 0.009766
0 0.374512 0.412435 0.005859 0.008464
0 0.323242 0.412435 0.004883 0.009766
2 0.295898 0.410156 0.004883 0.009115
0 0.256836 0.412109 0.004883 0.007813
0 0.764648 0.422201 0.004883 0.008464
0 0.758789 0.420898 0.004883 0.007161
