2 0.630625 0.356250 0.062500 0.016250
1 0.614375 0.332813 0.046875 0.013750
2 0.666875 0.489063 0.109375 0.031250
0 0.649375 0.317188 0.040625 0.011250
0 0.838125 0.490625 0.112500 0.046250
0 0.722500 0.387500 0.062500 0.035000
0 0.183125 0.584375 0.106250 0.051250
2 0.348125 0.420312 0.078125 0.021250
0 0.408125 0.359375 0.056250 0.016250
2 0.569375 0.318750 0.043750 0.011250
0 0.326250 0.378125 0.050000 0.022500
0 0.248125 0.443750 0.062500 0.036250
0 0.690000 0.345313 0.034375 0.015000
0 0.369375 0.345313 0.034375 0.011250
2 0.433125 0.331250 0.050000 0.011250
2 0.530000 0.306250 0.031250 0.007500
