0 0.205000 0.521875 0.125000 0.055000
0 0.394375 0.420312 0.078125 0.023750
2 0.714375 0.510938 0.134375 0.048750
2 0.735000 0.364063 0.071875 0.027500
2 0.685000 0.393750 0.087500 0.022500
2 0.598750 0.310937 0.053125 0.012500
2 0.788125 0.350000 0.068750 0.023750
0 0.873125 0.354687 0.065625 0.021250
2 0.656875 0.298438 0.046875 0.013750
0 0.513125 0.348438 0.053125 0.013750
2 0.832500 0.303125 0.043750 0.015000
2 0.748125 0.301563 0.046875 0.013750
2 0.758750 0.276562 0.034375 0.007500
2 0.917500 0.307812 0.040625 0.012500
1 0.828750 0.245312 0.028125 0.010000
0 0.905000 0.290625 0.043750 0.015000
1 0.739375 0.282813 0.040625 0.008750
2 0.795625 0.257812 0.034375 0.008750
0 0.858125 0.267188 0.034375 0.008750
1 0.837500 0.259375 0.025000 0.007500
