2 0.613281 0.500000 0.046875 0.027344
2 0.549316 0.448893 0.026693 0.014648
2 0.355469 0.463867 0.033203 0.019531
2 0.064941 0.507487 0.044922 0.028320
2 0.403076 0.431315 0.020182 0.008301
2 0.416504 0.416667 0.015625 0.006836
2 0.503418 0.415690 0.014974 0.005859
2 0.213379 0.418945 0.012370 0.007813
2 0.268799 0.426432 0.016927 0.010254
2 0.064941 0.440755 0.018229 0.010742
2 0.073242 0.420898 0.011068 0.006836
2 0.157715 0.416992 0.011068 0.005859
2 0.495850 0.411133 0.013672 0.005371
2 0.427734 0.410156 0.011719 0.006836
2 0.373047 0.409831 0.011068 0.004883
2 0.436035 0.407878 0.008464 0.004883
2 0.488281 0.408529 0.008464 0.004883
2 0.347656 0.409180 0.007161 0.004883
2 0.254883 0.410807 0.009115 0.004883
2 0.177246 0.412435 0.009766 0.004883
