0 0.466250 0.550676 0.148649 0.072500
0 0.823750 0.630068 0.317568 0.190000
0 0.087500 0.516047 0.069257 0.035000
0 0.296875 0.527872 0.106419 0.058750
0 0.132500 0.520270 0.087838 0.047500
2 0.567500 0.493243 0.033784 0.017500
0 0.611250 0.499155 0.038851 0.020000
2 0.546250 0.491554 0.030405 0.015000
0 0.520625 0.498311 0.043919 0.021250
2 0.221250 0.504223 0.038851 0.020000
0 0.688125 0.496622 0.037162 0.021250
0 0.411250 0.501689 0.043919 0.022500
2 0.354375 0.501689 0.037162 0.018750
0 0.154375 0.510135 0.057432 0.028750
0 0.195625 0.508446 0.050676 0.026250
0 0.728125 0.494088 0.035473 0.016250
0 0.661875 0.488176 0.027027 0.011250
0 0.630000 0.487331 0.028716 0.010000
0 0.706250 0.491554 0.030405 0.015000
2 0.250000 0.490709 0.021959 0.010000
