0 0.956250 0.540541 0.082500 0.141892
0 0.708750 0.511824 0.052500 0.084459
0 0.593125 0.494088 0.033750 0.069257
2 0.143750 0.542230 0.082500 0.155405
2 0.245625 0.513514 0.048750 0.101351
0 0.471250 0.487331 0.022500 0.042230
0 0.413750 0.485642 0.020000 0.038851
0 0.529375 0.489865 0.028750 0.054054
0 0.338750 0.479730 0.020000 0.037162
2 0.104375 0.480574 0.023750 0.038851
2 0.210000 0.489865 0.022500 0.050676
0 0.278125 0.472128 0.013750 0.025338
2 0.044375 0.477196 0.021250 0.038851
2 0.261250 0.446791 0.015000 0.028716
0 0.072500 0.467061 0.015000 0.032095
0 0.200000 0.474662 0.012500 0.030405
