1 0.347135 0.517130 0.035937 0.086111
1 0.931510 0.566667 0.043229 0.092593
1 0.766146 0.397222 0.018750 0.037037
1 0.379427 0.410648 0.020313 0.049074
1 0.318490 0.376852 0.013021 0.031481
1 0.636458 0.355093 0.013542 0.026852
1 0.425260 0.339815 0.008854 0.025926
1 0.532292 0.343056 0.011458 0.028704
1 0.223698 0.364815 0.008854 0.024074
1 0.330208 0.339352 0.008333 0.019444
1 0.801823 0.362500 0.010937 0.023148
1 0.210417 0.336111 0.005208 0.009259
1 0.160417 0.360185 0.005208 0.016667
1 0.251823 0.338889 0.005729 0.016667
