2 0.312256 0.581055 0.047363 0.083984
2 0.778809 0.578125 0.042969 0.076823
2 0.633301 0.422852 0.009766 0.018880
2 0.545410 0.469401 0.019531 0.036458
2 0.739746 0.466797 0.017578 0.032552
2 0.650879 0.410156 0.006836 0.014323
2 0.724609 0.415039 0.008789 0.016276
2 0.821289 0.416341 0.008789 0.014974
2 0.977295 0.466146 0.014160 0.023438
2 0.951904 0.458333 0.013184 0.023438
2 0.792236 0.399740 0.006348 0.010417
2 0.731934 0.404297 0.005859 0.011719
2 0.677246 0.393555 0.004883 0.009766
2 0.866943 0.411458 0.006348 0.011719
2 0.672119 0.397135 0.005371 0.010417
2 0.734863 0.399414 0.004883 0.009766
