0 0.027100 0.685221 0.126953 0.054199
2 0.706543 0.491211 0.042318 0.021484
0 0.370117 0.482422 0.037760 0.019531
2 0.680420 0.432617 0.018880 0.008301
0 0.482666 0.438151 0.019531 0.011230
2 0.669678 0.445638 0.024089 0.012207
1 0.266357 0.445638 0.017578 0.022949
0 0.554932 0.423828 0.015625 0.008301
2 0.704590 0.424479 0.015625 0.007813
0 0.610352 0.418294 0.012370 0.005859
1 0.540283 0.411784 0.016276 0.007324
1 0.635986 0.407552 0.011719 0.006348
2 0.772705 0.422852 0.012370 0.006348
0 0.819824 0.418945 0.009766 0.004883
0 0.679199 0.415690 0.011068 0.005859
2 0.981445 0.430990 0.011719 0.006836
0 0.752686 0.415690 0.011068 0.005371
2 0.899414 0.427083 0.010417 0.005859
0 0.932617 0.423503 0.009766 0.004883
0 0.918457 0.423828 0.009115 0.004883
0 0.877686 0.422526 0.009115 0.005371
2 0.832031 0.423828 0.013021 0.006836
