1 0.860938 0.540972 0.195833 0.067187
0 0.748828 0.595833 0.094444 0.035156
0 0.217578 0.745139 0.137500 0.064844
1 0.959766 0.556944 0.152778 0.057031
0 0.389844 0.542361 0.056944 0.017188
0 0.642969 0.519444 0.058333 0.018750
1 0.338281 0.519444 0.125000 0.032813
1 0.268750 0.522917 0.118056 0.031250
2 0.325391 0.563194 0.059722 0.019531
0 0.441406 0.475694 0.031944 0.009375
0 0.592969 0.465972 0.031944 0.007812
1 0.437500 0.422222 0.033333 0.010937
0 0.563672 0.435417 0.026389 0.008594
0 0.464844 0.444444 0.022222 0.007812
