2 0.618164 0.455404 0.015625 0.031901
2 0.433594 0.461589 0.017578 0.035156
2 0.669678 0.498698 0.030762 0.053385
2 0.560303 0.420573 0.008301 0.015625
2 0.450928 0.439128 0.012207 0.021484
2 0.475830 0.418294 0.006348 0.012370
2 0.723389 0.439779 0.011230 0.021484
2 0.635254 0.416341 0.004883 0.011068
2 0.550537 0.416992 0.006348 0.012370
2 0.467529 0.422852 0.011230 0.017578
2 0.540527 0.414714 0.004883 0.007813
2 0.760010 0.421549 0.007324 0.012370
2 0.776855 0.417318 0.004883 0.009115
2 0.961670 0.433919 0.010254 0.016276
2 0.823730 0.420573 0.004883 0.010417
2 0.581055 0.412760 0.004883 0.007813
2 0.842529 0.418620 0.005371 0.009115
2 0.784668 0.413411 0.004883 0.006510
2 0.719238 0.416341 0.004883 0.011068
2 0.704590 0.415365 0.004883 0.007813
