2 0.208125 0.482812 0.043750 0.121875
2 0.408750 0.392188 0.022500 0.084375
2 0.725625 0.660937 0.058750 0.203125
2 0.767500 0.429688 0.030000 0.096875
0 0.548750 0.356250 0.017500 0.062500
2 0.604375 0.317188 0.013750 0.046875
0 0.777500 0.351562 0.017500 0.071875
2 0.733750 0.306250 0.015000 0.056250
0 0.853125 0.300000 0.013750 0.043750
0 0.586875 0.290625 0.011250 0.050000
2 0.270000 0.329688 0.022500 0.040625
2 0.671250 0.290625 0.010000 0.037500
2 0.809375 0.282813 0.013750 0.040625
0 0.421250 0.264062 0.007500 0.028125
