2 0.479297 0.452778 0.027778 0.011719
2 0.334766 0.526389 0.055556 0.025781
2 0.602344 0.480556 0.044444 0.017188
2 0.771484 0.555556 0.086111 0.036719
2 0.234766 0.662500 0.111111 0.050781
2 0.326172 0.488889 0.030556 0.008594
2 0.225000 0.464583 0.020833 0.007812
2 0.278516 0.467361 0.026389 0.008594
2 0.289844 0.446528 0.018056 0.007812
2 0.379297 0.444444 0.022222 0.008594
2 0.217969 0.452778 0.016667 0.007812
2 0.170313 0.466667 0.019444 0.007812
2 0.135937 0.469444 0.019444 0.007812
2 0.123438 0.463889 0.016667 0.007812
2 0.720313 0.422917 0.015278 0.007812
2 0.536719 0.420833 0.013889 0.007812
2 0.484375 0.419444 0.013889 0.007812
2 0.588281 0.425000 0.013889 0.007812
2 0.611719 0.422222 0.013889 0.007812
2 0.503125 0.424306 0.015278 0.007812
2 0.071094 0.480556 0.019444 0.007812
