2 0.688965 0.539714 0.041992 0.049479
2 0.587158 0.468099 0.022949 0.044271
0 0.210693 0.565430 0.045410 0.070964
0 0.144043 0.484049 0.033203 0.027995
2 0.854736 0.510742 0.020996 0.057943
0 0.248047 0.496094 0.026367 0.045573
0 0.062256 0.481120 0.017090 0.028646
2 0.471191 0.445964 0.012695 0.027344
2 0.715576 0.446289 0.014160 0.027995
2 0.370117 0.440755 0.013672 0.026042
0 0.779053 0.422852 0.010254 0.021484
2 0.658447 0.423177 0.012207 0.023438
0 0.877930 0.451497 0.018555 0.025391
2 0.212891 0.444336 0.014648 0.025391
2 0.625977 0.412435 0.009766 0.012370
0 0.721436 0.408854 0.008301 0.014323
2 0.591064 0.394531 0.005371 0.010417
2 0.602295 0.400391 0.006348 0.013021
2 0.062744 0.453125 0.014160 0.015625
0 0.695312 0.402344 0.006836 0.013021
0 0.657471 0.393229 0.005371 0.010417
0 0.644287 0.389974 0.005371 0.009115
0 0.674316 0.398112 0.006836 0.007161
