2 0.848750 0.517736 0.069257 0.037500
2 0.639375 0.509291 0.072635 0.038750
2 0.235000 0.517736 0.133446 0.075000
2 0.449375 0.503378 0.087838 0.043750
2 0.576875 0.486486 0.027027 0.013750
2 0.496875 0.480574 0.032095 0.018750
2 0.320625 0.471284 0.027027 0.013750
2 0.914375 0.507601 0.032095 0.016250
2 0.140000 0.458615 0.025338 0.012500
2 0.418750 0.475507 0.025338 0.012500
0 0.546875 0.486486 0.020270 0.011250
0 0.802500 0.500000 0.027027 0.010000
2 0.989375 0.508446 0.033784 0.016250
0 0.870625 0.504223 0.021959 0.011250
2 0.749375 0.496622 0.027027 0.011250
0 0.611250 0.488176 0.020270 0.012500
0 0.405625 0.474662 0.020270 0.011250
0 0.477500 0.479730 0.020270 0.010000
0 0.955625 0.510135 0.027027 0.013750
0 0.741250 0.495777 0.021959 0.012500
0 0.337500 0.470439 0.021959 0.012500
0 0.104375 0.456926 0.021959 0.011250
2 0.060000 0.456081 0.027027 0.015000
