1 0.811279 0.445638 0.012207 0.024089
1 0.307617 0.401367 0.004883 0.012370
2 0.079590 0.436849 0.008789 0.016927
0 0.166016 0.433919 0.006836 0.016276
2 0.207031 0.417643 0.005859 0.012370
2 0.141357 0.427734 0.007324 0.014323
1 0.302246 0.402018 0.004883 0.012370
2 0.283691 0.406901 0.004883 0.009115
2 0.263672 0.409505 0.004883 0.009115
0 0.057373 0.454102 0.012207 0.020182
1 0.352051 0.401367 0.004883 0.011068
1 0.346436 0.401367 0.005371 0.012370
0 0.219238 0.426432 0.006836 0.014323
0 0.270264 0.415690 0.005371 0.012370
0 0.337158 0.406250 0.005371 0.009115
