2 0.197266 0.633333 0.113889 0.042969
2 0.316406 0.475000 0.055556 0.018750
2 0.747266 0.488889 0.077778 0.027344
2 0.538672 0.419444 0.027778 0.014844
2 0.430078 0.409028 0.020833 0.011719
2 0.172656 0.449306 0.026389 0.010937
2 0.284375 0.440972 0.037500 0.014063
2 0.812891 0.393056 0.030556 0.010156
2 0.232422 0.440278 0.027778 0.011719
2 0.125000 0.467361 0.029167 0.010937
2 0.685547 0.383333 0.027778 0.010156
2 0.656250 0.364583 0.020833 0.007813
2 0.852734 0.379861 0.040278 0.013281
2 0.024219 0.506944 0.038889 0.014063
2 0.243750 0.423611 0.019444 0.007813
2 0.321875 0.413194 0.020833 0.007813
2 0.592187 0.379861 0.020833 0.007813
2 0.692969 0.365278 0.022222 0.009375
2 0.758594 0.369444 0.030556 0.012500
2 0.557813 0.375000 0.022222 0.007813
