1 0.924375 0.392188 0.246875 0.061250
1 0.766250 0.239063 0.178125 0.040000
2 0.080625 0.134375 0.143750 0.031250
0 0.063125 0.200000 0.168750 0.038750
2 0.766875 0.068750 0.112500 0.026250
0 0.833125 0.115625 0.106250 0.031250
0 0.119375 0.040625 0.075000 0.023750
0 0.050000 0.095312 0.115625 0.032500
2 0.680000 0.053125 0.100000 0.027500
0 0.028125 0.042188 0.078125 0.018750
0 0.960625 0.187500 0.168750 0.046250
2 0.292500 0.040625 0.075000 0.032500
0 0.521250 0.043750 0.087500 0.025000
0 0.547500 0.023438 0.046875 0.032500
