0 0.640000 0.528125 0.035000 0.131250
2 0.805625 0.814063 0.081250 0.253125
2 0.467500 0.367188 0.017500 0.065625
2 0.323125 0.493750 0.033750 0.112500
1 0.315000 0.679688 0.055000 0.178125
2 0.603125 0.346875 0.018750 0.050000
0 0.352500 0.415625 0.020000 0.075000
2 0.343750 0.357812 0.017500 0.059375
0 0.422500 0.323437 0.015000 0.040625
2 0.461875 0.303125 0.011250 0.043750
0 0.643125 0.284375 0.021250 0.068750
2 0.606250 0.310937 0.017500 0.028125
2 0.593750 0.289062 0.012500 0.028125
0 0.399375 0.109375 0.016250 0.056250
0 0.492500 0.292187 0.007500 0.034375
2 0.564375 0.275000 0.008750 0.031250
0 0.523750 0.282813 0.007500 0.034375
