1 0.285156 0.406481 0.061111 0.026562
1 0.715885 0.480093 0.071296 0.028646
1 0.621615 0.343056 0.026852 0.008854
1 0.444271 0.326389 0.023148 0.008333
1 0.697917 0.335185 0.022222 0.006250
1 0.619531 0.321759 0.021296 0.006771
1 0.463542 0.310185 0.016667 0.005208
1 0.044010 0.383796 0.034259 0.013021
1 0.595313 0.321759 0.015741 0.005208
1 0.367448 0.304630 0.014815 0.005729
1 0.452083 0.306019 0.013889 0.006250
1 0.231510 0.328704 0.022222 0.009896
1 0.649479 0.312500 0.010185 0.005208
1 0.643750 0.310185 0.009259 0.005208
1 0.679688 0.328704 0.014815 0.005208
1 0.611979 0.319907 0.012037 0.005208
1 0.544792 0.312963 0.014815 0.005208
1 0.150781 0.330556 0.016667 0.007812
1 0.420312 0.303704 0.011111 0.005208
1 0.328125 0.306019 0.013889 0.006250
1 0.460417 0.301852 0.011111 0.005208
1 0.338021 0.294444 0.009259 0.005208
1 0.308333 0.302778 0.009259 0.005208
