0 0.486816 0.501302 0.046875 0.022461
2 0.711182 0.464518 0.035807 0.017090
0 0.125000 0.738932 0.149740 0.071289
0 0.514893 0.453776 0.023438 0.020020
2 0.831055 0.521810 0.042318 0.030273
0 0.524902 0.438802 0.022135 0.009766
2 0.619141 0.433268 0.017578 0.012695
2 0.838135 0.479818 0.040365 0.021973
0 0.803955 0.444661 0.023438 0.013184
2 0.658447 0.442383 0.024089 0.014160
0 0.885498 0.459635 0.024740 0.013184
2 0.752441 0.452148 0.026693 0.012695
2 0.416992 0.421875 0.018229 0.009766
0 0.494385 0.428060 0.016276 0.010254
2 0.703125 0.442057 0.019531 0.014648
2 0.667969 0.432943 0.020833 0.009766
2 0.642578 0.426758 0.018880 0.009766
0 0.432617 0.428711 0.016276 0.009766
2 0.328613 0.423177 0.016927 0.009766
0 0.292725 0.427083 0.015625 0.010254
0 0.205566 0.429362 0.020182 0.011719
0 0.393311 0.424805 0.017578 0.010254
0 0.517578 0.432943 0.016927 0.009766
