0 0.232422 0.713889 0.042969 0.108333
1 0.792188 0.470833 0.031250 0.094444
0 0.373047 0.548611 0.024219 0.066667
0 0.650391 0.495833 0.016406 0.044444
0 0.438281 0.482639 0.012500 0.034722
0 0.603906 0.468750 0.010937 0.029167
0 0.580469 0.442361 0.009375 0.023611
1 0.723437 0.468056 0.031250 0.108333
1 0.405078 0.472917 0.022656 0.073611
0 0.858594 0.493056 0.015625 0.044444
1 0.354687 0.473611 0.021875 0.086111
0 0.465625 0.452778 0.007812 0.030556
1 0.455469 0.420139 0.009375 0.029167
0 0.564063 0.426389 0.007812 0.019444
0 0.482031 0.434722 0.007812 0.019444
0 0.840234 0.441667 0.008594 0.027778
1 0.435937 0.423611 0.007812 0.022222
0 0.988281 0.450000 0.010937 0.030556
