0 0.187500 0.554362 0.068359 0.038086
2 0.737549 0.447917 0.022135 0.012207
2 0.816895 0.638021 0.096354 0.058594
2 0.710205 0.470378 0.033203 0.018066
0 0.439209 0.450846 0.030599 0.013184
1 0.061279 0.473633 0.030599 0.040527
1 0.313965 0.415690 0.022786 0.011719
0 0.565918 0.430013 0.020182 0.010742
2 0.800537 0.446289 0.018880 0.010254
0 0.653809 0.426758 0.014974 0.007813
1 0.374756 0.402995 0.015625 0.008301
2 0.746094 0.418620 0.009115 0.004883
2 0.784180 0.423503 0.009766 0.004883
0 0.738281 0.425456 0.011068 0.004883
0 0.719727 0.428060 0.013672 0.005859
2 0.860352 0.444010 0.014323 0.007813
2 0.826904 0.430664 0.011068 0.005371
0 0.700195 0.416016 0.010417 0.004883
2 0.652832 0.408203 0.009115 0.004883
0 0.644775 0.410482 0.008464 0.005371
0 0.600586 0.400391 0.006510 0.004883
2 0.660645 0.404297 0.009115 0.004883
0 0.736084 0.421875 0.010417 0.005371
2 0.625977 0.405273 0.007161 0.004883
0 0.592529 0.404948 0.009115 0.005371
0 0.561035 0.400391 0.006510 0.004883
0 0.566895 0.401693 0.007813 0.004883
0 0.392578 0.401042 0.007813 0.004883
2 0.355957 0.400391 0.011719 0.004883
2 0.707764 0.406576 0.007161 0.005371
0 0.367188 0.400065 0.011068 0.004883
1 0.008545 0.470052 0.048177 0.017090
2 0.639160 0.404948 0.007813 0.004883
2 0.760254 0.410156 0.006510 0.004883
2 0.864990 0.441081 0.013672 0.006348
0 0.571289 0.399414 0.008464 0.004883
0 0.641113 0.402669 0.007161 0.004883
0 0.785156 0.408854 0.006510 0.004883
