2 0.313281 0.568750 0.068056 0.026562
2 0.747266 0.545833 0.058333 0.024219
2 0.652344 0.489583 0.026389 0.010937
2 0.445312 0.482639 0.026389 0.010937
2 0.035156 0.468056 0.019444 0.007812
2 0.174219 0.457639 0.018056 0.007812
2 0.666797 0.472222 0.025000 0.008594
2 0.634375 0.463889 0.013889 0.007812
2 0.296094 0.446528 0.015278 0.007812
2 0.555469 0.466667 0.025000 0.007812
2 0.097656 0.451389 0.019444 0.007812
2 0.356250 0.440278 0.016667 0.007812
3 0.746094 0.454167 0.013889 0.007812
2 0.257031 0.442361 0.015278 0.007812
