0 0.252930 0.693685 0.104818 0.068359
0 0.289795 0.521159 0.059245 0.035645
2 0.649170 0.461263 0.026693 0.027832
2 0.510254 0.444661 0.028646 0.014648
0 0.216797 0.472331 0.034505 0.018555
0 0.199951 0.449870 0.016927 0.014160
2 0.389893 0.434570 0.022786 0.013184
2 0.818115 0.491536 0.046875 0.028809
2 0.369141 0.427083 0.024740 0.013672
0 0.218994 0.434570 0.018880 0.014160
0 0.264893 0.425781 0.018229 0.013184
2 0.447510 0.416992 0.012370 0.012207
2 0.625977 0.404622 0.016276 0.008789
0 0.317871 0.415690 0.014974 0.008789
