2 0.140869 0.543620 0.063802 0.039551
2 0.619873 0.473307 0.037760 0.020020
2 0.805908 0.617188 0.091146 0.044434
2 0.354492 0.477214 0.037760 0.022461
2 0.113037 0.652669 0.103516 0.061035
2 0.401855 0.444010 0.024740 0.016602
2 0.330566 0.429036 0.019531 0.010742
2 0.567627 0.435221 0.021484 0.012207
2 0.434814 0.418294 0.017578 0.009277
2 0.446289 0.411458 0.014323 0.008789
2 0.178223 0.458008 0.030599 0.015625
2 0.538330 0.410482 0.014974 0.007324
2 0.552246 0.421224 0.015625 0.007813
2 0.423096 0.405273 0.013672 0.008301
2 0.147461 0.403320 0.009766 0.004883
2 0.259766 0.410156 0.014323 0.007813
2 0.167969 0.405599 0.013021 0.006836
2 0.103271 0.407227 0.011068 0.006348
2 0.528809 0.404297 0.010417 0.004883
2 0.142334 0.422201 0.014974 0.010254
2 0.117188 0.412760 0.015625 0.008789
