0 0.705625 0.704688 0.228125 0.068750
0 0.543125 0.348438 0.071875 0.016250
0 0.596250 0.435937 0.103125 0.030000
2 0.284375 0.675000 0.206250 0.071250
1 0.808750 0.418750 0.087500 0.052500
2 0.400625 0.426563 0.128125 0.033750
0 0.493125 0.304688 0.053125 0.013750
0 0.761875 0.351562 0.078125 0.026250
2 0.436875 0.357812 0.078125 0.023750
0 0.441250 0.285938 0.040625 0.012500
0 0.826875 0.257812 0.040625 0.011250
2 0.401250 0.326562 0.059375 0.015000
0 0.406875 0.267188 0.040625 0.011250
0 0.713125 0.262500 0.025000 0.011250
2 0.722500 0.242188 0.034375 0.010000
2 0.781250 0.234375 0.037500 0.010000
1 0.923125 0.253125 0.043750 0.013750
2 0.675625 0.234375 0.031250 0.008750
2 0.617500 0.207813 0.034375 0.010000
2 0.655000 0.223438 0.028125 0.007500
2 0.328750 0.264062 0.040625 0.010000
2 0.366875 0.245312 0.034375 0.011250
2 0.319375 0.285938 0.040625 0.011250
2 0.310000 0.270313 0.040625 0.012500
2 0.554375 0.204687 0.028125 0.013750
