1 0.499512 0.465495 0.057292 0.025391
1 0.519531 0.476237 0.063151 0.028320
1 0.249023 0.495768 0.070964 0.033203
1 0.262207 0.477865 0.058594 0.025391
2 0.469727 0.451823 0.026042 0.015625
0 0.280518 0.467448 0.029948 0.014160
2 0.438232 0.438802 0.020833 0.012207
2 0.411377 0.421875 0.015625 0.008301
2 0.402100 0.415690 0.012370 0.008301
0 0.311768 0.425130 0.015625 0.010254
0 0.297852 0.443359 0.022135 0.012695
2 0.386475 0.406576 0.009766 0.005371
2 0.393799 0.410807 0.011719 0.006348
0 0.318115 0.417318 0.010417 0.005371
2 0.382324 0.403646 0.007812 0.004883
0 0.326660 0.405924 0.007161 0.004883
2 0.380371 0.400716 0.008464 0.004883
0 0.322754 0.407878 0.008464 0.004883
