2 0.823730 0.535482 0.037109 0.060547
2 0.668945 0.467122 0.023438 0.038411
0 0.270264 0.484701 0.022949 0.039714
0 0.045410 0.631510 0.068359 0.092448
2 0.575928 0.435547 0.014160 0.024740
0 0.275879 0.452148 0.015625 0.027995
2 0.497314 0.423503 0.011230 0.020182
2 0.384766 0.420247 0.009766 0.018880
0 0.187988 0.447266 0.013672 0.024740
2 0.300781 0.418945 0.009766 0.017578
2 0.217285 0.424154 0.007813 0.017578
2 0.163574 0.411133 0.005859 0.011068
2 0.114746 0.430339 0.008789 0.015625
2 0.061523 0.431641 0.008789 0.015625
0 0.048340 0.450846 0.012695 0.022786
0 0.043457 0.422201 0.005859 0.011068
0 0.136719 0.411133 0.004883 0.009766
0 0.238281 0.398763 0.004883 0.008464
2 0.248535 0.401693 0.005859 0.010417
2 0.325684 0.393880 0.004883 0.010417
0 0.315918 0.390625 0.004883 0.007813
