0 0.296387 0.525391 0.028320 0.050781
0 0.404053 0.445964 0.013184 0.024740
2 0.590576 0.442383 0.016113 0.024089
2 0.743408 0.519531 0.029785 0.054688
1 0.440186 0.418945 0.008301 0.021484
2 0.546387 0.423177 0.007813 0.015625
0 0.436035 0.426432 0.006836 0.013021
0 0.446777 0.418294 0.004883 0.012370
1 0.540771 0.416992 0.007324 0.020182
2 0.530273 0.415365 0.004883 0.011719
2 0.523926 0.412435 0.004883 0.009766
0 0.453613 0.409831 0.004883 0.008464
2 0.512695 0.408203 0.004883 0.007813
0 0.465332 0.408203 0.004883 0.009115
0 0.476074 0.406250 0.004883 0.006510
2 0.523926 0.406901 0.004883 0.006510
