2 0.840088 0.626302 0.057129 0.108073
0 0.185791 0.554036 0.040527 0.070312
0 0.427002 0.472331 0.018066 0.035807
2 0.691895 0.487630 0.025391 0.042969
2 0.741455 0.460612 0.018066 0.031901
2 0.836426 0.495768 0.027344 0.047526
0 0.479980 0.444010 0.011719 0.024740
0 0.501221 0.432617 0.011230 0.021484
2 0.639893 0.451823 0.017090 0.028646
2 0.695312 0.444661 0.011719 0.024740
0 0.915039 0.467773 0.015625 0.035807
2 0.665039 0.436198 0.014648 0.023438
0 0.762695 0.440104 0.010742 0.018229
0 0.821533 0.451172 0.013184 0.024740
0 0.722412 0.434570 0.012207 0.020182
2 0.618652 0.437174 0.010742 0.018880
2 0.642578 0.431966 0.008789 0.016276
2 0.599121 0.431315 0.008789 0.016276
0 0.437988 0.427409 0.007812 0.016276
0 0.395752 0.427083 0.009277 0.018229
