2 0.151250 0.492188 0.109375 0.037500
2 0.383125 0.509375 0.125000 0.036250
0 0.059375 0.721875 0.200000 0.063750
2 0.614375 0.429688 0.078125 0.028750
0 0.710625 0.350000 0.118750 0.036250
0 0.335625 0.379688 0.046875 0.021250
2 0.401250 0.342187 0.053125 0.012500
0 0.445625 0.325000 0.043750 0.011250
2 0.601875 0.350000 0.043750 0.021250
2 0.576875 0.314063 0.034375 0.016250
0 0.490000 0.301563 0.034375 0.007500
2 0.538125 0.290625 0.037500 0.011250
0 0.601875 0.251563 0.040625 0.008750
0 0.570625 0.287500 0.031250 0.008750
0 0.293125 0.056250 0.075000 0.021250
2 0.525000 0.267188 0.021875 0.007500
2 0.487500 0.281250 0.031250 0.007500
0 0.636875 0.204687 0.034375 0.008750
0 0.611250 0.284375 0.025000 0.007500
2 0.514375 0.257812 0.021875 0.008750
1 0.507500 0.259375 0.018750 0.007500
