2 0.184814 0.525065 0.033691 0.061849
2 0.749512 0.574870 0.044922 0.080729
2 0.608887 0.465495 0.017578 0.035156
2 0.366943 0.468750 0.020996 0.037760
2 0.188721 0.602214 0.049316 0.087240
2 0.563232 0.432292 0.010254 0.019531
2 0.338135 0.428385 0.010254 0.018229
2 0.198975 0.455078 0.014160 0.026042
2 0.407959 0.441081 0.014160 0.026693
2 0.436768 0.418294 0.007324 0.013672
2 0.447998 0.411133 0.007324 0.012370
2 0.549316 0.419922 0.007813 0.015625
2 0.424805 0.405273 0.006836 0.011068
2 0.460693 0.400065 0.005371 0.009766
2 0.536621 0.410482 0.007813 0.013672
2 0.527100 0.403646 0.006348 0.011719
2 0.523926 0.400716 0.004883 0.009766
2 0.154053 0.421875 0.010254 0.014323
2 0.127197 0.414063 0.008301 0.013021
2 0.469727 0.396484 0.004883 0.007813
2 0.519531 0.398763 0.004883 0.008464
2 0.473633 0.396810 0.004883 0.007161
