2 0.500000 0.471875 0.068750 0.040000
2 0.420625 0.476562 0.071875 0.043750
0 0.078125 0.810937 0.240625 0.076250
0 0.365000 0.459375 0.075000 0.037500
0 0.174375 0.546875 0.125000 0.043750
0 0.218750 0.410938 0.078125 0.025000
0 0.223750 0.373437 0.059375 0.017500
2 0.072500 0.415625 0.068750 0.022500
2 0.102500 0.373437 0.053125 0.017500
0 0.548750 0.176563 0.071875 0.017500
2 0.500000 0.285938 0.059375 0.017500
0 0.509375 0.376563 0.065625 0.016250
2 0.470000 0.362500 0.056250 0.015000
0 0.468750 0.271875 0.043750 0.010000
2 0.523125 0.278125 0.062500 0.016250
2 0.014375 0.482812 0.084375 0.023750
2 0.120625 0.326562 0.034375 0.013750
2 0.152500 0.315625 0.031250 0.012500
2 0.107500 0.334375 0.037500 0.015000
2 0.091875 0.354687 0.040625 0.013750
2 0.085000 0.351562 0.040625 0.012500
2 0.408125 0.403125 0.062500 0.023750
0 0.231875 0.309375 0.031250 0.008750
2 0.466875 0.114062 0.046875 0.011250
0 0.223750 0.337500 0.043750 0.012500
0 0.210625 0.353125 0.050000 0.011250
1 0.793750 0.354687 0.109375 0.022500
0 0.200000 0.321875 0.037500 0.010000
2 0.170625 0.307812 0.028125 0.008750
0 0.457500 0.340625 0.043750 0.010000
0 0.477500 0.048438 0.053125 0.010000
0 0.261250 0.303125 0.025000 0.007500
2 0.047500 0.326562 0.028125 0.007500
2 0.135000 0.300000 0.018750 0.007500
2 0.091875 0.309375 0.031250 0.011250
0 0.070625 0.312500 0.025000 0.008750
0 0.040000 0.321875 0.025000 0.007500
2 0.435625 0.268750 0.050000 0.013750
0 0.288750 0.298438 0.028125 0.007500
0 0.130000 0.300000 0.018750 0.007500
2 0.210000 0.300000 0.025000 0.007500
0 0.012500 0.332813 0.021875 0.007500
0 0.206250 0.325000 0.031250 0.007500
0 0.166250 0.296875 0.025000 0.007500
0 0.216250 0.290625 0.025000 0.007500
0 0.105000 0.306250 0.018750 0.007500
0 0.203750 0.293750 0.018750 0.007500
2 0.238125 0.295312 0.021875 0.008750
2 0.176875 0.295312 0.028125 0.008750
