2 0.292725 0.592448 0.046387 0.083333
2 0.386963 0.497070 0.022949 0.044922
2 0.727539 0.497396 0.028320 0.048177
2 0.690430 0.458333 0.016602 0.035156
2 0.417236 0.464518 0.018066 0.037109
2 0.480225 0.443359 0.014160 0.028646
2 0.550781 0.429036 0.011719 0.022135
2 0.612549 0.422526 0.010254 0.019531
2 0.691650 0.419596 0.012207 0.022786
2 0.807129 0.436849 0.014648 0.024740
2 0.774414 0.418294 0.010742 0.018880
2 0.971436 0.439779 0.015137 0.025391
1 0.577148 0.400065 0.005859 0.012370
2 0.860840 0.419922 0.010742 0.018229
