0 0.462158 0.505208 0.025879 0.049479
0 0.617432 0.476888 0.018066 0.035807
0 0.758545 0.461263 0.013184 0.025391
2 0.966309 0.471029 0.013672 0.025391
2 0.912109 0.448568 0.006836 0.014323
2 0.953125 0.460286 0.011719 0.018229
2 0.934326 0.453125 0.008301 0.014323
0 0.824707 0.445313 0.004883 0.014323
0 0.804688 0.448568 0.008789 0.022135
2 0.742920 0.427734 0.005371 0.010417
2 0.816406 0.436198 0.004883 0.010417
0 0.808594 0.437826 0.004883 0.011068
0 0.755371 0.431966 0.004883 0.009766
0 0.720215 0.427734 0.004883 0.010417
2 0.666504 0.419922 0.005859 0.010417
2 0.864990 0.441406 0.006348 0.011719
2 0.994629 0.495443 0.010742 0.032552
2 0.939941 0.441406 0.005859 0.007813
2 0.951660 0.445313 0.006836 0.009115
2 0.963623 0.448893 0.006348 0.009766
2 0.978760 0.453451 0.008301 0.012370
2 0.995361 0.459961 0.007324 0.013672
2 0.934082 0.438151 0.004883 0.007813
2 0.928711 0.436198 0.004883 0.006510
2 0.926270 0.434245 0.004883 0.006510
0 0.454590 0.408203 0.004883 0.006510
2 0.491699 0.407552 0.004883 0.006510
0 0.518555 0.412109 0.004883 0.006510
0 0.569092 0.414714 0.006348 0.007813
2 0.602051 0.415365 0.004883 0.009115
0 0.637451 0.419596 0.005371 0.008464
2 0.533691 0.411133 0.004883 0.008464
