2 0.739014 0.550456 0.036621 0.074870
0 0.117432 0.644857 0.059082 0.100911
2 0.619873 0.463867 0.017090 0.031901
0 0.385986 0.472656 0.017090 0.032552
2 0.587646 0.439453 0.011230 0.020833
0 0.443604 0.438151 0.010254 0.018229
0 0.467041 0.425456 0.008301 0.014974
2 0.572021 0.425456 0.009277 0.017578
0 0.478027 0.418294 0.004883 0.009766
2 0.574707 0.412760 0.004883 0.009115
0 0.488281 0.411784 0.004883 0.008464
0 0.481445 0.413411 0.004883 0.007813
0 0.518066 0.410807 0.004883 0.006510
2 0.595215 0.409505 0.004883 0.006510
2 0.561035 0.418620 0.004883 0.009115
2 0.637207 0.407227 0.004883 0.007161
2 0.612305 0.408529 0.004883 0.007161
0 0.555664 0.407552 0.004883 0.006510
2 0.559570 0.415039 0.004883 0.008464
