1 0.381771 0.387037 0.050000 0.013542
1 0.639062 0.407407 0.051852 0.022917
1 0.270313 0.400000 0.027778 0.025000
1 0.456510 0.344444 0.024074 0.009896
1 0.185938 0.405556 0.035185 0.018750
1 0.494531 0.323148 0.016667 0.006771
1 0.288281 0.396759 0.030556 0.023438
1 0.618750 0.351852 0.025926 0.012500
1 0.608594 0.327778 0.018519 0.008854
1 0.533854 0.295370 0.009259 0.005208
1 0.572917 0.300000 0.009259 0.005208
1 0.588542 0.306481 0.009259 0.005208
1 0.597396 0.314815 0.014815 0.005208
1 0.507813 0.310648 0.012037 0.005208
