2 0.118750 0.519426 0.170608 0.117500
2 0.413125 0.507601 0.106419 0.058750
2 0.605625 0.508446 0.084459 0.048750
2 0.729375 0.510135 0.064189 0.036250
2 0.693125 0.505068 0.047297 0.026250
0 0.928750 0.518581 0.043919 0.022500
0 0.784375 0.503378 0.037162 0.018750
0 0.659375 0.494932 0.030405 0.013750
2 0.501250 0.486486 0.043919 0.022500
2 0.215625 0.470439 0.048986 0.026250
2 0.386875 0.478885 0.042230 0.021250
0 0.555000 0.486486 0.030405 0.012500
0 0.457500 0.479730 0.037162 0.015000
0 0.363750 0.472973 0.037162 0.017500
0 0.254375 0.468750 0.038851 0.021250
