0 0.629375 0.507812 0.041250 0.140625
0 0.818125 0.364063 0.036250 0.090625
0 0.551250 0.371875 0.022500 0.087500
1 0.897500 0.456250 0.065000 0.112500
2 0.372500 0.504687 0.045000 0.171875
2 0.424375 0.389062 0.028750 0.090625
2 0.382500 0.350000 0.017500 0.068750
0 0.488125 0.310937 0.016250 0.065625
0 0.430000 0.295312 0.015000 0.053125
2 0.621875 0.201563 0.013750 0.046875
0 0.848750 0.243750 0.015000 0.056250
0 0.393750 0.275000 0.010000 0.043750
2 0.791875 0.215625 0.011250 0.037500
2 0.680000 0.218750 0.010000 0.037500
0 0.726250 0.250000 0.017500 0.031250
2 0.732500 0.221875 0.010000 0.031250
2 0.930000 0.212500 0.012500 0.037500
2 0.101250 0.962500 0.060000 0.068750
