0 0.565625 0.564063 0.196875 0.071250
2 0.155000 0.840625 0.306250 0.105000
0 0.392500 0.281250 0.087500 0.030000
2 0.769375 0.420312 0.146875 0.041250
0 0.748750 0.320312 0.096875 0.027500
0 0.526875 0.264062 0.078125 0.023750
2 0.307500 0.312500 0.100000 0.032500
0 0.601250 0.242188 0.065625 0.017500
2 0.831875 0.271875 0.075000 0.021250
0 0.706875 0.226562 0.053125 0.011250
0 0.756250 0.217188 0.046875 0.010000
0 0.783750 0.210938 0.046875 0.010000
0 0.741250 0.198437 0.034375 0.007500
2 0.906875 0.253125 0.062500 0.016250
1 0.207500 0.235937 0.065625 0.012500
2 0.825625 0.198437 0.040625 0.013750
0 0.663125 0.196875 0.037500 0.008750
2 0.990625 0.237500 0.056250 0.016250
0 0.640000 0.192188 0.034375 0.007500
0 0.968125 0.250000 0.050000 0.016250
2 0.131250 0.176563 0.040625 0.010000
2 0.194375 0.178125 0.037500 0.008750
0 0.295000 0.175000 0.037500 0.012500
2 0.906875 0.204687 0.040625 0.008750
2 0.719375 0.203125 0.043750 0.011250
0 0.608125 0.196875 0.043750 0.013750
2 0.533750 0.189062 0.040625 0.012500
0 0.505000 0.179688 0.040625 0.010000
2 0.173125 0.176563 0.040625 0.008750
2 0.157500 0.168750 0.037500 0.007500
2 0.053125 0.170313 0.040625 0.011250
2 0.417500 0.181250 0.037500 0.007500
