0 0.625625 0.657813 0.209375 0.068750
2 0.301250 0.485938 0.146875 0.045000
2 0.198750 0.315625 0.156250 0.055000
2 0.598750 0.393750 0.106250 0.032500
2 0.443750 0.360938 0.096875 0.025000
0 0.570625 0.301563 0.059375 0.013750
0 0.458750 0.289062 0.046875 0.012500
2 0.543125 0.267188 0.059375 0.013750
0 0.526875 0.240625 0.043750 0.011250
0 0.451875 0.164062 0.040625 0.008750
0 0.493750 0.223438 0.028125 0.010000
0 0.442500 0.160938 0.065625 0.015000
1 0.477500 0.156250 0.043750 0.010000
0 0.410625 0.112500 0.050000 0.013750
0 0.559375 0.146875 0.050000 0.011250
