0 0.426875 0.475000 0.106250 0.033750
0 0.810625 0.396875 0.081250 0.028750
0 0.845000 0.732812 0.215625 0.090000
0 0.522500 0.384375 0.075000 0.020000
0 0.572500 0.345313 0.059375 0.015000
0 0.928750 0.378125 0.075000 0.025000
0 0.476875 0.314063 0.046875 0.013750
2 0.160625 0.335938 0.059375 0.023750
0 0.903125 0.306250 0.043750 0.023750
2 0.095000 0.328125 0.056250 0.017500
2 0.260625 0.303125 0.043750 0.018750
2 0.048125 0.362500 0.062500 0.021250
2 0.731250 0.284375 0.043750 0.012500
0 0.341875 0.284375 0.031250 0.008750
2 0.406250 0.285938 0.034375 0.007500
0 0.623125 0.285938 0.040625 0.011250
2 0.661875 0.259375 0.043750 0.011250
0 0.533750 0.267188 0.028125 0.007500
1 0.395000 0.276562 0.040625 0.012500
2 0.786250 0.287500 0.050000 0.012500
1 0.297500 0.295312 0.040625 0.010000
