0 0.076875 0.810937 0.215625 0.071250
0 0.175000 0.545312 0.128125 0.042500
0 0.218125 0.418750 0.075000 0.021250
2 0.071875 0.418750 0.068750 0.021250
0 0.386875 0.384375 0.075000 0.021250
2 0.501250 0.471875 0.081250 0.040000
0 0.510000 0.373437 0.065625 0.017500
2 0.470625 0.357812 0.059375 0.013750
2 0.013750 0.485938 0.096875 0.025000
2 0.101875 0.371875 0.050000 0.016250
0 0.223750 0.375000 0.056250 0.015000
1 0.791875 0.356250 0.112500 0.026250
0 0.549375 0.173437 0.078125 0.018750
2 0.499375 0.284375 0.062500 0.018750
2 0.522500 0.278125 0.062500 0.015000
0 0.211250 0.348438 0.040625 0.012500
2 0.150625 0.314063 0.034375 0.011250
0 0.457500 0.343750 0.037500 0.007500
2 0.416250 0.315625 0.062500 0.025000
2 0.106250 0.334375 0.037500 0.010000
0 0.221250 0.332813 0.034375 0.010000
0 0.262500 0.304688 0.028125 0.007500
2 0.170000 0.307812 0.034375 0.007500
0 0.198750 0.321875 0.037500 0.007500
0 0.469375 0.270313 0.046875 0.011250
2 0.435000 0.267188 0.046875 0.010000
2 0.395625 0.293750 0.068750 0.028750
0 0.231250 0.306250 0.031250 0.007500
2 0.090000 0.353125 0.043750 0.012500
2 0.120000 0.325000 0.037500 0.012500
2 0.092500 0.310937 0.028125 0.007500
0 0.288750 0.300000 0.025000 0.007500
0 0.305000 0.296875 0.018750 0.007500
0 0.071875 0.310937 0.028125 0.008750
2 0.046250 0.323437 0.028125 0.007500
2 0.209375 0.300000 0.025000 0.008750
2 0.240000 0.295312 0.021875 0.007500
2 0.215625 0.292187 0.028125 0.008750
2 0.177500 0.295312 0.028125 0.007500
0 0.012500 0.335938 0.021875 0.007500
0 0.105000 0.306250 0.018750 0.007500
0 0.040625 0.323437 0.028125 0.008750
2 0.466875 0.109375 0.056250 0.016250
2 0.135000 0.301563 0.028125 0.010000
2 0.084375 0.351562 0.040625 0.011250
