2 0.786377 0.662109 0.111979 0.065918
2 0.690674 0.448242 0.025391 0.014160
2 0.671875 0.486979 0.042969 0.022461
0 0.317871 0.482096 0.038411 0.019531
0 0.437744 0.443685 0.027995 0.013184
2 0.511719 0.412760 0.015625 0.009766
0 0.470947 0.430664 0.022786 0.010254
2 0.627930 0.423503 0.016276 0.008789
2 0.662109 0.433594 0.022135 0.012695
0 0.458252 0.422201 0.014974 0.007324
0 0.401123 0.417969 0.013021 0.006348
2 0.583984 0.416992 0.013672 0.006836
0 0.315918 0.417318 0.013021 0.008789
2 0.341064 0.402344 0.010417 0.005371
2 0.331055 0.410156 0.011719 0.005859
2 0.453369 0.409831 0.011068 0.005371
0 0.237061 0.416341 0.013672 0.007324
2 0.291504 0.409831 0.011068 0.005859
0 0.201172 0.414714 0.010417 0.004883
2 0.398926 0.410482 0.011068 0.005859
