0 0.850625 0.265625 0.028750 0.100000
2 0.330625 0.315625 0.033750 0.118750
2 0.068750 0.420312 0.050000 0.165625
2 0.165625 0.356250 0.038750 0.131250
0 0.637500 0.282813 0.030000 0.103125
0 0.975625 0.468750 0.043750 0.187500
0 0.380625 0.190625 0.013750 0.062500
2 0.520000 0.198437 0.015000 0.059375
0 0.431875 0.178125 0.013750 0.056250
2 0.278125 0.179688 0.013750 0.053125
0 0.544375 0.184375 0.013750 0.056250
2 0.761875 0.181250 0.016250 0.062500
2 0.785625 0.198437 0.018750 0.065625
2 0.622500 0.198437 0.017500 0.065625
1 0.643125 0.184375 0.016250 0.050000
2 0.990000 0.195312 0.012500 0.059375
2 0.904375 0.181250 0.013750 0.056250
2 0.980625 0.178125 0.011250 0.050000
