2 0.818125 0.756250 0.287500 0.096250
2 0.126250 0.650000 0.250000 0.082500
1 0.615000 0.460938 0.165625 0.050000
0 0.211250 0.415625 0.150000 0.045000
2 0.550625 0.378125 0.118750 0.033750
2 0.433750 0.285938 0.071875 0.022500
2 0.510000 0.234375 0.062500 0.020000
2 0.343750 0.325000 0.100000 0.027500
2 0.566875 0.306250 0.087500 0.028750
2 0.328750 0.242188 0.046875 0.025000
1 0.614375 0.210938 0.053125 0.013750
1 0.721875 0.210938 0.040625 0.011250
2 0.720000 0.270313 0.046875 0.032500
1 0.714375 0.195312 0.053125 0.011250
