0 0.295898 0.514323 0.053385 0.027344
1 0.411133 0.430339 0.031250 0.011719
2 0.679199 0.502604 0.052083 0.030273
2 0.566162 0.440430 0.022786 0.012207
0 0.400879 0.443359 0.020833 0.010742
1 0.555664 0.428385 0.029948 0.010742
2 0.537598 0.422526 0.015625 0.007813
0 0.431885 0.417643 0.012370 0.005371
0 0.440918 0.411133 0.011068 0.004883
0 0.425537 0.424479 0.015625 0.007324
1 0.548828 0.424805 0.026693 0.008789
2 0.527588 0.415690 0.012370 0.007324
0 0.455322 0.406901 0.009115 0.005371
2 0.512451 0.408529 0.009766 0.006348
2 0.525391 0.405924 0.008464 0.004883
2 0.501953 0.401367 0.007161 0.004883
0 0.470703 0.404297 0.006510 0.004883
2 0.515137 0.402669 0.007161 0.004883
0 0.465820 0.402995 0.006510 0.004883
