2 0.788125 0.482812 0.134375 0.046250
2 0.233750 0.614062 0.171875 0.060000
2 0.642500 0.360938 0.090625 0.025000
2 0.598125 0.306250 0.075000 0.018750
2 0.347500 0.339062 0.103125 0.027500
0 0.443125 0.300000 0.068750 0.011250
0 0.619375 0.270313 0.053125 0.011250
0 0.383750 0.306250 0.075000 0.017500
0 0.629375 0.287500 0.056250 0.013750
0 0.608125 0.254688 0.046875 0.011250
0 0.480000 0.264062 0.046875 0.010000
1 0.593750 0.243750 0.037500 0.007500
0 0.565625 0.246875 0.050000 0.011250
0 0.494375 0.251563 0.034375 0.011250
