0 0.348877 0.510091 0.051432 0.027832
0 0.446289 0.443359 0.022135 0.011719
2 0.729004 0.505534 0.048828 0.030273
2 0.611572 0.442057 0.022135 0.011230
1 0.599609 0.429688 0.031250 0.013672
1 0.593750 0.425456 0.026693 0.009766
0 0.469971 0.424154 0.016276 0.009277
2 0.581299 0.423177 0.014323 0.007324
1 0.455566 0.428385 0.028646 0.008789
2 0.570313 0.416341 0.012370 0.004883
0 0.473877 0.416667 0.011719 0.005371
0 0.497803 0.407227 0.008464 0.005371
2 0.554199 0.409180 0.009766 0.004883
2 0.566406 0.406250 0.009115 0.004883
0 0.483398 0.411458 0.010417 0.004883
1 0.460938 0.424805 0.029297 0.009766
