2 0.632500 0.571875 0.156250 0.042500
2 0.436250 0.542188 0.140625 0.037500
0 0.493750 0.379688 0.078125 0.020000
0 0.548125 0.364063 0.065625 0.018750
2 0.414375 0.414062 0.096875 0.023750
2 0.602500 0.339062 0.059375 0.015000
2 0.683750 0.379688 0.071875 0.022500
0 0.695000 0.331250 0.056250 0.012500
2 0.954375 0.432812 0.090625 0.031250
2 0.893125 0.350000 0.062500 0.018750
2 0.850625 0.317188 0.046875 0.013750
2 0.786250 0.273438 0.034375 0.010000
2 0.699375 0.287500 0.037500 0.008750
0 0.815625 0.293750 0.037500 0.011250
0 0.764375 0.264062 0.028125 0.011250
2 0.692500 0.253125 0.018750 0.007500
0 0.614375 0.204687 0.034375 0.008750
2 0.723750 0.203125 0.025000 0.007500
0 0.665000 0.271875 0.025000 0.010000
