1 0.076172 0.732422 0.239583 0.125977
1 0.222168 0.590495 0.143229 0.067383
1 0.926025 0.693359 0.205729 0.114746
1 0.805908 0.601237 0.154297 0.076660
2 0.674316 0.505534 0.051432 0.033203
2 0.603760 0.459310 0.035807 0.021973
0 0.323242 0.523112 0.060547 0.032227
0 0.391113 0.456706 0.029297 0.016602
0 0.428955 0.422852 0.020182 0.011230
2 0.558105 0.424479 0.019531 0.009766
2 0.543457 0.412435 0.013672 0.007812
2 0.533447 0.406250 0.011719 0.006348
2 0.525391 0.400391 0.009115 0.004883
0 0.442139 0.411133 0.012370 0.005371
0 0.452637 0.400716 0.009766 0.004883
2 0.519043 0.392904 0.009766 0.004883
0 0.447754 0.405924 0.012370 0.004883
