0 0.788125 0.490625 0.250000 0.063750
2 0.927500 0.673438 0.334375 0.100000
0 0.863125 0.364063 0.196875 0.063750
2 0.061250 0.451562 0.221875 0.067500
0 0.250000 0.318750 0.168750 0.045000
1 0.190625 0.092188 0.153125 0.046250
0 0.533125 0.234375 0.131250 0.033750
2 0.968125 0.212500 0.143750 0.031250
0 0.301875 0.084375 0.150000 0.051250
1 0.919375 0.096875 0.106250 0.028750
2 0.391875 0.068750 0.131250 0.033750
2 0.496875 0.057813 0.115625 0.036250
2 0.860625 0.101562 0.109375 0.023750
2 0.853750 0.290625 0.187500 0.032500
