0 0.181641 0.717122 0.070313 0.128255
2 0.632080 0.506836 0.024902 0.050130
0 0.202148 0.574870 0.039063 0.074219
2 0.452637 0.452148 0.014648 0.029297
0 0.218506 0.477865 0.015137 0.031250
0 0.231201 0.450521 0.010254 0.020833
0 0.235840 0.438802 0.007813 0.014323
2 0.345215 0.425781 0.007813 0.014323
2 0.385742 0.436198 0.009766 0.019531
0 0.237793 0.429036 0.004883 0.011719
2 0.300781 0.414388 0.004883 0.008464
2 0.326660 0.421549 0.006836 0.013672
2 0.309326 0.416341 0.005371 0.011068
2 0.292969 0.412760 0.004883 0.007813
2 0.289063 0.412760 0.004883 0.007813
