2 0.837646 0.689453 0.121094 0.074707
2 0.423584 0.444010 0.024740 0.013184
2 0.358398 0.498698 0.046875 0.027344
2 0.569092 0.441406 0.020833 0.012207
2 0.136230 0.440755 0.018229 0.007813
2 0.154541 0.468099 0.027344 0.012207
2 0.452148 0.426758 0.018880 0.009766
2 0.552490 0.426432 0.016927 0.007324
2 0.470215 0.416992 0.011068 0.004883
2 0.478516 0.416016 0.010417 0.004883
2 0.383301 0.419596 0.013672 0.005859
2 0.157959 0.421549 0.011068 0.006348
2 0.359375 0.417969 0.010417 0.004883
2 0.544434 0.420898 0.013672 0.004883
2 0.539063 0.417318 0.010417 0.004883
2 0.101318 0.430990 0.014323 0.007324
2 0.213379 0.423177 0.011719 0.006836
2 0.312988 0.416016 0.007813 0.004883
2 0.423828 0.416016 0.009115 0.004883
2 0.085693 0.428711 0.008464 0.005371
2 0.208008 0.417969 0.006510 0.004883
2 0.224121 0.420898 0.007161 0.004883
2 0.240723 0.414063 0.006510 0.004883
2 0.253418 0.417969 0.006510 0.004883
2 0.272949 0.411458 0.006510 0.004883
2 0.296875 0.414063 0.006510 0.004883
2 0.295898 0.409505 0.006510 0.004883
2 0.315918 0.411458 0.006510 0.004883
2 0.319336 0.407552 0.006510 0.004883
2 0.328613 0.405599 0.006510 0.004883
2 0.342773 0.409505 0.006510 0.004883
2 0.336426 0.409505 0.006510 0.004883
2 0.334961 0.405599 0.006510 0.004883
2 0.356934 0.412760 0.006510 0.004883
2 0.490234 0.414063 0.009115 0.004883
2 0.531250 0.413086 0.008464 0.004883
2 0.529297 0.412760 0.006510 0.004883
