0 0.214111 0.507813 0.052083 0.030762
2 0.675049 0.515625 0.052083 0.027832
0 0.434082 0.442708 0.027344 0.017578
2 0.685547 0.463867 0.029297 0.016602
1 0.094727 0.435547 0.031250 0.017578
0 0.605713 0.426107 0.014974 0.008301
0 0.629150 0.422526 0.013021 0.007324
0 0.544189 0.430339 0.018229 0.010254
2 0.719727 0.446289 0.024089 0.014648
2 0.770020 0.440755 0.016927 0.006836
2 0.668945 0.416992 0.011068 0.004883
2 0.764404 0.434570 0.016276 0.008301
0 0.521973 0.407552 0.010417 0.004883
1 0.202881 0.414388 0.016276 0.008301
2 0.530762 0.404948 0.009115 0.004883
2 0.500000 0.402018 0.008464 0.004883
0 0.463379 0.402995 0.009115 0.004883
2 0.471191 0.398112 0.007161 0.004883
2 0.515625 0.401042 0.009115 0.004883
0 0.428711 0.398438 0.007813 0.004883
0 0.434814 0.400391 0.007813 0.005371
0 0.584229 0.413411 0.010417 0.005371
