2 0.127344 0.922222 0.152778 0.068750
2 0.948047 0.734722 0.130556 0.044531
2 0.277734 0.608333 0.072222 0.027344
2 0.298828 0.548611 0.047222 0.019531
2 0.605078 0.540278 0.055556 0.021094
2 0.342969 0.464583 0.020833 0.007812
2 0.228906 0.494444 0.025000 0.007812
2 0.267188 0.511806 0.034722 0.014063
2 0.447266 0.474306 0.029167 0.008594
2 0.168750 0.503472 0.020833 0.007812
2 0.300781 0.462500 0.016667 0.007812
2 0.114062 0.508333 0.019444 0.007812
2 0.250000 0.456944 0.013889 0.007812
2 0.976562 0.432639 0.018056 0.007812
2 0.094531 0.502083 0.020833 0.007812
2 0.271484 0.459722 0.016667 0.007031
