1 0.149902 0.644857 0.173828 0.090820
1 0.348877 0.509440 0.048828 0.029785
1 0.855469 0.631185 0.167318 0.080078
1 0.675049 0.516276 0.052083 0.029785
1 0.611328 0.469401 0.029948 0.018555
1 0.411133 0.464844 0.029948 0.020508
1 0.584961 0.448568 0.019531 0.011719
1 0.453125 0.437500 0.016927 0.008789
1 0.570557 0.438151 0.020833 0.010254
1 0.440186 0.444987 0.016276 0.008301
1 0.462891 0.431315 0.012370 0.005859
1 0.475586 0.422201 0.009766 0.004883
1 0.562256 0.433919 0.013672 0.007324
1 0.555664 0.428711 0.012370 0.004883
1 0.546875 0.424479 0.010417 0.005859
1 0.468506 0.426107 0.011068 0.006348
1 0.544434 0.418945 0.009766 0.004883
2 0.032471 0.815755 0.154948 0.063965
