1 0.834115 0.725463 0.060937 0.156481
1 0.855990 0.526852 0.028646 0.066667
1 0.479948 0.412963 0.024479 0.057407
1 0.303125 0.455093 0.035417 0.082407
1 0.670573 0.387500 0.013021 0.032407
1 0.253385 0.356481 0.015104 0.031481
1 0.846094 0.414352 0.008854 0.021296
1 0.508854 0.347685 0.008333 0.025000
1 0.744010 0.394907 0.009896 0.025000
1 0.944271 0.475463 0.014583 0.030556
1 0.016927 0.656944 0.031771 0.137963
1 0.156771 0.346296 0.014583 0.029630
1 0.884375 0.418056 0.005208 0.019444
1 0.251563 0.326852 0.011458 0.024074
1 0.321615 0.329630 0.009896 0.024074
