2 0.633057 0.454427 0.019043 0.033854
2 0.764160 0.508138 0.030273 0.055339
2 0.518555 0.437826 0.014648 0.027995
0 0.226807 0.527344 0.033691 0.053385
0 0.179688 0.464844 0.015625 0.026042
0 0.268311 0.476237 0.018066 0.031901
2 0.413086 0.432943 0.012695 0.022135
2 0.232666 0.436523 0.013184 0.022786
2 0.329590 0.431641 0.010742 0.018229
2 0.281250 0.410156 0.006836 0.010417
2 0.124512 0.442057 0.009766 0.018229
2 0.136719 0.430013 0.007813 0.013672
2 0.192627 0.419596 0.006348 0.011068
0 0.039063 0.467122 0.012695 0.024089
2 0.081299 0.441081 0.009277 0.014974
2 0.365479 0.400716 0.005371 0.009766
0 0.353027 0.397461 0.004883 0.007161
0 0.168945 0.418945 0.006836 0.009766
1 0.203613 0.406901 0.004883 0.009115
0 0.272949 0.405599 0.004883 0.006510
2 0.434326 0.394206 0.006348 0.009766
