0 0.127686 0.637044 0.065918 0.095703
2 0.781006 0.491211 0.023926 0.042318
0 0.271973 0.504883 0.023438 0.050130
0 0.191162 0.480794 0.020020 0.035807
2 0.616455 0.456380 0.018066 0.031250
2 0.484619 0.441406 0.015137 0.026042
2 0.282959 0.439779 0.011230 0.021484
2 0.171387 0.441732 0.010742 0.020182
2 0.390137 0.436198 0.011719 0.024740
2 0.353271 0.408529 0.007324 0.013672
0 0.058105 0.474609 0.017578 0.029948
2 0.200439 0.427734 0.011230 0.019531
2 0.136963 0.441081 0.010254 0.016276
2 0.260498 0.418294 0.008301 0.013672
0 0.147705 0.427083 0.006348 0.013021
0 0.240723 0.415690 0.005859 0.011068
2 0.442139 0.399740 0.005371 0.010417
0 0.347168 0.403320 0.005859 0.009766
0 0.056396 0.440430 0.011230 0.014974
0 0.430664 0.396484 0.004883 0.009115
2 0.515381 0.393880 0.007324 0.010417
