0 0.235596 0.561849 0.074219 0.044434
0 0.374268 0.458333 0.033854 0.020020
0 0.497803 0.424154 0.022786 0.011230
2 0.743896 0.483724 0.042969 0.026855
2 0.716309 0.444010 0.028646 0.014648
2 0.722168 0.420247 0.020182 0.010742
0 0.589355 0.403971 0.014974 0.008789
0 0.650635 0.393555 0.012370 0.006348
2 0.758057 0.400716 0.012370 0.007324
2 0.731201 0.407878 0.014974 0.008301
2 0.787354 0.396159 0.011068 0.007324
0 0.757812 0.387695 0.008464 0.004883
2 0.822754 0.392904 0.011068 0.004883
2 0.861572 0.390625 0.011719 0.005371
0 0.718994 0.388997 0.009766 0.006348
0 0.806641 0.387370 0.009115 0.004883
1 0.890625 0.388021 0.010417 0.004883
1 0.899414 0.392253 0.008464 0.004883
