1 0.770000 0.276562 0.209375 0.045000
1 0.883125 0.376563 0.253125 0.051250
0 0.971875 0.471875 0.268750 0.048750
0 0.944375 0.239063 0.165625 0.038750
0 0.846875 0.159375 0.150000 0.023750
0 0.158750 0.235937 0.109375 0.025000
0 0.141250 0.115625 0.093750 0.022500
0 0.110000 0.321875 0.206250 0.035000
0 0.200000 0.073438 0.071875 0.015000
2 0.360625 0.071875 0.093750 0.021250
2 0.715000 0.132812 0.109375 0.027500
2 0.791250 0.150000 0.131250 0.027500
0 0.050000 0.134375 0.118750 0.022500
0 0.596250 0.089063 0.103125 0.025000
0 0.113750 0.098437 0.103125 0.015000
0 0.570625 0.098437 0.128125 0.016250
