2 0.746338 0.578451 0.039551 0.076172
2 0.055176 0.691732 0.071289 0.124349
2 0.119141 0.505859 0.031250 0.045573
2 0.592773 0.434896 0.011719 0.023438
2 0.636230 0.470703 0.016602 0.045573
2 0.407227 0.420247 0.010742 0.020182
2 0.571045 0.418294 0.008301 0.016276
2 0.392334 0.458659 0.021973 0.034505
2 0.563232 0.410156 0.006348 0.013021
2 0.432861 0.436198 0.015137 0.024740
2 0.472900 0.408529 0.007324 0.013672
2 0.490234 0.402018 0.005859 0.011068
2 0.183594 0.412435 0.008789 0.014974
2 0.143555 0.431966 0.011719 0.020182
2 0.191650 0.402669 0.006348 0.011068
2 0.129150 0.404297 0.007324 0.010417
2 0.241211 0.399740 0.005859 0.009115
2 0.497070 0.401367 0.004883 0.008464
2 0.373779 0.401042 0.006348 0.010417
2 0.422852 0.400065 0.004883 0.011068
2 0.557129 0.405924 0.005859 0.012370
2 0.329590 0.398763 0.004883 0.009766
2 0.279785 0.397461 0.004883 0.009766
2 0.262207 0.395833 0.004883 0.009115
