2 0.742500 0.496875 0.125000 0.037500
2 0.198125 0.528125 0.087500 0.053750
0 0.273750 0.768750 0.212500 0.070000
0 0.425625 0.517188 0.103125 0.026250
0 0.199375 0.431250 0.062500 0.026250
2 0.426875 0.445312 0.071875 0.021250
2 0.810000 0.309375 0.068750 0.020000
2 0.733750 0.307812 0.040625 0.025000
2 0.646250 0.421875 0.081250 0.022500
0 0.820625 0.432812 0.078125 0.051250
2 0.585625 0.378125 0.062500 0.018750
0 0.553750 0.356250 0.043750 0.015000
0 0.327500 0.379688 0.053125 0.015000
0 0.647500 0.314063 0.034375 0.012500
2 0.398125 0.375000 0.037500 0.011250
2 0.402500 0.409375 0.031250 0.015000
0 0.523750 0.335938 0.040625 0.010000
0 0.506250 0.334375 0.037500 0.010000
0 0.455625 0.339062 0.028125 0.008750
