0 0.242920 0.617513 0.061035 0.100911
0 0.383301 0.489909 0.026367 0.048828
2 0.678467 0.489258 0.026855 0.043620
0 0.432373 0.443685 0.014160 0.027995
2 0.609131 0.444010 0.016113 0.028646
2 0.575439 0.423503 0.010254 0.018880
0 0.455566 0.423503 0.010742 0.017578
2 0.650879 0.416992 0.009766 0.016276
2 0.614502 0.410156 0.008301 0.014323
0 0.469971 0.413737 0.008301 0.012370
2 0.737549 0.426107 0.011230 0.021484
0 0.699219 0.408203 0.007813 0.015625
2 0.838379 0.433594 0.011719 0.020833
2 0.566162 0.412109 0.010254 0.014323
0 0.668213 0.402018 0.006348 0.011068
0 0.824219 0.417643 0.008789 0.012370
2 0.953125 0.433594 0.011719 0.016927
0 0.865723 0.419271 0.008789 0.011719
0 0.746826 0.413411 0.008301 0.011719
0 0.972168 0.420898 0.008789 0.012370
2 0.592773 0.401367 0.006836 0.011068
2 0.555420 0.403971 0.006348 0.011068
2 0.551758 0.399740 0.004883 0.010417
