2 0.381875 0.538007 0.150338 0.086250
2 0.663750 0.513514 0.097973 0.062500
2 0.825000 0.507601 0.086149 0.047500
2 0.876875 0.502534 0.076014 0.041250
0 0.949375 0.488176 0.040541 0.021250
0 0.736250 0.479730 0.037162 0.020000
2 0.710625 0.489020 0.045608 0.026250
2 0.619375 0.485642 0.038851 0.021250
2 0.463125 0.479730 0.037162 0.018750
0 0.526875 0.469595 0.040541 0.018750
0 0.453750 0.467905 0.037162 0.017500
2 0.122500 0.467061 0.032095 0.017500
2 0.190625 0.470439 0.032095 0.016250
2 0.268750 0.475507 0.032095 0.017500
0 0.282500 0.461149 0.030405 0.015000
0 0.161250 0.460304 0.028716 0.012500
0 0.366875 0.465372 0.032095 0.016250
2 0.048750 0.466216 0.030405 0.017500
0 0.221250 0.459459 0.027027 0.012500
0 0.081875 0.459459 0.027027 0.013750
