1 0.309570 0.519531 0.092448 0.041992
1 0.671387 0.495117 0.074870 0.031250
1 0.711426 0.519206 0.094401 0.044922
1 0.341309 0.498698 0.075521 0.029297
1 0.403320 0.465169 0.034505 0.015625
1 0.614014 0.468750 0.032552 0.016113
1 0.582520 0.447266 0.022135 0.013672
1 0.433105 0.444336 0.024089 0.010742
1 0.569336 0.437174 0.016276 0.007812
1 0.451660 0.434570 0.016276 0.008789
1 0.561035 0.432617 0.013672 0.006836
1 0.459961 0.429362 0.013672 0.006836
1 0.553467 0.426432 0.011719 0.006348
1 0.467773 0.425456 0.012370 0.005859
1 0.548828 0.423177 0.010417 0.004883
1 0.541992 0.420247 0.008464 0.004883
1 0.472412 0.422201 0.011068 0.005371
