2 0.570068 0.501953 0.024902 0.048177
0 0.193604 0.530273 0.025879 0.050130
0 0.283447 0.468099 0.013184 0.026042
2 0.445313 0.435221 0.009766 0.018880
2 0.483887 0.456055 0.011719 0.026693
0 0.330078 0.432617 0.004883 0.013672
0 0.311279 0.447591 0.008301 0.020182
2 0.429443 0.427083 0.006348 0.015625
0 0.340088 0.424154 0.005371 0.011068
2 0.415527 0.420247 0.004883 0.011068
0 0.345215 0.420247 0.004883 0.008464
2 0.410156 0.416341 0.004883 0.009766
0 0.350098 0.417969 0.004883 0.006510
2 0.405762 0.414388 0.004883 0.008464
0 0.354492 0.415365 0.004883 0.006510
0 0.359863 0.412109 0.004883 0.006510
