1 0.745833 0.514815 0.034375 0.085185
1 0.158073 0.485185 0.036979 0.072222
1 0.611979 0.352778 0.013542 0.033333
1 0.635677 0.339352 0.009896 0.021296
1 0.344531 0.354630 0.013021 0.031481
1 0.803385 0.379630 0.014063 0.042593
1 0.660156 0.356019 0.013021 0.045370
1 0.148698 0.353704 0.008854 0.024074
1 0.226562 0.337500 0.007292 0.019444
1 0.306771 0.330093 0.011458 0.025000
1 0.522917 0.324074 0.008333 0.020370
1 0.744010 0.351852 0.007812 0.024074
1 0.669792 0.315278 0.005208 0.015741
1 0.350260 0.335648 0.011979 0.028704
1 0.400781 0.314352 0.006771 0.017593
1 0.367188 0.298148 0.005208 0.009259
1 0.614062 0.310185 0.005208 0.012963
1 0.558854 0.306019 0.005208 0.010185
1 0.660937 0.308796 0.005208 0.010185
1 0.257812 0.311111 0.005208 0.009259
1 0.707812 0.317130 0.005208 0.010185
1 0.179167 0.332407 0.007292 0.014815
1 0.292448 0.318056 0.006771 0.015741
1 0.050260 0.361574 0.008854 0.019444
1 0.846615 0.344907 0.006771 0.012037
