0 0.446533 0.442057 0.020833 0.011230
1 0.456543 0.429362 0.030599 0.011719
2 0.729736 0.504883 0.050130 0.031738
0 0.348633 0.509115 0.052083 0.028320
2 0.611328 0.440104 0.022135 0.012695
1 0.599609 0.429362 0.029297 0.010742
1 0.459961 0.425130 0.028646 0.009766
0 0.469482 0.423177 0.014323 0.006348
2 0.569824 0.416667 0.013021 0.006836
1 0.593506 0.426432 0.029948 0.008301
2 0.581055 0.423503 0.014974 0.005859
2 0.554688 0.409831 0.011068 0.004883
0 0.474121 0.416667 0.011719 0.005859
0 0.482910 0.410807 0.009115 0.004883
0 0.498047 0.407227 0.007161 0.004883
