0 0.233398 0.544922 0.033203 0.059896
2 0.590576 0.468424 0.019043 0.038411
2 0.818115 0.525716 0.029785 0.056641
2 0.558350 0.442383 0.014160 0.026693
0 0.307617 0.464518 0.014648 0.027995
0 0.611572 0.416667 0.007324 0.014323
0 0.366455 0.439779 0.011230 0.021484
2 0.672852 0.432617 0.014648 0.025391
2 0.764893 0.424479 0.009277 0.016927
0 0.738525 0.415039 0.006348 0.013672
2 0.925049 0.426107 0.009277 0.016276
0 0.502686 0.420573 0.007324 0.015625
0 0.432617 0.427083 0.007813 0.016927
0 0.904053 0.415365 0.005371 0.013021
