0 0.119629 0.646810 0.108724 0.069336
0 0.392334 0.476237 0.039714 0.020996
2 0.709961 0.486328 0.040365 0.020508
0 0.490234 0.436198 0.020833 0.010742
2 0.670654 0.444661 0.026042 0.014160
1 0.277100 0.441081 0.017578 0.023926
0 0.557373 0.422852 0.014974 0.007324
2 0.703125 0.425130 0.015625 0.008789
0 0.611084 0.418294 0.012370 0.005371
1 0.554932 0.413737 0.009766 0.011230
2 0.680664 0.432943 0.018229 0.009766
1 0.540771 0.411784 0.016276 0.008301
2 0.769287 0.423177 0.013021 0.007324
0 0.678223 0.416016 0.010417 0.004883
1 0.634277 0.407552 0.013021 0.006836
2 0.662109 0.404948 0.009115 0.004883
0 0.750000 0.416667 0.010417 0.004883
2 0.827637 0.425456 0.012370 0.005859
2 0.893799 0.429362 0.011068 0.006348
0 0.815918 0.420573 0.009115 0.004883
0 0.872559 0.423828 0.009115 0.004883
0 0.911377 0.426758 0.009766 0.005371
0 0.925781 0.425781 0.009115 0.004883
0 0.906738 0.423503 0.009766 0.004883
1 0.671875 0.405924 0.011068 0.004883
0 0.868652 0.419271 0.006510 0.004883
0 0.819824 0.412435 0.007161 0.004883
0 0.831543 0.412109 0.006510 0.004883
0 0.686523 0.407227 0.007161 0.004883
