0 0.345000 0.493243 0.032500 0.070946
0 0.565000 0.706926 0.257500 0.505068
0 0.242500 0.483108 0.035000 0.064189
0 0.273125 0.478885 0.026250 0.048986
0 0.312500 0.480574 0.020000 0.042230
0 0.411250 0.510980 0.060000 0.103041
0 0.217500 0.480574 0.030000 0.052365
0 0.813125 0.498311 0.018750 0.033784
0 0.688125 0.493243 0.018750 0.033784
2 0.143125 0.471284 0.021250 0.040541
0 0.485000 0.538007 0.085000 0.160473
0 0.768125 0.498311 0.018750 0.030405
0 0.830625 0.499155 0.011250 0.028716
0 0.741250 0.489020 0.012500 0.028716
2 0.025625 0.467905 0.026250 0.043919
2 0.665000 0.489865 0.012500 0.030405
2 0.651875 0.487331 0.011250 0.025338
2 0.633125 0.487331 0.011250 0.025338
0 0.601250 0.489865 0.015000 0.037162
2 0.097500 0.456926 0.012500 0.018581
2 0.058750 0.455236 0.015000 0.021959
2 0.616875 0.488176 0.013750 0.030405
0 0.399375 0.483108 0.016250 0.037162
0 0.168750 0.456081 0.007500 0.016892
0 0.375000 0.464527 0.010000 0.016892
0 0.289375 0.459459 0.008750 0.016892
2 0.460625 0.484797 0.016250 0.030405
2 0.003750 0.454392 0.007500 0.020270
2 0.520000 0.481419 0.010000 0.020270
