2 0.713135 0.517253 0.056641 0.033691
2 0.617676 0.450846 0.029297 0.016602
2 0.717041 0.436849 0.024740 0.012207
0 0.356445 0.516602 0.057943 0.033203
2 0.863037 0.457031 0.027344 0.013184
0 0.836426 0.429362 0.020182 0.010742
0 0.429443 0.452799 0.029297 0.017090
0 0.458740 0.427409 0.021484 0.011230
2 0.590088 0.425781 0.019531 0.012207
2 0.656250 0.423503 0.017578 0.009766
2 0.572266 0.413737 0.014974 0.009766
0 0.713867 0.409180 0.014974 0.009766
0 0.684082 0.402995 0.013021 0.006836
2 0.618652 0.409180 0.013672 0.007813
2 0.602783 0.402018 0.011068 0.006348
0 0.465820 0.415365 0.014323 0.007813
2 0.559082 0.401367 0.012370 0.006836
0 0.764404 0.418945 0.018880 0.012207
0 0.663086 0.398763 0.008464 0.004883
0 0.473145 0.407227 0.012370 0.005859
2 0.564697 0.405599 0.013021 0.006348
2 0.590820 0.399740 0.011719 0.005859
0 0.480713 0.403320 0.009766 0.005371
0 0.947754 0.436849 0.019531 0.011719
0 0.483887 0.398763 0.008464 0.004883
0 0.501465 0.394857 0.007161 0.004883
