0 0.153750 0.760938 0.215625 0.082500
2 0.390625 0.643750 0.181250 0.051250
0 0.592500 0.510938 0.128125 0.035000
2 0.403750 0.435937 0.059375 0.035000
0 0.636875 0.396875 0.075000 0.021250
2 0.440000 0.362500 0.043750 0.020000
0 0.285625 0.245312 0.084375 0.023750
2 0.572500 0.307812 0.040625 0.010000
0 0.611250 0.296875 0.037500 0.010000
2 0.665000 0.306250 0.043750 0.010000
2 0.665000 0.365625 0.062500 0.017500
2 0.587500 0.285938 0.034375 0.007500
0 0.315000 0.364063 0.053125 0.027500
0 0.505625 0.292187 0.034375 0.008750
1 0.562500 0.284375 0.031250 0.010000
0 0.728750 0.057813 0.059375 0.025000
2 0.500000 0.282813 0.034375 0.007500
0 0.495000 0.271875 0.031250 0.007500
