1 0.098633 0.454102 0.018880 0.011719
1 0.194580 0.435872 0.014974 0.007324
1 0.255615 0.424479 0.011719 0.008301
1 0.228516 0.420573 0.011719 0.006836
1 0.170166 0.428711 0.014974 0.009277
1 0.341309 0.411458 0.009115 0.004883
1 0.294922 0.417969 0.010417 0.005859
1 0.261719 0.415365 0.010417 0.004883
1 0.323975 0.413411 0.011719 0.005371
1 0.287842 0.411784 0.009766 0.005371
1 0.307617 0.408854 0.009115 0.004883
1 0.357422 0.407227 0.007161 0.004883
1 0.352783 0.401693 0.006510 0.005371
1 0.367188 0.405599 0.006510 0.004883
1 0.341797 0.402344 0.006510 0.004883
