2 0.667969 0.521159 0.056641 0.027344
2 0.601074 0.465820 0.033203 0.018555
2 0.398682 0.472331 0.035807 0.020020
2 0.440430 0.446940 0.027995 0.013672
2 0.476074 0.427734 0.015625 0.008789
2 0.058105 0.527995 0.046875 0.030273
2 0.161377 0.462240 0.024740 0.014160
2 0.334717 0.440104 0.020833 0.015137
2 0.556641 0.427734 0.015625 0.008789
2 0.370361 0.420573 0.013021 0.006348
2 0.545654 0.419596 0.011068 0.005371
2 0.157227 0.438151 0.014323 0.006836
2 0.256348 0.422526 0.013021 0.007813
2 0.534424 0.405924 0.009766 0.005371
2 0.483887 0.409180 0.011068 0.006836
2 0.191650 0.414388 0.009766 0.005371
2 0.140381 0.420898 0.012370 0.007324
2 0.156006 0.429036 0.014323 0.007324
2 0.391602 0.404948 0.009115 0.004883
2 0.527832 0.396159 0.007161 0.004883
2 0.334717 0.414063 0.010417 0.005371
2 0.474121 0.399414 0.007161 0.004883
2 0.449219 0.398112 0.007161 0.004883
2 0.024170 0.450195 0.016276 0.010254
2 0.204346 0.420247 0.011068 0.005371
2 0.060547 0.432943 0.013021 0.006836
2 0.276367 0.409180 0.008464 0.004883
2 0.302246 0.404297 0.007813 0.004883
2 0.239258 0.407227 0.008464 0.004883
2 0.430664 0.393880 0.006510 0.004883
2 0.416504 0.397135 0.006510 0.004883
2 0.400879 0.395182 0.006510 0.004883
2 0.486816 0.402669 0.007161 0.004883
