2 0.801875 0.339062 0.209375 0.056250
0 0.761250 0.235937 0.165625 0.047500
2 0.637500 0.150000 0.137500 0.040000
2 0.501250 0.112500 0.125000 0.035000
2 0.144375 0.235937 0.165625 0.051250
0 0.237500 0.073438 0.103125 0.030000
0 0.191250 0.143750 0.131250 0.040000
2 0.186875 0.182812 0.140625 0.041250
0 0.056875 0.300000 0.181250 0.053750
2 0.468750 0.079687 0.115625 0.040000
0 0.588125 0.042188 0.078125 0.026250
2 0.426875 0.032813 0.065625 0.026250
2 0.333750 0.032813 0.059375 0.027500
0 0.803125 0.075000 0.093750 0.038750
