1 0.326823 0.484722 0.076852 0.029687
1 0.847135 0.551852 0.083333 0.030729
1 0.704948 0.387963 0.029630 0.013021
1 0.514062 0.359259 0.027778 0.009375
1 0.569531 0.343981 0.023148 0.008854
1 0.726562 0.373148 0.029630 0.011458
1 0.685937 0.347685 0.017593 0.007292
1 0.626823 0.342130 0.021296 0.007812
3 0.799740 0.381481 0.022222 0.007812
1 0.850260 0.377778 0.016667 0.006771
1 0.792448 0.364815 0.016667 0.006771
1 0.588542 0.324537 0.015741 0.007292
1 0.720573 0.344444 0.018519 0.008854
1 0.944792 0.413426 0.025000 0.008333
1 0.619792 0.322222 0.009259 0.005208
1 0.573438 0.313426 0.010185 0.005208
