0 0.232422 0.604167 0.050781 0.088542
2 0.787109 0.600911 0.055664 0.092448
0 0.388672 0.480469 0.020508 0.039063
2 0.624512 0.477865 0.020508 0.037760
2 0.587158 0.441406 0.012207 0.024740
2 0.567139 0.425781 0.009277 0.016927
0 0.436035 0.444336 0.012695 0.021484
0 0.447998 0.430013 0.009277 0.017578
1 0.458008 0.416992 0.009766 0.022786
1 0.467285 0.414063 0.005859 0.011719
1 0.555908 0.413737 0.010254 0.022786
1 0.472656 0.410156 0.004883 0.010417
1 0.546387 0.412435 0.004883 0.011068
1 0.541504 0.409831 0.004883 0.009766
1 0.461426 0.415365 0.007813 0.022135
1 0.478027 0.409180 0.004883 0.009766
1 0.551758 0.412760 0.007813 0.020833
1 0.480469 0.408203 0.004883 0.009115
