2 0.380615 0.474284 0.024902 0.039714
2 0.577881 0.448893 0.017090 0.030599
2 0.552734 0.418294 0.009766 0.018880
2 0.428955 0.424154 0.012207 0.024089
2 0.409424 0.412435 0.007324 0.017578
2 0.227783 0.404622 0.007324 0.013672
2 0.309326 0.402995 0.006348 0.014323
2 0.366943 0.404948 0.008301 0.015625
2 0.352051 0.394857 0.005859 0.011068
2 0.535156 0.402669 0.008789 0.013672
2 0.418945 0.394857 0.006836 0.013672
2 0.185791 0.432292 0.012207 0.020833
2 0.300781 0.397135 0.004883 0.011719
2 0.118652 0.414388 0.008789 0.013672
2 0.149170 0.405924 0.006348 0.011068
2 0.199219 0.402018 0.006836 0.011068
2 0.250244 0.399089 0.005371 0.011719
2 0.058350 0.423828 0.010254 0.016927
2 0.028320 0.417969 0.009766 0.015625
2 0.490967 0.398112 0.006348 0.014974
2 0.087646 0.411133 0.008301 0.012370
