1 0.904948 0.778704 0.054688 0.164815
1 0.114844 0.636111 0.055729 0.131481
1 0.376042 0.417130 0.026042 0.058333
1 0.765365 0.482870 0.025521 0.063889
1 0.503906 0.373148 0.017188 0.038889
0 0.851302 0.453704 0.016146 0.042593
1 0.611198 0.371759 0.011979 0.032407
1 0.482031 0.313426 0.007813 0.021296
1 0.744271 0.380556 0.010417 0.029630
1 0.826562 0.395833 0.008333 0.025000
1 0.436198 0.325000 0.008854 0.024074
1 0.417969 0.306481 0.007813 0.016667
1 0.345833 0.317130 0.008333 0.019444
1 0.635156 0.342130 0.008854 0.021296
