2 0.583125 0.389062 0.026250 0.090625
2 0.484375 0.417187 0.026250 0.090625
0 0.877500 0.425000 0.032500 0.093750
0 0.710625 0.410938 0.028750 0.103125
0 0.429375 0.362500 0.021250 0.068750
2 0.195625 0.512500 0.046250 0.125000
0 0.155000 0.412500 0.027500 0.075000
2 0.443750 0.315625 0.010000 0.043750
1 0.116875 0.353125 0.016250 0.056250
2 0.089375 0.343750 0.013750 0.043750
0 0.062500 0.390625 0.017500 0.056250
0 0.554375 0.351562 0.016250 0.059375
0 0.465000 0.292187 0.007500 0.040625
0 0.386250 0.276562 0.007500 0.028125
0 0.320000 0.282813 0.007500 0.028125
0 0.366250 0.268750 0.007500 0.025000
2 0.435000 0.282813 0.007500 0.034375
0 0.257500 0.285938 0.007500 0.028125
2 0.216250 0.284375 0.007500 0.025000
2 0.166250 0.290625 0.007500 0.031250
2 0.305000 0.268750 0.007500 0.025000
