2 0.179375 0.689063 0.140625 0.083750
0 0.279375 0.621875 0.143750 0.048750
2 0.882500 0.715625 0.212500 0.062500
2 0.863750 0.632812 0.178125 0.055000
2 0.674375 0.443750 0.100000 0.026250
0 0.431250 0.434375 0.100000 0.030000
0 0.535625 0.437500 0.081250 0.026250
2 0.215625 0.459375 0.081250 0.023750
2 0.858125 0.470313 0.109375 0.028750
2 0.299375 0.553125 0.131250 0.031250
0 0.057500 0.918750 0.156250 0.047500
2 0.973750 0.850000 0.268750 0.050000
2 0.313750 0.434375 0.081250 0.025000
2 0.918750 0.493750 0.106250 0.027500
2 0.114375 0.456250 0.093750 0.026250
2 0.206250 0.423438 0.084375 0.020000
2 0.333125 0.470313 0.096875 0.023750
