2 0.579102 0.440755 0.015625 0.026042
2 0.690918 0.532878 0.035156 0.056641
2 0.346924 0.500651 0.031738 0.048177
2 0.608887 0.460938 0.020508 0.035156
2 0.433838 0.428385 0.012207 0.019531
2 0.217285 0.465495 0.017578 0.027344
2 0.326904 0.420247 0.009277 0.013672
2 0.566162 0.427409 0.013184 0.020182
2 0.315918 0.429362 0.010742 0.016276
2 0.545410 0.409831 0.006836 0.013672
2 0.413330 0.409180 0.006348 0.011068
2 0.441162 0.422852 0.009277 0.016276
2 0.535400 0.405273 0.007324 0.012370
2 0.491455 0.401693 0.007324 0.010417
2 0.426025 0.399740 0.006348 0.010417
2 0.337646 0.405924 0.008301 0.011068
2 0.286865 0.413086 0.007324 0.011068
2 0.344727 0.400391 0.004883 0.009115
2 0.381592 0.404622 0.006348 0.016276
2 0.241699 0.411784 0.006836 0.013672
2 0.279541 0.402344 0.005371 0.009115
2 0.292236 0.408529 0.006348 0.011068
2 0.160400 0.423177 0.008301 0.011719
2 0.172119 0.412760 0.005371 0.009115
