0 0.156250 0.559896 0.046875 0.025391
2 0.880371 0.662109 0.100260 0.061523
2 0.556641 0.533854 0.049479 0.033203
2 0.194336 0.509766 0.029948 0.021484
2 0.363770 0.507161 0.029948 0.018555
0 0.139160 0.636719 0.085938 0.059570
0 0.107910 0.864583 0.190104 0.106445
1 0.818359 0.465495 0.011719 0.005859
1 0.782227 0.461589 0.011719 0.005859
1 0.853516 0.470703 0.011719 0.007812
1 0.841797 0.460938 0.010417 0.005859
1 0.843750 0.459635 0.010417 0.005859
1 0.870117 0.457682 0.011719 0.005859
1 0.882812 0.466146 0.013021 0.005859
1 0.816406 0.457682 0.009115 0.005859
1 0.897461 0.460286 0.011719 0.005859
1 0.947266 0.463542 0.013021 0.005859
1 0.951172 0.460938 0.013021 0.005859
