0 0.935000 0.580236 0.180743 0.110000
0 0.776875 0.538851 0.114865 0.071250
0 0.683125 0.514358 0.079392 0.046250
2 0.154375 0.516047 0.177365 0.113750
0 0.561875 0.492399 0.048986 0.026250
0 0.509375 0.488176 0.037162 0.018750
0 0.475625 0.481419 0.030405 0.016250
0 0.608125 0.497466 0.062500 0.031250
2 0.269375 0.493243 0.108108 0.061250
2 0.334375 0.483953 0.072635 0.038750
0 0.410000 0.475507 0.028716 0.012500
0 0.383750 0.471284 0.027027 0.010000
0 0.361875 0.471284 0.027027 0.011250
0 0.424375 0.472973 0.023649 0.008750
0 0.461250 0.472973 0.020270 0.007500
2 0.298750 0.468750 0.038851 0.017500
0 0.451250 0.473818 0.018581 0.007500
2 0.220625 0.461993 0.032095 0.011250
