0 0.410400 0.481445 0.021973 0.029297
2 0.741211 0.489583 0.019531 0.044271
1 0.281738 0.437174 0.023438 0.018880
0 0.502197 0.433268 0.008301 0.020182
0 0.112305 0.694010 0.068359 0.126302
2 0.685059 0.443685 0.014648 0.018880
0 0.570312 0.418620 0.006836 0.015625
2 0.697754 0.429036 0.010742 0.020833
0 0.626221 0.414062 0.005371 0.013021
1 0.553467 0.406576 0.007324 0.014974
1 0.567627 0.409505 0.013184 0.009115
0 0.692139 0.411784 0.006348 0.009766
2 0.720459 0.421224 0.008301 0.015625
1 0.647949 0.402669 0.004883 0.012370
2 0.785645 0.420247 0.007812 0.009766
0 0.765625 0.412760 0.004883 0.010417
0 0.833008 0.416016 0.004883 0.009115
2 0.842529 0.420573 0.005371 0.011719
2 0.913330 0.424805 0.005371 0.011068
0 0.896973 0.419922 0.004883 0.007812
