2 0.884521 0.547526 0.061198 0.035645
2 0.693115 0.499349 0.045573 0.025879
2 0.628174 0.453776 0.029948 0.016113
2 0.350830 0.507487 0.048828 0.028809
2 0.431152 0.442383 0.024089 0.012695
2 0.562500 0.407227 0.013672 0.007813
2 0.522217 0.410482 0.014974 0.008301
2 0.588867 0.428060 0.021484 0.010742
2 0.450684 0.422852 0.017578 0.008789
2 0.589600 0.419596 0.017578 0.010254
2 0.443604 0.430664 0.018880 0.009277
2 0.479736 0.416341 0.016276 0.008301
2 0.615967 0.404297 0.013021 0.006348
2 0.871582 0.415690 0.014974 0.009766
2 0.773193 0.411784 0.014974 0.008301
2 0.821045 0.405273 0.012370 0.007324
2 0.671875 0.411784 0.013672 0.007813
2 0.957275 0.446289 0.024089 0.017090
2 0.733154 0.403320 0.012370 0.007324
2 0.919678 0.409180 0.012370 0.009277
1 0.552734 0.395833 0.010417 0.004883
2 0.674316 0.403646 0.013021 0.006836
