0 0.390625 0.544922 0.053385 0.027344
0 0.428223 0.494792 0.028646 0.016602
2 0.737793 0.560547 0.061198 0.036133
2 0.659180 0.495443 0.032552 0.017578
2 0.726074 0.471354 0.020833 0.010742
2 0.663574 0.475911 0.022135 0.010742
0 0.464355 0.472656 0.023438 0.012695
0 0.533691 0.464193 0.016927 0.006836
0 0.584961 0.464193 0.016927 0.007812
0 0.496094 0.469401 0.022135 0.011719
0 0.758301 0.468750 0.018229 0.010742
0 0.242188 0.465495 0.016927 0.007812
0 0.091309 0.485677 0.023438 0.012695
0 0.173340 0.472656 0.020833 0.010742
2 0.131348 0.468099 0.019531 0.008789
2 0.020996 0.480469 0.023438 0.012695
0 0.675781 0.465495 0.016927 0.009766
0 0.876465 0.472656 0.015625 0.008789
0 0.289551 0.461589 0.011719 0.006836
2 0.193848 0.462891 0.016927 0.008789
0 0.993652 0.476562 0.015625 0.008789
2 0.980469 0.483724 0.019531 0.013672
2 0.865234 0.479818 0.019531 0.011719
2 0.320312 0.458984 0.011719 0.005859
0 0.365234 0.457031 0.007812 0.005859
0 0.346680 0.458984 0.009115 0.005859
0 0.377930 0.457031 0.007812 0.005859
2 0.397461 0.453125 0.007812 0.005859
0 0.409180 0.453125 0.007812 0.005859
