0 0.291016 0.648611 0.094444 0.035156
0 0.682031 0.550694 0.079167 0.028125
0 0.629297 0.503472 0.062500 0.021094
1 0.192969 0.600000 0.191667 0.057813
0 0.247656 0.585417 0.059722 0.020313
0 0.633203 0.477778 0.044444 0.016406
0 0.633594 0.455556 0.036111 0.012500
1 0.430469 0.429167 0.033333 0.010937
1 0.453906 0.424306 0.029167 0.009375
1 0.464453 0.422917 0.029167 0.008594
0 0.650391 0.413889 0.022222 0.008594
1 0.145313 0.498611 0.072222 0.021875
1 0.491406 0.417361 0.034722 0.012500
0 0.243359 0.560417 0.043056 0.013281
