0 0.731875 0.468750 0.112500 0.033750
2 0.371875 0.503125 0.106250 0.031250
0 0.147500 0.576562 0.084375 0.067500
2 0.197500 0.835938 0.246875 0.087500
2 0.558750 0.367188 0.053125 0.012500
0 0.413125 0.401562 0.065625 0.016250
2 0.284375 0.354687 0.034375 0.021250
0 0.664375 0.396875 0.062500 0.013750
0 0.450000 0.356250 0.037500 0.017500
2 0.589375 0.346875 0.050000 0.013750
0 0.964375 0.776563 0.234375 0.058750
0 0.319375 0.398438 0.046875 0.026250
2 0.786250 0.240625 0.037500 0.012500
0 0.487500 0.332813 0.028125 0.017500
0 0.740000 0.235937 0.059375 0.017500
0 0.759375 0.231250 0.056250 0.016250
2 0.803750 0.231250 0.043750 0.012500
0 0.599375 0.318750 0.031250 0.011250
