2 0.874512 0.584310 0.047852 0.078776
0 0.408691 0.445313 0.017578 0.028646
0 0.451904 0.419596 0.010254 0.018880
0 0.344482 0.504557 0.035645 0.050781
2 0.631104 0.448893 0.020020 0.029297
0 0.514404 0.404948 0.008301 0.013021
0 0.471436 0.409180 0.009277 0.016276
2 0.630615 0.408203 0.005371 0.011719
2 0.590088 0.420247 0.009277 0.017578
2 0.702393 0.409831 0.006348 0.011068
0 0.646484 0.402995 0.004883 0.007813
2 0.811768 0.414063 0.008301 0.014323
0 0.573975 0.402669 0.005371 0.011068
0 0.686768 0.404948 0.005371 0.009115
0 0.719238 0.405273 0.004883 0.008464
2 0.587402 0.413411 0.009766 0.018229
2 0.909668 0.418945 0.008789 0.013672
0 0.984863 0.421875 0.009766 0.014323
0 0.857178 0.411458 0.007324 0.013021
