1 0.279541 0.402995 0.005371 0.013021
1 0.286133 0.402995 0.004883 0.013021
1 0.872559 0.462891 0.016602 0.029948
1 0.326660 0.403646 0.005859 0.014323
0 0.100830 0.445638 0.010254 0.017578
2 0.084717 0.436198 0.010254 0.015625
2 0.166504 0.423177 0.007812 0.013021
0 0.170410 0.433919 0.007812 0.014974
2 0.257568 0.409180 0.005371 0.009766
1 0.332764 0.402344 0.006348 0.014323
2 0.233887 0.412760 0.004883 0.010417
0 0.291016 0.412109 0.004883 0.010417
2 0.003662 0.446940 0.007324 0.018880
0 0.236328 0.421224 0.007812 0.013021
