2 0.738770 0.493490 0.042969 0.021484
2 0.678711 0.458333 0.023438 0.013672
0 0.403076 0.474284 0.031901 0.014160
0 0.441650 0.445313 0.022135 0.011230
0 0.522705 0.429036 0.015625 0.010254
2 0.712646 0.419922 0.013021 0.006348
2 0.678955 0.441081 0.020182 0.012207
0 0.595215 0.417318 0.014323 0.007813
2 0.697510 0.427734 0.014323 0.007324
2 0.769531 0.410807 0.010417 0.006836
2 0.739746 0.414063 0.011719 0.006836
0 0.649170 0.408203 0.009115 0.005371
0 0.709717 0.404948 0.009115 0.005371
2 0.844727 0.407552 0.010417 0.004883
2 0.804443 0.408203 0.009115 0.005371
0 0.796387 0.404297 0.006510 0.004883
0 0.748047 0.403646 0.006510 0.004883
2 0.878906 0.408203 0.007813 0.004883
1 0.889404 0.405924 0.007161 0.006348
2 0.926025 0.409505 0.010417 0.005371
0 0.895508 0.406576 0.007161 0.004883
