2 0.722168 0.611654 0.091797 0.051758
2 0.418457 0.444987 0.027995 0.014648
2 0.444336 0.414388 0.025391 0.011719
2 0.560547 0.429688 0.023438 0.011719
2 0.240234 0.420247 0.017578 0.008789
2 0.027832 0.459310 0.027995 0.017578
2 0.544434 0.409505 0.027344 0.010742
2 0.428467 0.391276 0.010417 0.005371
2 0.424316 0.404622 0.013672 0.008789
2 0.258301 0.399089 0.010417 0.005859
2 0.531494 0.398112 0.013672 0.006348
2 0.493652 0.393555 0.012370 0.005859
2 0.385254 0.399089 0.011719 0.006836
2 0.332520 0.397135 0.010417 0.004883
2 0.017822 0.428385 0.015625 0.009277
2 0.366943 0.391276 0.009115 0.005371
2 0.080566 0.409180 0.013672 0.004883
2 0.114746 0.413411 0.013021 0.006836
2 0.130127 0.404297 0.010417 0.005371
2 0.162109 0.406576 0.012370 0.005859
2 0.274414 0.394206 0.011068 0.004883
2 0.183594 0.400065 0.011068 0.006836
2 0.228027 0.396159 0.009766 0.004883
2 0.042725 0.415039 0.012370 0.006348
