2 0.257813 0.556315 0.042969 0.072266
2 0.677490 0.511068 0.031738 0.054688
2 0.600586 0.457682 0.015625 0.028646
2 0.428467 0.442708 0.014160 0.022135
2 0.453125 0.430990 0.008789 0.015625
2 0.233154 0.426758 0.007324 0.011068
2 0.298828 0.436198 0.010742 0.016927
2 0.374756 0.426758 0.008301 0.013672
2 0.562012 0.432617 0.008789 0.017578
2 0.552246 0.424154 0.006836 0.013672
2 0.104736 0.468424 0.019043 0.030599
2 0.545410 0.420898 0.005859 0.012370
2 0.396973 0.418620 0.004883 0.009115
2 0.101074 0.446289 0.010742 0.018880
