1 0.729948 0.470833 0.028646 0.062037
1 0.308333 0.403241 0.028125 0.049074
1 0.628646 0.321296 0.006250 0.020370
1 0.632552 0.342130 0.007812 0.023148
1 0.457292 0.328241 0.008333 0.021296
1 0.603906 0.319907 0.005729 0.013889
1 0.706250 0.336111 0.007292 0.022222
1 0.620833 0.318519 0.005208 0.012963
1 0.474479 0.310185 0.006250 0.014815
1 0.687500 0.328704 0.005208 0.012963
1 0.461979 0.307870 0.005208 0.013889
1 0.431250 0.304630 0.005208 0.012963
1 0.244531 0.327315 0.007812 0.023148
1 0.061719 0.380093 0.017188 0.036111
1 0.163802 0.330556 0.008854 0.022222
1 0.197917 0.318519 0.008333 0.018519
1 0.244271 0.311111 0.008333 0.020370
