1 0.852783 0.626302 0.167969 0.074707
0 0.314697 0.533529 0.059245 0.033691
1 0.199463 0.618164 0.166016 0.073730
2 0.688477 0.514648 0.056641 0.032227
2 0.608887 0.464518 0.034505 0.019531
0 0.389404 0.460938 0.031250 0.016113
2 0.560059 0.426432 0.020833 0.009766
0 0.427002 0.424154 0.018880 0.008301
1 0.047119 0.835938 0.252604 0.094238
2 0.544678 0.414062 0.016927 0.007324
2 0.533447 0.406901 0.013021 0.006348
0 0.440674 0.412109 0.011719 0.007324
0 0.445312 0.405599 0.010417 0.005859
2 0.525146 0.401042 0.010417 0.005371
1 0.968018 0.801758 0.158203 0.062012
2 0.512695 0.390299 0.007161 0.004883
2 0.520508 0.396810 0.009766 0.004883
0 0.450684 0.400065 0.008464 0.004883
0 0.457031 0.396159 0.007161 0.004883
