0 0.437988 0.462891 0.015625 0.027344
2 0.707275 0.466797 0.018066 0.033854
2 0.906250 0.551107 0.032227 0.060547
0 0.396240 0.512370 0.030762 0.052083
2 0.651123 0.446615 0.013184 0.023438
0 0.500488 0.441732 0.009766 0.020182
2 0.608398 0.430013 0.008789 0.017578
2 0.572998 0.419271 0.006348 0.011719
2 0.535156 0.407227 0.004883 0.009766
2 0.552002 0.412760 0.005371 0.013021
2 0.520020 0.402344 0.004883 0.009115
0 0.473145 0.413086 0.004883 0.012370
0 0.501953 0.428711 0.010742 0.018880
0 0.482422 0.417969 0.007813 0.014323
