0 0.120361 0.706380 0.126302 0.075684
0 0.240723 0.502930 0.044922 0.024414
2 0.683105 0.482747 0.043620 0.025391
2 0.928467 0.550130 0.075521 0.045410
2 0.604736 0.419922 0.018229 0.009277
2 0.519043 0.447266 0.027344 0.015625
2 0.505371 0.429362 0.022786 0.010742
0 0.293701 0.448893 0.025391 0.011230
0 0.399170 0.419922 0.015625 0.007324
0 0.463135 0.414062 0.015625 0.007324
2 0.699219 0.414062 0.015625 0.008789
0 0.338867 0.431315 0.018880 0.009766
0 0.564453 0.409505 0.013021 0.005859
0 0.688965 0.406901 0.014323 0.006836
1 0.750244 0.394857 0.009766 0.007324
0 0.976807 0.407552 0.014323 0.005371
2 0.840576 0.415365 0.015625 0.008301
