2 0.878662 0.594727 0.056152 0.090495
0 0.202148 0.608724 0.057617 0.088542
2 0.617676 0.453776 0.015625 0.029948
0 0.394531 0.458984 0.013672 0.029948
2 0.560791 0.428711 0.008301 0.017578
0 0.436523 0.431315 0.010742 0.017578
1 0.443115 0.422526 0.008301 0.023438
1 0.550293 0.418620 0.006836 0.022135
2 0.541992 0.418294 0.008789 0.016276
0 0.450928 0.420247 0.007324 0.013672
2 0.521484 0.409180 0.004883 0.009766
1 0.553467 0.420898 0.009277 0.022786
0 0.458984 0.411133 0.004883 0.008464
0 0.452637 0.415039 0.004883 0.009766
2 0.533447 0.413411 0.005371 0.011719
0 0.471191 0.408203 0.004883 0.007813
