2 0.952881 0.689779 0.123047 0.083496
2 0.104492 0.720703 0.130208 0.087891
2 0.812744 0.513021 0.049479 0.029785
2 0.372559 0.488932 0.040365 0.024414
2 0.662354 0.480794 0.037109 0.020996
2 0.612549 0.447266 0.027344 0.013184
2 0.434326 0.436849 0.020833 0.009277
2 0.478027 0.414388 0.014974 0.006836
2 0.450684 0.420898 0.014974 0.006836
2 0.581055 0.416992 0.014974 0.006836
2 0.518799 0.409180 0.014974 0.005371
2 0.445557 0.426758 0.017578 0.008301
2 0.557373 0.405599 0.011719 0.006348
2 0.917480 0.440430 0.022786 0.013672
2 0.661133 0.409180 0.013672 0.006836
2 0.608398 0.403971 0.013672 0.006836
2 0.757568 0.409180 0.013672 0.007324
1 0.548340 0.394857 0.009766 0.004883
2 0.663330 0.402018 0.012370 0.006348
2 0.804932 0.402995 0.013021 0.006348
2 0.720703 0.401042 0.011719 0.005859
2 0.849854 0.413086 0.014974 0.007324
2 0.898438 0.407227 0.013672 0.006836
2 0.580322 0.425781 0.016927 0.010254
2 0.983643 0.412435 0.013672 0.009277
2 0.966553 0.420898 0.017578 0.011230
