2 0.727783 0.573893 0.074870 0.044434
2 0.627197 0.488281 0.042969 0.022949
2 0.593262 0.454102 0.030599 0.016602
2 0.392578 0.451497 0.026693 0.016602
2 0.388916 0.414063 0.013021 0.008301
2 0.234131 0.447266 0.023438 0.014160
2 0.409424 0.437826 0.022786 0.013184
2 0.555908 0.419596 0.017578 0.009277
2 0.540771 0.412109 0.014323 0.008301
2 0.266357 0.431315 0.017578 0.009277
2 0.487549 0.405924 0.013672 0.007324
2 0.353027 0.410156 0.014323 0.008789
2 0.409912 0.403320 0.012370 0.007324
2 0.302979 0.408854 0.013021 0.008301
2 0.413086 0.428060 0.016276 0.009766
2 0.358398 0.401693 0.010417 0.005859
2 0.316895 0.401367 0.011068 0.006836
2 0.235840 0.417969 0.013021 0.008789
2 0.248535 0.411133 0.012370 0.007813
2 0.241943 0.403320 0.009766 0.006348
2 0.186279 0.415039 0.012370 0.008301
2 0.175293 0.407552 0.010417 0.006836
2 0.076660 0.428711 0.017578 0.010742
