1 0.406510 0.349537 0.034259 0.011979
1 0.865885 0.680093 0.165741 0.077604
1 0.352344 0.421759 0.054630 0.022396
1 0.657292 0.410648 0.049074 0.019792
1 0.590365 0.350926 0.029630 0.010937
1 0.416406 0.338889 0.025926 0.007812
1 0.067187 0.787037 0.177778 0.075000
1 0.342187 0.333796 0.023148 0.009375
1 0.548958 0.330556 0.024074 0.008333
1 0.383854 0.333796 0.026852 0.010417
1 0.291927 0.336574 0.021296 0.007812
1 0.505729 0.315741 0.018519 0.006250
1 0.439063 0.309722 0.015741 0.005208
1 0.665365 0.308333 0.024074 0.007812
1 0.180729 0.343519 0.018519 0.007292
1 0.312500 0.312500 0.013889 0.005208
1 0.560677 0.290278 0.012037 0.005729
1 0.205729 0.325926 0.014815 0.005208
1 0.650260 0.306019 0.013889 0.007812
1 0.569010 0.295833 0.013889 0.005729
1 0.681510 0.319444 0.018519 0.006771
