1 0.149414 0.657878 0.107422 0.074219
1 0.927734 0.646810 0.098307 0.063477
1 0.704346 0.482747 0.039714 0.022949
1 0.377441 0.483073 0.037760 0.023438
1 0.431641 0.441081 0.027995 0.016602
1 0.450195 0.426107 0.020182 0.010742
1 0.624756 0.443359 0.024740 0.013184
1 0.588135 0.423828 0.018229 0.009277
1 0.462158 0.415039 0.014974 0.008301
1 0.558105 0.406576 0.013672 0.007812
1 0.571045 0.413737 0.013672 0.007324
1 0.549316 0.402018 0.012370 0.006836
1 0.468506 0.408529 0.013672 0.007324
1 0.481934 0.400065 0.009766 0.005859
1 0.543945 0.398763 0.008464 0.004883
1 0.538574 0.398112 0.009766 0.004883
