2 0.128750 0.578125 0.150000 0.055000
0 0.152500 0.403125 0.081250 0.027500
0 0.438750 0.367188 0.065625 0.020000
2 0.935625 0.543750 0.156250 0.053750
2 0.349375 0.335938 0.059375 0.016250
2 0.526875 0.306250 0.050000 0.013750
0 0.428125 0.295312 0.040625 0.011250
0 0.448750 0.276562 0.034375 0.007500
0 0.465000 0.253125 0.025000 0.007500
0 0.610000 0.282813 0.034375 0.015000
0 0.871250 0.278125 0.050000 0.012500
0 0.835625 0.251563 0.034375 0.011250
2 0.772500 0.242188 0.034375 0.010000
2 0.532500 0.268750 0.056250 0.010000
0 0.700000 0.259375 0.031250 0.007500
