0 0.251953 0.698611 0.042969 0.119444
0 0.636328 0.509722 0.016406 0.063889
0 0.726953 0.572222 0.028906 0.083333
1 0.351562 0.508333 0.029687 0.113889
1 0.832812 0.523611 0.046875 0.177778
2 0.339844 0.550000 0.020313 0.052778
0 0.401953 0.529861 0.019531 0.048611
1 0.285156 0.511806 0.034375 0.118056
1 0.926562 0.521528 0.054688 0.165278
0 0.446094 0.472917 0.009375 0.031944
0 0.591406 0.464583 0.014063 0.031944
0 0.468750 0.443750 0.007812 0.018056
1 0.441797 0.425000 0.011719 0.027778
0 0.565234 0.434722 0.008594 0.019444
1 0.417969 0.427083 0.007812 0.023611
