0 0.120117 0.598307 0.045898 0.083333
0 0.755859 0.485677 0.018555 0.042969
0 0.919922 0.477214 0.016602 0.031250
0 0.992676 0.467448 0.013672 0.024740
0 0.590576 0.500326 0.025879 0.048828
2 0.921143 0.442057 0.007324 0.013021
0 0.893066 0.441732 0.009766 0.014974
0 0.796387 0.429688 0.009766 0.013021
2 0.758301 0.422852 0.004883 0.009766
0 0.721680 0.420898 0.005859 0.009766
2 0.686768 0.415365 0.005371 0.009115
0 0.936035 0.444987 0.006836 0.016276
0 0.669434 0.415039 0.004883 0.008464
2 0.642090 0.410482 0.004883 0.008464
2 0.829590 0.430339 0.005859 0.011719
0 0.603516 0.408203 0.004883 0.009115
