0 0.727500 0.493243 0.065000 0.118243
0 0.507500 0.488176 0.047500 0.087838
0 0.457500 0.477196 0.030000 0.059122
0 0.548125 0.470439 0.026250 0.048986
0 0.394375 0.486486 0.033750 0.067568
2 0.099375 0.495777 0.028750 0.059122
0 0.603750 0.464527 0.022500 0.043919
2 0.322500 0.476351 0.020000 0.040541
2 0.415000 0.467905 0.017500 0.037162
0 0.616250 0.461993 0.015000 0.035473
0 0.582500 0.459459 0.015000 0.030405
0 0.364375 0.467061 0.011250 0.025338
2 0.218125 0.483953 0.026250 0.048986
0 0.292500 0.471284 0.010000 0.023649
2 0.031250 0.504223 0.037500 0.069257
0 0.137500 0.478885 0.017500 0.032095
0 0.044375 0.486486 0.013750 0.027027
