2 0.790527 0.552083 0.052734 0.052083
0 0.323242 0.576823 0.041992 0.075521
2 0.609619 0.473307 0.023926 0.040365
2 0.753174 0.482096 0.023926 0.041016
0 0.369385 0.472656 0.025879 0.029948
2 0.642090 0.453125 0.013672 0.027344
0 0.381592 0.451172 0.012207 0.024740
2 0.488525 0.435872 0.011230 0.017578
0 0.372803 0.440430 0.009277 0.018880
2 0.404297 0.430013 0.008789 0.017578
0 0.682373 0.437500 0.015137 0.022135
0 0.769531 0.452148 0.013672 0.029297
2 0.535645 0.448242 0.010742 0.018880
0 0.933105 0.477865 0.022461 0.024740
2 0.581787 0.441081 0.012207 0.017578
2 0.539307 0.432292 0.009277 0.019531
2 0.457031 0.430339 0.009766 0.016927
