2 0.208125 0.510938 0.146875 0.048750
0 0.915000 0.728125 0.218750 0.077500
2 0.405625 0.576562 0.128125 0.031250
2 0.456250 0.428125 0.075000 0.025000
0 0.733125 0.484375 0.093750 0.033750
1 0.947500 0.454688 0.121875 0.042500
2 0.383750 0.445312 0.059375 0.032500
0 0.841250 0.392188 0.065625 0.037500
2 0.304375 0.370312 0.046875 0.023750
1 0.367500 0.373437 0.040625 0.022500
0 0.613750 0.359375 0.056250 0.017500
1 0.620625 0.270313 0.046875 0.013750
2 0.562500 0.304688 0.040625 0.010000
2 0.391875 0.329688 0.028125 0.016250
