1 0.887500 0.346875 0.256250 0.057500
1 0.773125 0.245312 0.215625 0.051250
0 0.850625 0.148438 0.178125 0.038750
0 0.103125 0.339062 0.165625 0.043750
0 0.973750 0.456250 0.256250 0.050000
0 0.151875 0.229687 0.159375 0.033750
0 0.045000 0.121875 0.112500 0.022500
0 0.569375 0.082812 0.115625 0.021250
0 0.138750 0.143750 0.131250 0.025000
0 0.950000 0.207813 0.171875 0.035000
2 0.355625 0.084375 0.118750 0.021250
0 0.110625 0.084375 0.131250 0.021250
2 0.709375 0.104688 0.146875 0.028750
0 0.196875 0.078125 0.131250 0.026250
