2 0.860596 0.630859 0.050293 0.091146
2 0.966064 0.517904 0.028809 0.046224
2 0.615479 0.444661 0.012207 0.023438
2 0.369385 0.512044 0.029785 0.051432
2 0.433838 0.451172 0.017090 0.027344
2 0.459717 0.427083 0.011230 0.018229
2 0.597412 0.425456 0.009277 0.018880
2 0.663330 0.423828 0.009277 0.015625
2 0.493896 0.407878 0.007324 0.013672
2 0.532959 0.402669 0.006348 0.011068
2 0.671387 0.409831 0.005859 0.012370
2 0.622559 0.412109 0.006836 0.013021
2 0.590088 0.399414 0.006348 0.011068
2 0.719482 0.417969 0.008301 0.015625
2 0.878906 0.418620 0.010742 0.022135
2 0.795654 0.413737 0.006348 0.012370
2 0.718750 0.402344 0.007813 0.011719
2 0.667725 0.400065 0.007324 0.011068
2 0.924805 0.440755 0.012695 0.022135
2 0.783203 0.404622 0.006836 0.012370
