0 0.088135 0.633464 0.061035 0.100260
2 0.857910 0.549154 0.040039 0.069661
2 0.687744 0.473307 0.022949 0.042969
0 0.270264 0.492839 0.024902 0.045573
2 0.590088 0.438151 0.015137 0.028646
0 0.280273 0.456380 0.015625 0.027344
2 0.226563 0.427734 0.009766 0.018229
0 0.055176 0.455078 0.014648 0.024740
2 0.394775 0.423177 0.012207 0.022135
2 0.492676 0.427409 0.012695 0.022786
2 0.316650 0.422852 0.013184 0.020182
0 0.192139 0.450521 0.017090 0.026042
2 0.120850 0.433919 0.010254 0.017578
2 0.073975 0.433919 0.010254 0.016276
2 0.123535 0.423503 0.007813 0.012370
0 0.149170 0.414063 0.005371 0.010417
2 0.175537 0.414388 0.006348 0.012370
0 0.058105 0.425781 0.007813 0.011719
2 0.260742 0.404297 0.004883 0.010417
2 0.341553 0.395182 0.005371 0.009115
0 0.328613 0.393229 0.004883 0.009115
2 0.407471 0.389323 0.005371 0.009115
