2 0.849609 0.618164 0.055664 0.097005
2 0.103760 0.729167 0.094238 0.138021
2 0.369141 0.479167 0.020508 0.039063
2 0.682373 0.497070 0.025879 0.044922
2 0.418213 0.440430 0.013184 0.025391
2 0.744385 0.456380 0.018066 0.029948
2 0.580811 0.432943 0.010254 0.020833
2 0.560547 0.419922 0.009766 0.016927
2 0.441162 0.419922 0.008301 0.016927
2 0.706787 0.429036 0.009277 0.018229
2 0.813721 0.429688 0.009277 0.016927
2 0.580322 0.413411 0.007324 0.013021
2 0.545166 0.409831 0.007324 0.013672
2 0.538330 0.404622 0.005371 0.012370
2 0.699219 0.416016 0.006836 0.013021
2 0.831543 0.429688 0.008789 0.016927
2 0.452393 0.409505 0.006348 0.013021
2 0.460449 0.401693 0.004883 0.009115
2 0.641846 0.393229 0.005371 0.009115
2 0.688721 0.404622 0.005371 0.011068
2 0.531006 0.399089 0.005371 0.010417
2 0.477539 0.394857 0.004883 0.008464
2 0.500000 0.392578 0.004883 0.007813
2 0.583984 0.393229 0.004883 0.007813
2 0.534180 0.395833 0.004883 0.009115
2 0.524902 0.391602 0.004883 0.007161
2 0.693359 0.396484 0.004883 0.009115
2 0.745850 0.399740 0.005371 0.009115
2 0.863281 0.415365 0.007813 0.013021
2 0.794189 0.404622 0.005371 0.009766
2 0.681641 0.391602 0.004883 0.008464
2 0.592773 0.390299 0.004883 0.008464
2 0.557129 0.390299 0.004883 0.007161
