2 0.700928 0.534180 0.036621 0.063151
2 0.699463 0.456380 0.017090 0.031250
1 0.140137 0.446940 0.016602 0.043620
1 0.180420 0.451823 0.031738 0.027344
0 0.304688 0.493164 0.026367 0.043620
1 0.374268 0.409505 0.009277 0.022135
2 0.748291 0.440755 0.012207 0.020833
0 0.479492 0.438477 0.011719 0.022786
2 0.815430 0.440104 0.008789 0.018229
0 0.595215 0.422852 0.007812 0.017578
0 0.681885 0.421875 0.006348 0.014323
2 0.747314 0.425130 0.008301 0.014323
0 0.769287 0.421224 0.006348 0.014323
1 0.428467 0.400391 0.006348 0.016927
2 0.874023 0.438477 0.006836 0.014974
2 0.889893 0.436523 0.005371 0.013672
2 0.860352 0.428711 0.004883 0.009766
2 0.819824 0.422201 0.004883 0.009766
2 0.410645 0.398438 0.004883 0.010417
0 0.421875 0.397461 0.004883 0.011068
2 0.779297 0.417318 0.004883 0.007812
0 0.735840 0.416016 0.004883 0.009115
2 0.740234 0.412760 0.004883 0.009115
0 0.683105 0.410156 0.004883 0.009115
0 0.632568 0.403646 0.006348 0.010417
2 0.692383 0.407552 0.004883 0.007812
2 0.666260 0.403971 0.005371 0.008464
2 0.681152 0.403971 0.004883 0.008464
2 0.703613 0.403646 0.004883 0.007812
2 0.688965 0.401693 0.004883 0.006510
