0 0.246875 0.693056 0.040625 0.100000
0 0.376953 0.539583 0.022656 0.059722
0 0.601172 0.465972 0.013281 0.037500
1 0.716406 0.461806 0.028125 0.106944
0 0.439063 0.479167 0.012500 0.036111
0 0.645703 0.493750 0.016406 0.045833
0 0.848047 0.489583 0.016406 0.045833
1 0.787500 0.467361 0.032813 0.098611
1 0.405078 0.472222 0.021094 0.075000
0 0.577734 0.440972 0.008594 0.026389
0 0.834375 0.441667 0.009375 0.027778
1 0.357812 0.470139 0.025000 0.081944
0 0.465625 0.449306 0.007812 0.023611
0 0.482812 0.432639 0.007812 0.018056
0 0.563281 0.423611 0.007812 0.022222
0 0.824219 0.422222 0.007812 0.016667
0 0.982812 0.447222 0.010937 0.027778
1 0.435156 0.420833 0.007812 0.022222
1 0.456250 0.417361 0.007812 0.026389
0 0.944141 0.429167 0.008594 0.025000
