1 0.335938 0.387963 0.016667 0.046296
1 0.256510 0.499537 0.032813 0.076852
1 0.707552 0.384259 0.015104 0.033333
1 0.371094 0.412037 0.021354 0.046296
1 0.921094 0.535185 0.038021 0.090741
1 0.912760 0.440278 0.023438 0.047222
1 0.241406 0.388889 0.014063 0.033333
1 0.132031 0.414815 0.011979 0.033333
1 0.531510 0.346296 0.010937 0.024074
1 0.094271 0.394907 0.008333 0.021296
1 0.390885 0.339352 0.010937 0.026852
1 0.247135 0.356481 0.007812 0.024074
1 0.755469 0.340278 0.009896 0.017593
1 0.907552 0.363889 0.006771 0.016667
