2 0.412842 0.469076 0.037109 0.019043
2 0.447021 0.438802 0.026042 0.013184
2 0.136719 0.739583 0.136719 0.072266
2 0.716309 0.508138 0.052734 0.026367
2 0.604736 0.421549 0.013672 0.006348
2 0.472900 0.418945 0.012370 0.005371
2 0.594482 0.431966 0.017578 0.009277
2 0.479492 0.414714 0.010417 0.004883
2 0.464355 0.427083 0.015625 0.008789
2 0.560059 0.418294 0.012370 0.006836
2 0.900635 0.453776 0.027344 0.019043
2 0.860840 0.426107 0.014974 0.009766
2 0.880859 0.422201 0.012370 0.007813
2 0.732422 0.419271 0.011719 0.006836
2 0.595215 0.414063 0.009115 0.004883
2 0.747559 0.416016 0.010417 0.004883
2 0.781738 0.414063 0.007813 0.004883
2 0.931641 0.422526 0.011719 0.005859
2 0.836426 0.418294 0.011068 0.004883
2 0.823730 0.414714 0.010417 0.004883
2 0.555664 0.415690 0.009766 0.004883
2 0.545898 0.411133 0.008464 0.004883
2 0.666016 0.411784 0.008464 0.004883
2 0.604004 0.410807 0.009115 0.004883
