2 0.784668 0.655599 0.106771 0.062500
2 0.585449 0.479492 0.044922 0.025391
2 0.887939 0.555664 0.069661 0.037598
0 0.078125 0.647461 0.094401 0.057617
2 0.703125 0.470052 0.033854 0.019531
2 0.525879 0.450846 0.027995 0.014648
0 0.285400 0.500000 0.042969 0.020020
0 0.284912 0.470703 0.029948 0.016113
0 0.111084 0.465820 0.026693 0.015137
2 0.354492 0.437500 0.020833 0.009766
2 0.438721 0.440104 0.022135 0.011230
2 0.631836 0.438151 0.023438 0.012695
2 0.594482 0.423177 0.016927 0.008301
0 0.184570 0.464518 0.031901 0.017578
2 0.217285 0.441081 0.020182 0.012695
2 0.079834 0.447591 0.017578 0.011230
0 0.885742 0.471680 0.030599 0.018555
0 0.761475 0.438802 0.019531 0.010254
0 0.695557 0.420898 0.016276 0.007324
2 0.571045 0.412760 0.014323 0.008301
0 0.653809 0.411784 0.013672 0.005859
2 0.542969 0.400391 0.010417 0.004883
2 0.552002 0.406250 0.011719 0.005371
0 0.618408 0.402995 0.010417 0.005371
0 0.633789 0.407227 0.012370 0.005859
0 0.592773 0.396159 0.008464 0.004883
0 0.582031 0.393229 0.007813 0.004883
0 0.566895 0.388672 0.006510 0.004883
0 0.576660 0.390951 0.007161 0.004883
0 0.603271 0.399089 0.009115 0.005371
