2 0.785889 0.610677 0.052246 0.096354
2 0.218262 0.517904 0.031250 0.051432
2 0.527588 0.466146 0.020020 0.040365
2 0.301270 0.423503 0.010742 0.020182
2 0.138916 0.449544 0.013184 0.025391
2 0.451172 0.428060 0.011719 0.024089
2 0.419678 0.412109 0.009277 0.016927
2 0.313477 0.407552 0.007813 0.014323
2 0.383301 0.395182 0.006836 0.013021
2 0.375732 0.392253 0.005371 0.009766
2 0.199707 0.409831 0.007813 0.014974
2 0.266602 0.396159 0.004883 0.009766
2 0.251465 0.394531 0.004883 0.006510
2 0.283203 0.395508 0.004883 0.007161
2 0.239746 0.396810 0.004883 0.008464
