2 0.576660 0.441406 0.010742 0.019531
2 0.714844 0.538737 0.037109 0.065755
0 0.288818 0.540365 0.035645 0.062500
2 0.607910 0.458659 0.017578 0.029297
0 0.402100 0.461263 0.015137 0.026693
2 0.562744 0.433594 0.006348 0.013021
0 0.423584 0.444010 0.009277 0.020833
0 0.442871 0.435547 0.006836 0.014323
0 0.462891 0.426432 0.004883 0.010417
2 0.552246 0.429036 0.004883 0.013021
0 0.456543 0.429036 0.006836 0.013021
2 0.542480 0.424805 0.005859 0.011068
2 0.536621 0.421549 0.004883 0.011068
2 0.529297 0.417969 0.004883 0.009115
