0 0.299375 0.751563 0.209375 0.076250
2 0.749375 0.498437 0.128125 0.046250
0 0.343125 0.446875 0.093750 0.028750
0 0.236250 0.409375 0.075000 0.025000
2 0.576250 0.337500 0.056250 0.015000
0 0.645625 0.390625 0.062500 0.023750
0 0.283750 0.335938 0.046875 0.012500
0 0.180625 0.343750 0.050000 0.016250
0 0.066875 0.370312 0.059375 0.018750
2 0.147500 0.290625 0.037500 0.010000
2 0.553750 0.317188 0.053125 0.012500
2 0.508750 0.276562 0.046875 0.010000
0 0.473125 0.301563 0.040625 0.011250
0 0.310625 0.300000 0.037500 0.008750
2 0.275625 0.278125 0.031250 0.008750
2 0.206250 0.285938 0.034375 0.007500
0 0.535000 0.279687 0.053125 0.015000
2 0.086875 0.306250 0.037500 0.016250
