0 0.110547 0.837500 0.158333 0.060156
0 0.369141 0.544444 0.055556 0.021094
0 0.424609 0.486806 0.037500 0.010156
0 0.462500 0.456250 0.026389 0.007812
0 0.614453 0.462500 0.033333 0.011719
0 0.587109 0.447917 0.026389 0.010156
1 0.668750 0.445833 0.072222 0.018750
0 0.574219 0.431250 0.020833 0.007812
1 0.436719 0.446528 0.054167 0.015625
1 0.721094 0.448611 0.061111 0.020313
1 0.396484 0.456250 0.043056 0.014844
1 0.468750 0.411806 0.023611 0.007812
0 0.769922 0.461806 0.031944 0.011719
0 0.954688 0.476389 0.038889 0.014063
0 0.894922 0.425000 0.022222 0.008594
0 0.480859 0.437500 0.019444 0.008594
0 0.492969 0.425000 0.013889 0.007812
0 0.882812 0.413889 0.016667 0.007812
0 0.787500 0.431250 0.018056 0.007812
0 0.563281 0.418056 0.013889 0.007812
0 0.791797 0.416667 0.019444 0.008594
0 0.912891 0.438889 0.022222 0.010156
0 0.802344 0.411111 0.013889 0.007812
1 0.451562 0.415972 0.018056 0.007812
0 0.897656 0.405556 0.013889 0.007812
0 0.877734 0.409028 0.020833 0.008594
