0 0.062891 0.825694 0.080469 0.195833
0 0.320703 0.580556 0.032031 0.080556
2 0.357812 0.520139 0.017188 0.051389
0 0.406641 0.509028 0.017969 0.051389
1 0.744922 0.481944 0.039844 0.125000
0 0.662109 0.521528 0.022656 0.068056
1 0.368750 0.487500 0.023438 0.100000
0 0.598437 0.498611 0.015625 0.041667
0 0.437109 0.481944 0.010156 0.030556
1 0.305469 0.495139 0.023438 0.095833
0 0.563672 0.474306 0.008594 0.029167
0 0.542969 0.458333 0.007813 0.019444
1 0.425000 0.450694 0.007813 0.026389
1 0.403906 0.450000 0.007813 0.027778
0 0.452344 0.465972 0.007813 0.020833
