2 0.723145 0.487305 0.026367 0.046224
0 0.197998 0.527344 0.034668 0.058594
2 0.633789 0.448242 0.018555 0.031901
2 0.567139 0.427734 0.013184 0.020833
0 0.315674 0.458984 0.017090 0.031250
0 0.235596 0.436198 0.011230 0.022135
2 0.403564 0.415039 0.008301 0.016276
2 0.161865 0.423828 0.007324 0.014323
0 0.114746 0.438802 0.009766 0.019531
2 0.253174 0.418620 0.007324 0.016927
0 0.312744 0.438477 0.012207 0.022786
2 0.327148 0.413737 0.007813 0.014974
0 0.004395 0.441081 0.008789 0.017578
2 0.502441 0.418945 0.009766 0.020182
2 0.197266 0.408529 0.005859 0.009766
2 0.112549 0.424154 0.008301 0.013672
2 0.274902 0.399414 0.004883 0.009766
2 0.156738 0.415365 0.006836 0.013021
0 0.089600 0.416992 0.007324 0.011068
0 0.171387 0.407227 0.004883 0.008464
1 0.188477 0.397461 0.004883 0.008464
2 0.346680 0.392578 0.004883 0.009115
0 0.336914 0.388997 0.004883 0.008464
0 0.263672 0.395833 0.004883 0.007813
0 0.381348 0.385417 0.004883 0.006510
2 0.411865 0.386719 0.005371 0.007813
0 0.013184 0.426432 0.008789 0.013021
1 0.513184 0.377279 0.004883 0.009766
1 0.473633 0.382487 0.004883 0.007161
1 0.505859 0.377279 0.004883 0.011068
1 0.535400 0.378255 0.005371 0.010417
1 0.446289 0.376302 0.004883 0.011719
0 0.441406 0.382161 0.004883 0.006510
