2 0.590332 0.458333 0.031250 0.018555
2 0.323730 0.505534 0.051432 0.032227
2 0.764160 0.604818 0.089844 0.056641
2 0.307373 0.442383 0.020182 0.011230
2 0.411621 0.452474 0.026042 0.015625
2 0.135010 0.439779 0.017578 0.010254
2 0.568359 0.437826 0.022786 0.012695
2 0.555420 0.428060 0.017578 0.010254
2 0.549316 0.420898 0.014974 0.007813
2 0.152100 0.473307 0.028646 0.019043
2 0.450439 0.422526 0.014323 0.007324
2 0.357666 0.423503 0.013672 0.006348
2 0.538330 0.410156 0.010417 0.006348
2 0.400391 0.409180 0.009766 0.004883
2 0.429443 0.410156 0.010417 0.006348
2 0.494141 0.404297 0.010417 0.004883
2 0.437500 0.402995 0.010417 0.004883
2 0.147461 0.425130 0.010417 0.006836
2 0.167480 0.429362 0.012370 0.008789
2 0.362305 0.408854 0.010417 0.005859
2 0.216797 0.421875 0.010417 0.007813
2 0.530273 0.407227 0.011068 0.005859
2 0.309082 0.406250 0.009115 0.004883
2 0.321289 0.414714 0.009115 0.005859
2 0.084961 0.433268 0.013672 0.008789
