0 0.660625 0.653125 0.200000 0.053750
2 0.380000 0.642188 0.196875 0.065000
2 0.350625 0.465625 0.118750 0.036250
0 0.454375 0.337500 0.075000 0.021250
0 0.532500 0.400000 0.093750 0.025000
2 0.291250 0.296875 0.056250 0.015000
2 0.731875 0.207813 0.053125 0.016250
2 0.283750 0.385937 0.084375 0.025000
0 0.908750 0.293750 0.050000 0.025000
2 0.808750 0.237500 0.050000 0.015000
2 0.326875 0.278125 0.050000 0.013750
2 0.283125 0.329688 0.065625 0.021250
2 0.895625 0.250000 0.056250 0.021250
2 0.629375 0.201563 0.034375 0.021250
0 0.415625 0.300000 0.050000 0.011250
2 0.760625 0.217188 0.034375 0.011250
0 0.425625 0.275000 0.043750 0.011250
2 0.382500 0.254688 0.034375 0.010000
2 0.433750 0.232813 0.034375 0.007500
