0 0.170313 0.730556 0.152778 0.068750
0 0.328516 0.604861 0.081944 0.033594
1 0.137500 0.605556 0.072222 0.028125
0 0.034766 0.600000 0.061111 0.021094
1 0.724609 0.490278 0.030556 0.013281
0 0.780078 0.508333 0.041667 0.011719
0 0.758984 0.502778 0.036111 0.013281
0 0.667188 0.477083 0.023611 0.007813
0 0.607031 0.481944 0.022222 0.009375
0 0.716406 0.473611 0.022222 0.007813
1 0.353516 0.464583 0.090278 0.038281
0 0.523828 0.486806 0.023611 0.008594
0 0.317578 0.503472 0.026389 0.008594
0 0.289844 0.506250 0.018056 0.007813
0 0.161719 0.516667 0.025000 0.007813
1 0.075000 0.512500 0.041667 0.012500
0 0.280469 0.506944 0.025000 0.007813
0 0.023047 0.546528 0.026389 0.010156
1 0.052734 0.516667 0.030556 0.007031
1 0.058984 0.517361 0.029167 0.007031
0 0.063281 0.521528 0.020833 0.007813
0 0.012109 0.540972 0.026389 0.010156
