0 0.759375 0.584375 0.053750 0.175000
2 0.603125 0.400000 0.026250 0.093750
0 0.216250 0.528125 0.045000 0.131250
2 0.115000 0.425000 0.030000 0.087500
2 0.311250 0.351562 0.017500 0.059375
0 0.196250 0.342187 0.015000 0.053125
0 0.375000 0.309375 0.010000 0.037500
2 0.547500 0.304688 0.010000 0.046875
2 0.041250 0.385937 0.022500 0.059375
2 0.605625 0.284375 0.011250 0.043750
2 0.400625 0.285938 0.011250 0.034375
2 0.291875 0.306250 0.011250 0.043750
0 0.325000 0.287500 0.010000 0.031250
0 0.723750 0.265625 0.012500 0.031250
0 0.444375 0.276562 0.008750 0.021875
2 0.896250 0.306250 0.015000 0.050000
0 0.493125 0.256250 0.011250 0.037500
