1 0.704948 0.443056 0.025521 0.060185
1 0.654167 0.341667 0.011458 0.044444
1 0.258073 0.422222 0.035937 0.077778
1 0.611719 0.340278 0.010937 0.026852
1 0.380729 0.336574 0.012500 0.030556
1 0.191406 0.341667 0.008854 0.022222
1 0.782292 0.363889 0.012500 0.040741
1 0.734375 0.343981 0.008333 0.023148
1 0.634896 0.329630 0.006250 0.020370
1 0.336458 0.321296 0.008333 0.020370
1 0.531771 0.316667 0.011458 0.024074
1 0.314063 0.310185 0.005208 0.016667
1 0.261458 0.326389 0.006250 0.021296
1 0.208854 0.323148 0.005208 0.014815
1 0.417187 0.306944 0.005208 0.015741
1 0.377865 0.324537 0.007812 0.021296
