1 0.180176 0.436849 0.015625 0.007812
1 0.156006 0.427409 0.012370 0.006348
1 0.071289 0.440104 0.015625 0.009766
1 0.068848 0.458008 0.021484 0.012695
1 0.219727 0.417643 0.011068 0.005859
1 0.247803 0.423828 0.013021 0.007324
1 0.254639 0.413086 0.009766 0.005371
1 0.289551 0.416016 0.011719 0.005859
1 0.302734 0.405599 0.009115 0.004883
1 0.282471 0.408854 0.009115 0.005371
1 0.320557 0.411458 0.011719 0.005371
1 0.338867 0.407552 0.009115 0.005859
1 0.354980 0.404948 0.007812 0.004883
1 0.319336 0.402344 0.006510 0.004883
1 0.338379 0.399740 0.006510 0.004883
1 0.370117 0.397135 0.006510 0.004883
1 0.365723 0.402344 0.006510 0.004883
1 0.351074 0.398438 0.006510 0.004883
