2 0.861816 0.503581 0.048828 0.029297
0 0.193848 0.513997 0.044922 0.028320
0 0.245117 0.598633 0.083984 0.044922
2 0.612061 0.460612 0.031901 0.021973
2 0.480713 0.441406 0.027344 0.015137
0 0.083252 0.486979 0.031250 0.019043
2 0.359863 0.445638 0.025391 0.014648
2 0.246826 0.445638 0.024089 0.009277
2 0.216064 0.438477 0.017578 0.010254
2 0.292236 0.424154 0.014974 0.009277
0 0.152344 0.433594 0.014323 0.007813
0 0.095703 0.443359 0.016927 0.010742
0 0.047363 0.453776 0.019531 0.012695
2 0.356201 0.414714 0.013021 0.007324
2 0.456787 0.405273 0.013672 0.007324
2 0.551270 0.399089 0.013021 0.005859
0 0.242676 0.421875 0.013021 0.007813
0 0.033936 0.467448 0.023438 0.015137
2 0.639160 0.394531 0.010417 0.004883
0 0.542725 0.394206 0.008464 0.005371
