0 0.725000 0.618750 0.057500 0.181250
2 0.578750 0.370312 0.025000 0.084375
2 0.316250 0.598437 0.047500 0.165625
0 0.385625 0.382812 0.023750 0.071875
0 0.363750 0.332813 0.015000 0.046875
0 0.606250 0.315625 0.017500 0.037500
2 0.496250 0.312500 0.015000 0.050000
2 0.449375 0.292187 0.011250 0.034375
0 0.790000 0.282813 0.015000 0.046875
0 0.621250 0.275000 0.010000 0.031250
0 0.713125 0.267188 0.011250 0.034375
2 0.532500 0.267188 0.007500 0.034375
2 0.343750 0.315625 0.012500 0.043750
2 0.377500 0.275000 0.007500 0.031250
0 0.333125 0.295312 0.011250 0.040625
1 0.856250 0.260937 0.012500 0.046875
0 0.823125 0.253125 0.013750 0.043750
