2 0.662354 0.451823 0.024740 0.013184
2 0.706543 0.482747 0.035807 0.021484
0 0.404541 0.465495 0.029948 0.015137
0 0.443604 0.440104 0.019531 0.010254
2 0.670410 0.436849 0.016927 0.008789
0 0.521240 0.425781 0.015625 0.008301
0 0.594971 0.414388 0.012370 0.007324
0 0.650635 0.406901 0.010417 0.005371
2 0.691895 0.424479 0.014323 0.007812
2 0.708008 0.416992 0.012370 0.007812
2 0.738281 0.412435 0.018880 0.008789
2 0.768555 0.408854 0.009115 0.004883
2 0.805176 0.406576 0.009766 0.004883
0 0.713379 0.402995 0.007812 0.004883
2 0.844482 0.405273 0.008464 0.005371
2 0.880859 0.406576 0.007161 0.004883
