0 0.025146 0.463867 0.015137 0.025391
2 0.049072 0.444336 0.010254 0.017578
0 0.207275 0.430664 0.007324 0.012370
0 0.146973 0.441732 0.008789 0.014974
2 0.204102 0.419922 0.005859 0.010417
0 0.256836 0.422526 0.006836 0.011719
2 0.302734 0.403320 0.004883 0.009766
2 0.248535 0.412109 0.004883 0.010417
2 0.278320 0.407552 0.004883 0.009115
0 0.291504 0.416667 0.005859 0.010417
0 0.315430 0.411133 0.004883 0.007161
2 0.324219 0.400391 0.004883 0.007812
0 0.339844 0.406576 0.005859 0.009766
2 0.344482 0.399414 0.005371 0.008464
