0 0.297656 0.694444 0.039062 0.111111
0 0.700000 0.516667 0.025000 0.072222
0 0.622656 0.479167 0.021875 0.055556
1 0.560156 0.451389 0.015625 0.047222
0 0.328516 0.570139 0.024219 0.062500
1 0.334375 0.513889 0.020313 0.052778
0 0.868750 0.445833 0.017188 0.050000
0 0.783594 0.431944 0.015625 0.038889
1 0.723828 0.418056 0.013281 0.036111
0 0.077734 0.586111 0.014844 0.047222
0 0.139453 0.538889 0.014844 0.036111
0 0.933984 0.418056 0.011719 0.036111
0 0.860156 0.408333 0.010937 0.030556
0 0.793750 0.401389 0.007812 0.027778
0 0.742188 0.397222 0.007812 0.022222
0 0.667188 0.410417 0.007812 0.029167
0 0.344531 0.489583 0.017188 0.045833
0 0.497656 0.433333 0.010937 0.027778
1 0.008984 0.640972 0.017969 0.081944
0 0.167187 0.517361 0.009375 0.031944
1 0.405859 0.443056 0.008594 0.025000
