2 0.067500 0.625000 0.256757 0.135000
0 0.725625 0.483953 0.076014 0.043750
0 0.898125 0.490709 0.103041 0.063750
2 0.264375 0.548142 0.140203 0.093750
0 0.605625 0.484797 0.057432 0.031250
0 0.533750 0.483108 0.047297 0.027500
0 0.473750 0.481419 0.043919 0.025000
0 0.683125 0.467905 0.043919 0.023750
2 0.325625 0.520270 0.091216 0.051250
0 0.393125 0.481419 0.047297 0.021250
1 0.657500 0.470439 0.038851 0.022500
2 0.176250 0.501689 0.054054 0.030000
0 0.163125 0.485642 0.035473 0.016250
2 0.073125 0.496622 0.040541 0.021250
0 0.308750 0.481419 0.033784 0.015000
2 0.661875 0.430743 0.033784 0.023750
