2 0.620117 0.515951 0.030273 0.057943
2 0.716797 0.486654 0.022461 0.042318
2 0.945801 0.578451 0.052734 0.074870
2 0.622803 0.452148 0.016113 0.030599
0 0.896729 0.477539 0.022949 0.031901
0 0.762207 0.449219 0.014648 0.024740
2 0.533203 0.457682 0.017578 0.032552
0 0.681152 0.430664 0.011719 0.020182
0 0.255859 0.523763 0.029297 0.054036
0 0.320801 0.470052 0.017578 0.031250
2 0.488525 0.442057 0.015137 0.026042
2 0.575439 0.434896 0.012207 0.020833
2 0.544922 0.422526 0.007813 0.016927
0 0.599121 0.414063 0.004883 0.010417
0 0.293701 0.458659 0.014160 0.027995
2 0.342773 0.435547 0.010742 0.023438
2 0.525146 0.415039 0.008301 0.016276
0 0.631592 0.418945 0.009277 0.017578
2 0.415771 0.436849 0.010254 0.019531
2 0.508545 0.409505 0.008301 0.015625
