2 0.608750 0.515203 0.025000 0.064189
2 0.562500 0.520270 0.037500 0.077703
2 0.396250 0.527872 0.060000 0.106419
0 0.911250 0.532939 0.030000 0.055743
0 0.861250 0.526182 0.020000 0.045608
2 0.646250 0.514358 0.025000 0.055743
0 0.823750 0.521959 0.017500 0.037162
0 0.749375 0.516892 0.016250 0.030405
2 0.485000 0.501689 0.012500 0.027027
2 0.454375 0.497466 0.013750 0.032095
0 0.330000 0.495777 0.012500 0.025338
0 0.256875 0.492399 0.013750 0.028716
2 0.198125 0.488176 0.016250 0.033784
0 0.185625 0.486486 0.011250 0.027027
2 0.627500 0.508446 0.012500 0.040541
2 0.298750 0.492399 0.012500 0.028716
2 0.061875 0.480574 0.016250 0.032095
0 0.095000 0.483953 0.012500 0.028716
2 0.413125 0.494932 0.011250 0.040541
2 0.660000 0.511824 0.015000 0.047297
0 0.986250 0.543074 0.020000 0.086149
2 0.016250 0.592905 0.030000 0.087838
0 0.008750 0.478041 0.015000 0.030405
