2 0.630371 0.506836 0.051432 0.023438
2 0.253906 0.519531 0.052083 0.030273
2 0.234131 0.484375 0.037760 0.020020
2 0.369629 0.450195 0.025391 0.014648
2 0.541016 0.424805 0.020182 0.010742
2 0.404297 0.430339 0.020833 0.009766
2 0.567383 0.446940 0.027995 0.014648
2 0.431641 0.413086 0.013672 0.007813
2 0.342041 0.421224 0.015625 0.007324
2 0.533447 0.414388 0.017578 0.008301
2 0.226318 0.442057 0.024740 0.015137
2 0.442627 0.406576 0.013672 0.006348
2 0.421631 0.402995 0.011719 0.007324
2 0.518066 0.401042 0.009115 0.004883
2 0.274902 0.407552 0.010417 0.007813
2 0.173340 0.416992 0.013672 0.008789
2 0.526123 0.407878 0.013672 0.008301
2 0.009277 0.456706 0.022786 0.014648
2 0.034180 0.426107 0.017578 0.010742
2 0.130371 0.406576 0.011068 0.006836
