2 0.243125 0.510938 0.128125 0.048750
2 0.361875 0.393750 0.081250 0.026250
2 0.675000 0.407813 0.096875 0.035000
0 0.908125 0.890625 0.206250 0.108750
0 0.464375 0.318750 0.043750 0.013750
0 0.670625 0.315625 0.056250 0.018750
2 0.718125 0.292187 0.053125 0.016250
0 0.755625 0.268750 0.037500 0.013750
2 0.541875 0.278125 0.043750 0.011250
0 0.638750 0.251563 0.046875 0.010000
2 0.671250 0.245312 0.040625 0.012500
0 0.576250 0.265625 0.037500 0.010000
2 0.805625 0.245312 0.034375 0.011250
0 0.925000 0.278125 0.037500 0.017500
