2 0.826172 0.627279 0.100911 0.061523
2 0.569580 0.533529 0.063151 0.043457
2 0.431396 0.481771 0.042969 0.028809
2 0.108154 0.498372 0.044922 0.029785
2 0.135498 0.461914 0.027995 0.019043
2 0.285645 0.423177 0.018229 0.008789
2 0.321777 0.437826 0.025391 0.012695
2 0.152588 0.436523 0.018880 0.011230
2 0.085938 0.457682 0.026042 0.015625
2 0.262939 0.413411 0.016927 0.008301
2 0.159912 0.428060 0.016276 0.009277
2 0.024170 0.642253 0.113932 0.048340
2 0.090332 0.427409 0.016276 0.010742
2 0.241943 0.404297 0.011719 0.005371
2 0.252686 0.408529 0.012370 0.007324
2 0.163818 0.416341 0.012370 0.005371
2 0.168945 0.411458 0.011719 0.005859
2 0.144287 0.408854 0.010417 0.006348
2 0.233398 0.399740 0.009115 0.004883
2 0.004150 0.446615 0.019531 0.008301
2 0.228516 0.397786 0.006510 0.004883
2 0.172852 0.402344 0.006510 0.004883
