0 0.263125 0.578125 0.156250 0.051250
2 0.300625 0.435937 0.109375 0.036250
0 0.357500 0.367188 0.084375 0.025000
0 0.717500 0.525000 0.162500 0.047500
0 0.679375 0.345313 0.090625 0.023750
0 0.691250 0.289062 0.053125 0.025000
2 0.411250 0.312500 0.068750 0.017500
0 0.267500 0.268750 0.081250 0.025000
2 0.624375 0.260937 0.059375 0.011250
2 0.586250 0.215625 0.037500 0.010000
0 0.398125 0.273438 0.046875 0.011250
0 0.461875 0.259375 0.043750 0.013750
2 0.490000 0.231250 0.043750 0.007500
0 0.613750 0.234375 0.043750 0.010000
0 0.676250 0.196875 0.037500 0.012500
2 0.555000 0.207813 0.040625 0.007500
2 0.480000 0.245312 0.046875 0.010000
