1 0.199463 0.620117 0.166016 0.071777
1 0.850586 0.627279 0.169922 0.084961
0 0.316406 0.532552 0.059896 0.036133
2 0.689209 0.514648 0.054036 0.033691
2 0.608887 0.462565 0.034505 0.021484
2 0.559814 0.426432 0.019531 0.010254
0 0.389648 0.462891 0.031250 0.017578
0 0.427490 0.424805 0.017578 0.011230
2 0.544434 0.414388 0.014974 0.008789
2 0.533691 0.406901 0.014323 0.006836
0 0.440918 0.413086 0.013672 0.007812
2 0.524658 0.401042 0.009115 0.005371
0 0.445801 0.406250 0.011719 0.004883
1 0.046387 0.842773 0.231120 0.092773
1 0.970459 0.806966 0.138672 0.057129
2 0.520996 0.396810 0.008464 0.004883
0 0.451172 0.400391 0.007812 0.004883
2 0.517578 0.393555 0.009766 0.004883
2 0.512695 0.388997 0.007161 0.004883
0 0.457520 0.395833 0.007812 0.004883
