0 0.294434 0.569010 0.033203 0.069010
0 0.510986 0.497721 0.024902 0.044922
0 0.664795 0.462240 0.015137 0.029948
2 0.912354 0.488932 0.020020 0.039063
2 0.855957 0.462891 0.013672 0.024740
2 0.972412 0.479818 0.016113 0.029948
2 0.832031 0.448568 0.011719 0.019531
0 0.699219 0.444010 0.014648 0.026042
2 0.916016 0.459961 0.011719 0.018880
2 0.883301 0.450521 0.009766 0.016927
2 0.806396 0.440755 0.006348 0.013021
2 0.783936 0.436523 0.005371 0.011068
2 0.856445 0.444661 0.006836 0.013021
2 0.838135 0.439128 0.005371 0.011068
2 0.739502 0.430664 0.006348 0.011068
0 0.951904 0.452799 0.006348 0.012370
0 0.915283 0.445964 0.007324 0.013021
0 0.711426 0.438477 0.007813 0.014974
2 0.545898 0.416667 0.004883 0.010417
0 0.602051 0.423177 0.004883 0.011719
0 0.636719 0.424805 0.004883 0.011068
2 0.822998 0.434570 0.006348 0.011068
2 0.622559 0.421549 0.004883 0.011068
0 0.689453 0.428711 0.004883 0.011068
2 0.786621 0.421549 0.004883 0.007161
0 0.444336 0.415690 0.004883 0.011068
0 0.517090 0.417969 0.004883 0.011719
0 0.889160 0.438802 0.005859 0.011719
2 0.810059 0.430339 0.005859 0.010417
2 0.479248 0.413737 0.005371 0.011068
2 0.798584 0.427083 0.005371 0.009115
2 0.407715 0.412435 0.004883 0.011068
0 0.869141 0.434570 0.005859 0.012370
0 0.390625 0.413737 0.004883 0.009766
0 0.850098 0.430013 0.004883 0.008464
0 0.321777 0.412435 0.004883 0.008464
0 0.858154 0.431966 0.005371 0.009766
0 0.825195 0.423503 0.004883 0.008464
0 0.840820 0.427083 0.004883 0.006510
