2 0.844971 0.520833 0.028809 0.053385
0 0.208008 0.505208 0.023438 0.044271
0 0.167725 0.697266 0.069824 0.128906
2 0.629883 0.474284 0.021484 0.038411
2 0.468018 0.448242 0.017090 0.029297
2 0.448975 0.431966 0.013184 0.020182
0 0.239990 0.455404 0.015137 0.027995
0 0.279297 0.436849 0.013672 0.023438
0 0.338135 0.423503 0.009277 0.016276
0 0.400391 0.416992 0.011719 0.017578
2 0.540771 0.419922 0.010254 0.019531
0 0.619141 0.405924 0.007812 0.012370
0 0.499268 0.411458 0.007324 0.014323
2 0.630615 0.413086 0.008301 0.013672
2 0.759521 0.410482 0.008301 0.014974
2 0.873291 0.402669 0.007324 0.012370
2 0.901367 0.411784 0.007812 0.014974
2 0.840088 0.390951 0.005371 0.009766
1 0.673584 0.393229 0.005371 0.010417
2 0.961426 0.402995 0.005859 0.011719
