0 0.223389 0.597982 0.052246 0.083984
2 0.633545 0.486979 0.019043 0.035156
0 0.355713 0.491211 0.020020 0.039714
0 0.408936 0.462240 0.014160 0.027344
2 0.823242 0.606445 0.045898 0.085286
0 0.439209 0.445313 0.010254 0.018229
2 0.596680 0.459961 0.015625 0.024089
2 0.556641 0.437826 0.008789 0.011068
2 0.573486 0.445638 0.010254 0.017578
2 0.547607 0.430013 0.006348 0.012370
0 0.460205 0.431315 0.006348 0.012370
2 0.538086 0.424805 0.005859 0.011068
0 0.469238 0.427083 0.004883 0.010417
2 0.532715 0.421224 0.004883 0.007813
2 0.562500 0.416667 0.004883 0.006510
0 0.451660 0.437826 0.006836 0.013672
0 0.474609 0.423177 0.004883 0.007813
2 0.527344 0.416341 0.004883 0.011068
2 0.593262 0.419271 0.004883 0.006510
0 0.629395 0.420898 0.004883 0.007161
0 0.612305 0.416016 0.004883 0.006510
