0 0.226250 0.558277 0.050000 0.092905
0 0.388125 0.429054 0.018750 0.040541
2 0.533750 0.400338 0.015000 0.027027
2 0.759375 0.472973 0.036250 0.060811
2 0.643750 0.419764 0.022500 0.038851
2 0.421875 0.397804 0.013750 0.025338
0 0.323125 0.411318 0.013750 0.028716
0 0.263125 0.407939 0.011250 0.025338
2 0.349375 0.395270 0.008750 0.020270
2 0.280625 0.395270 0.008750 0.020270
2 0.228125 0.396959 0.008750 0.016892
0 0.201250 0.405405 0.010000 0.023649
0 0.136875 0.405405 0.008750 0.023649
0 0.071250 0.406250 0.010000 0.021959
2 0.145000 0.397804 0.007500 0.018581
1 0.320000 0.371622 0.007500 0.013514
2 0.040625 0.402872 0.011250 0.021959
1 0.020000 0.379223 0.007500 0.015203
1 0.638125 0.359797 0.011250 0.013514
