2 0.647217 0.531250 0.059896 0.031738
2 0.371338 0.474609 0.036458 0.017090
2 0.584961 0.467448 0.033854 0.017578
2 0.422363 0.445638 0.027995 0.013672
2 0.463379 0.423503 0.020182 0.011719
2 0.138672 0.462565 0.022786 0.012695
2 0.319580 0.437500 0.020833 0.010254
2 0.536865 0.417643 0.013672 0.006348
2 0.545898 0.425781 0.015625 0.008789
2 0.359863 0.417643 0.014974 0.008789
2 0.325684 0.413737 0.012370 0.007813
2 0.245361 0.423828 0.014323 0.008301
2 0.476318 0.408203 0.010417 0.005371
2 0.527832 0.404948 0.009115 0.004883
2 0.479980 0.401042 0.009115 0.004883
2 0.010986 0.531576 0.055339 0.020996
2 0.192871 0.420573 0.011719 0.006836
2 0.467285 0.397786 0.009115 0.004883
2 0.181396 0.413737 0.011068 0.005371
2 0.142578 0.428060 0.011068 0.006836
2 0.267578 0.407552 0.010417 0.004883
