1 0.851318 0.630208 0.079590 0.170573
1 0.200928 0.618164 0.073730 0.172526
2 0.689941 0.513346 0.032227 0.055339
0 0.316162 0.532227 0.033691 0.060547
2 0.610352 0.463542 0.021484 0.036458
0 0.390381 0.458984 0.018066 0.036458
2 0.560059 0.427083 0.011719 0.019531
0 0.427246 0.425130 0.010742 0.019531
1 0.049072 0.851237 0.098145 0.216797
2 0.544189 0.414388 0.008301 0.013672
2 0.533203 0.407552 0.005859 0.013021
1 0.969482 0.803711 0.061035 0.133464
2 0.524658 0.401042 0.005371 0.010417
2 0.520508 0.396810 0.004883 0.011068
0 0.445312 0.407878 0.005859 0.009766
0 0.440674 0.411133 0.008301 0.014974
2 0.518066 0.392253 0.004883 0.008464
0 0.450684 0.400716 0.004883 0.011068
