2 0.448486 0.432943 0.024740 0.013184
2 0.571533 0.408529 0.016276 0.007324
2 0.406250 0.482747 0.048828 0.026367
2 0.585449 0.437500 0.029948 0.014648
2 0.715088 0.424805 0.024089 0.011230
2 0.635498 0.396159 0.016276 0.007324
2 0.566895 0.399089 0.014323 0.005859
2 0.745850 0.411133 0.014974 0.008301
2 0.480713 0.401367 0.013672 0.007324
2 0.857178 0.407878 0.014974 0.008301
2 0.485596 0.395182 0.011719 0.005371
2 0.550049 0.389648 0.008464 0.005371
2 0.608643 0.388997 0.008464 0.005371
2 0.914063 0.406250 0.011719 0.006836
2 0.813232 0.398763 0.011068 0.006348
2 0.690430 0.392253 0.009766 0.004883
