2 0.398828 0.372917 0.021094 0.048611
2 0.423828 0.324306 0.013281 0.029167
2 0.657031 0.393750 0.018750 0.045833
2 0.583984 0.331250 0.010156 0.029167
2 0.439063 0.304861 0.007813 0.023611
2 0.553125 0.308333 0.007813 0.022222
2 0.447656 0.286111 0.007813 0.016667
2 0.468750 0.280556 0.007813 0.013889
2 0.565625 0.287500 0.007813 0.013889
2 0.542969 0.294444 0.007813 0.019444
2 0.550781 0.287500 0.007813 0.016667
2 0.505469 0.276389 0.007813 0.013889
2 0.950000 0.433333 0.010937 0.036111
2 0.633594 0.288889 0.007813 0.013889
2 0.598437 0.288889 0.007813 0.013889
2 0.656250 0.293056 0.007813 0.013889
