0 0.376563 0.520833 0.017188 0.044444
0 0.559375 0.457639 0.009375 0.029167
2 0.642188 0.556944 0.028125 0.075000
2 0.297656 0.594444 0.029687 0.075000
0 0.597266 0.498611 0.017969 0.047222
0 0.432031 0.464583 0.014063 0.034722
2 0.746484 0.420139 0.016406 0.048611
0 0.448047 0.435417 0.008594 0.020833
0 0.457813 0.423611 0.007812 0.019444
2 0.988672 0.451389 0.008594 0.022222
0 0.494531 0.410417 0.007812 0.015278
0 0.545312 0.431250 0.007812 0.015278
0 0.453906 0.409722 0.007812 0.013889
0 0.442969 0.422222 0.007812 0.013889
0 0.396094 0.423611 0.007812 0.013889
0 0.225781 0.448611 0.007812 0.013889
0 0.308594 0.437500 0.007812 0.013889
0 0.310937 0.427778 0.007812 0.013889
0 0.239844 0.437500 0.007812 0.013889
