2 0.823125 0.871875 0.243750 0.113750
2 0.626250 0.423438 0.096875 0.032500
2 0.423125 0.334375 0.056250 0.016250
2 0.083750 0.629687 0.178125 0.065000
0 0.371875 0.414062 0.078125 0.023750
2 0.532500 0.298438 0.046875 0.012500
2 0.316250 0.300000 0.043750 0.015000
2 0.300625 0.281250 0.037500 0.011250
0 0.600625 0.281250 0.031250 0.008750
0 0.391250 0.312500 0.043750 0.012500
0 0.581875 0.329688 0.059375 0.013750
0 0.380000 0.285938 0.034375 0.010000
0 0.228750 0.300000 0.043750 0.015000
2 0.206250 0.287500 0.043750 0.015000
0 0.122500 0.310937 0.040625 0.015000
2 0.827500 0.325000 0.043750 0.020000
2 0.908750 0.279687 0.046875 0.012500
2 0.101250 0.296875 0.043750 0.015000
0 0.875000 0.260937 0.034375 0.012500
2 0.790625 0.278125 0.043750 0.011250
0 0.676250 0.250000 0.025000 0.007500
0 0.761875 0.260937 0.028125 0.011250
2 0.684375 0.275000 0.056250 0.016250
0 0.336250 0.260937 0.028125 0.010000
0 0.470625 0.287500 0.031250 0.011250
0 0.617500 0.262500 0.025000 0.007500
2 0.027500 0.329688 0.046875 0.015000
0 0.237500 0.271875 0.037500 0.010000
0 0.275625 0.281250 0.025000 0.011250
2 0.453125 0.265625 0.031250 0.011250
2 0.065000 0.296875 0.037500 0.010000
0 0.291250 0.262500 0.031250 0.010000
0 0.471250 0.259375 0.031250 0.010000
0 0.563750 0.264062 0.046875 0.007500
0 0.355000 0.254688 0.021875 0.007500
