1 0.891667 0.785648 0.178704 0.065625
1 0.081250 0.646296 0.151852 0.068750
1 0.355208 0.419907 0.071296 0.031250
1 0.749219 0.480556 0.066667 0.025521
1 0.836458 0.451852 0.048148 0.017708
1 0.592969 0.374074 0.035185 0.017188
1 0.485677 0.376389 0.037963 0.017188
1 0.810417 0.394444 0.022222 0.006250
1 0.742969 0.381019 0.023148 0.008854
1 0.619271 0.342130 0.019444 0.006250
1 0.417969 0.327778 0.022222 0.008854
1 0.913021 0.423148 0.020370 0.007292
1 0.974479 0.466204 0.032407 0.012500
1 0.328646 0.319907 0.021296 0.010417
