2 0.766875 0.759375 0.325000 0.101250
2 0.366250 0.531250 0.225000 0.065000
0 0.943125 0.232813 0.103125 0.031250
2 0.180625 0.256250 0.062500 0.036250
2 0.530000 0.200000 0.087500 0.025000
2 0.375000 0.193750 0.075000 0.020000
0 0.553125 0.168750 0.068750 0.021250
2 0.701250 0.204687 0.096875 0.022500
0 0.447500 0.160938 0.065625 0.015000
0 0.728750 0.164062 0.071875 0.017500
0 0.196875 0.192188 0.071875 0.018750
2 0.323125 0.168750 0.062500 0.016250
2 0.743125 0.129688 0.046875 0.011250
2 0.892500 0.118750 0.050000 0.012500
2 0.620000 0.139063 0.034375 0.010000
0 0.768750 0.134375 0.031250 0.017500
1 0.780000 0.140625 0.056250 0.012500
2 0.486875 0.145313 0.046875 0.011250
0 0.226875 0.151562 0.046875 0.011250
2 0.153125 0.159375 0.050000 0.016250
0 0.942500 0.170313 0.078125 0.022500
0 0.276250 0.143750 0.031250 0.010000
2 0.397500 0.140625 0.043750 0.012500
0 0.701250 0.120313 0.040625 0.010000
2 0.991875 0.107813 0.046875 0.013750
0 0.188750 0.148438 0.040625 0.012500
2 0.122500 0.173437 0.053125 0.010000
0 0.530625 0.140625 0.043750 0.016250
2 0.271875 0.164062 0.034375 0.016250
0 0.493750 0.131250 0.043750 0.010000
1 0.061250 0.151562 0.040625 0.012500
2 0.379375 0.139063 0.040625 0.011250
2 0.127500 0.151562 0.046875 0.010000
0 0.941250 0.118750 0.050000 0.015000
2 0.613750 0.121875 0.037500 0.010000
0 0.050000 0.151562 0.040625 0.012500
