0 0.134375 0.636806 0.025000 0.068056
0 0.083594 0.717361 0.034375 0.090278
0 0.161719 0.586111 0.023438 0.055556
1 0.131641 0.575694 0.036719 0.115278
0 0.913672 0.617361 0.038281 0.112500
1 0.762109 0.393056 0.014844 0.047222
0 0.844531 0.511806 0.026562 0.079167
0 0.818750 0.472222 0.017188 0.058333
1 0.083203 0.579861 0.036719 0.104167
0 0.772656 0.405556 0.009375 0.030556
1 0.539453 0.403472 0.010156 0.043056
1 0.524609 0.406250 0.010156 0.043056
1 0.572266 0.400000 0.010156 0.041667
1 0.494531 0.409028 0.010937 0.045833
0 0.795312 0.438889 0.014063 0.036111
0 0.485938 0.422917 0.007812 0.023611
1 0.800391 0.397222 0.016406 0.044444
0 0.478125 0.418056 0.007812 0.016667
0 0.746875 0.390972 0.007812 0.020833
0 0.450391 0.416667 0.008594 0.016667
