2 0.966406 0.800694 0.162500 0.059375
0 0.161719 0.588194 0.148611 0.056250
2 0.477344 0.317361 0.031944 0.010937
0 0.460938 0.313194 0.034722 0.010937
2 0.651563 0.363194 0.034722 0.014063
2 0.500000 0.294444 0.022222 0.007813
0 0.489844 0.291667 0.027778 0.007813
2 0.624609 0.329167 0.027778 0.008594
0 0.366016 0.272222 0.025000 0.008594
0 0.449219 0.269444 0.019444 0.007813
0 0.292578 0.288194 0.031944 0.011719
2 0.617188 0.304167 0.013889 0.007813
0 0.521094 0.275000 0.013889 0.007813
2 0.652344 0.305556 0.013889 0.007813
