2 0.792725 0.611328 0.058105 0.091146
2 0.629639 0.477865 0.021973 0.036458
2 0.338867 0.497396 0.030273 0.045573
2 0.583496 0.446289 0.011719 0.022786
2 0.437988 0.435221 0.010742 0.018880
2 0.321533 0.431966 0.009277 0.013672
2 0.384521 0.424154 0.006348 0.011068
2 0.458740 0.427083 0.010254 0.013021
2 0.403320 0.417643 0.004883 0.008464
2 0.424805 0.409505 0.004883 0.006510
2 0.402344 0.415365 0.004883 0.006510
2 0.470215 0.419271 0.004883 0.006510
2 0.447754 0.410156 0.004883 0.006510
2 0.171143 0.450521 0.013184 0.022135
2 0.147217 0.437826 0.010254 0.016276
2 0.087402 0.436849 0.005859 0.009115
2 0.171387 0.427083 0.005859 0.007813
2 0.554688 0.429688 0.006836 0.013021
2 0.546631 0.423177 0.006348 0.010417
2 0.541016 0.419596 0.004883 0.009766
2 0.538818 0.416992 0.006348 0.008464
2 0.499023 0.408203 0.004883 0.006510
2 0.532227 0.411458 0.004883 0.006510
2 0.527832 0.409505 0.004883 0.006510
