0 0.857500 0.781250 0.237500 0.077500
0 0.398125 0.460938 0.103125 0.028750
2 0.645625 0.323437 0.065625 0.016250
0 0.625625 0.400000 0.081250 0.021250
2 0.159375 0.621875 0.206250 0.081250
2 0.458125 0.271875 0.043750 0.011250
0 0.476875 0.304688 0.040625 0.011250
0 0.575625 0.321875 0.043750 0.011250
2 0.417500 0.321875 0.056250 0.015000
0 0.493750 0.281250 0.031250 0.007500
2 0.581875 0.268750 0.025000 0.008750
2 0.596250 0.264062 0.028125 0.007500
0 0.564375 0.289062 0.034375 0.008750
2 0.479375 0.265625 0.031250 0.008750
