1 0.276042 0.488889 0.037500 0.085185
1 0.769271 0.529167 0.041667 0.093519
1 0.654167 0.406019 0.028125 0.062037
1 0.344271 0.426389 0.030208 0.063889
1 0.324219 0.388889 0.019271 0.048148
1 0.220573 0.375463 0.013021 0.034259
1 0.576823 0.350000 0.013021 0.038889
1 0.275521 0.381481 0.016667 0.040741
1 0.470052 0.328241 0.011979 0.028704
1 0.305729 0.321296 0.008333 0.024074
1 0.104167 0.375926 0.011458 0.027778
1 0.174740 0.339352 0.007813 0.019444
1 0.722917 0.308333 0.008333 0.022222
1 0.009635 0.389815 0.010937 0.029630
1 0.862240 0.367593 0.011979 0.025926
1 0.669271 0.301389 0.010417 0.028704
1 0.828906 0.339815 0.011979 0.044444
1 0.799219 0.332870 0.014063 0.021296
1 0.770573 0.314352 0.007813 0.025000
1 0.682552 0.312037 0.009896 0.031481
1 0.877865 0.335648 0.006771 0.019444
