0 0.242188 0.603841 0.093099 0.050781
0 0.403809 0.525065 0.061849 0.033203
2 0.885010 0.508138 0.046224 0.027832
0 0.558594 0.459635 0.035156 0.020508
2 0.823975 0.461914 0.024089 0.012207
2 0.802490 0.445313 0.019531 0.011230
2 0.778809 0.432292 0.014323 0.008789
0 0.682129 0.425781 0.014323 0.006836
0 0.611816 0.439453 0.022135 0.010742
0 0.670166 0.433919 0.016276 0.010254
2 0.759766 0.423828 0.013021 0.007813
0 0.675781 0.418945 0.012370 0.007813
2 0.722656 0.406576 0.009766 0.004883
2 0.734375 0.411784 0.013672 0.004883
2 0.713867 0.405273 0.008464 0.004883
2 0.746094 0.417969 0.013021 0.006836
2 0.709473 0.403971 0.007161 0.004883
