1 0.899170 0.680339 0.108887 0.205729
1 0.790527 0.591146 0.066406 0.147135
1 0.095703 0.707682 0.115234 0.210938
1 0.227539 0.581055 0.062500 0.145182
2 0.671143 0.503255 0.025879 0.053385
0 0.327637 0.519531 0.032227 0.055990
2 0.604248 0.460612 0.020020 0.031901
0 0.395020 0.456380 0.019531 0.033854
2 0.561279 0.424805 0.011230 0.020182
2 0.546875 0.413086 0.008789 0.013672
2 0.536865 0.406576 0.006348 0.011068
0 0.431885 0.421549 0.011230 0.020182
0 0.450928 0.405599 0.005371 0.014323
0 0.456299 0.401042 0.005371 0.011719
2 0.529053 0.401042 0.005371 0.011719
2 0.524902 0.396159 0.005859 0.009766
