0 0.194092 0.668945 0.059082 0.100911
2 0.968994 0.670247 0.060059 0.110026
2 0.644775 0.493164 0.021973 0.044922
0 0.361328 0.489258 0.019531 0.041016
2 0.823486 0.508789 0.030762 0.048828
2 0.686523 0.463216 0.019531 0.034505
0 0.392578 0.451823 0.014648 0.031250
2 0.563965 0.451823 0.018555 0.029948
2 0.616211 0.448242 0.014648 0.030599
2 0.487549 0.433268 0.011230 0.021484
0 0.367188 0.437500 0.010742 0.020833
2 0.521729 0.438802 0.010254 0.023438
0 0.732666 0.447266 0.016113 0.024740
2 0.574707 0.436523 0.011719 0.024089
0 0.668945 0.438477 0.010742 0.024089
0 0.837402 0.471354 0.020508 0.037760
2 0.545166 0.428711 0.009277 0.018880
2 0.432861 0.429362 0.010254 0.018880
2 0.284424 0.430990 0.011230 0.020833
0 0.304443 0.437826 0.012207 0.021484
