0 0.407471 0.491211 0.039714 0.019043
2 0.625000 0.452148 0.027995 0.014648
0 0.430176 0.443685 0.022786 0.011719
0 0.451660 0.429362 0.016276 0.007813
2 0.881348 0.581055 0.078776 0.048828
0 0.440674 0.419596 0.013672 0.007324
2 0.551270 0.421549 0.014974 0.007813
2 0.528076 0.413737 0.009766 0.005371
0 0.443604 0.414714 0.013021 0.005371
2 0.483398 0.405599 0.007813 0.004883
0 0.453125 0.409505 0.009115 0.004883
0 0.458496 0.407227 0.008464 0.004883
0 0.552979 0.405599 0.009115 0.005371
0 0.616211 0.402669 0.007161 0.004883
