2 0.191016 0.777778 0.057031 0.141667
2 0.509766 0.493056 0.017969 0.044444
2 0.281641 0.540278 0.019531 0.058333
2 0.233984 0.503472 0.011719 0.029167
2 0.362109 0.470139 0.014844 0.029167
2 0.823047 0.652778 0.038281 0.100000
2 0.739453 0.418750 0.008594 0.018056
2 0.241797 0.459722 0.008594 0.016667
2 0.543750 0.429861 0.007812 0.020833
2 0.596875 0.421528 0.007812 0.015278
2 0.185156 0.491667 0.007812 0.022222
2 0.285547 0.464583 0.010156 0.020833
2 0.688281 0.433333 0.007812 0.022222
2 0.778516 0.418750 0.008594 0.018056
2 0.677344 0.422917 0.007812 0.015278
2 0.530469 0.421528 0.007812 0.015278
2 0.459375 0.429167 0.007812 0.013889
2 0.894531 0.425000 0.007812 0.019444
2 0.927344 0.418750 0.007812 0.018056
2 0.788281 0.429861 0.007812 0.023611
2 0.510938 0.416667 0.007812 0.013889
