1 0.314323 0.459259 0.030729 0.074074
1 0.778385 0.544444 0.031771 0.088889
1 0.746354 0.425463 0.017708 0.049074
1 0.456510 0.373611 0.016146 0.039815
1 0.552083 0.353241 0.012500 0.028704
1 0.834115 0.424537 0.014063 0.036111
1 0.641667 0.356944 0.010417 0.026852
1 0.841927 0.388889 0.007812 0.020370
1 0.987240 0.455556 0.009896 0.025926
1 0.669792 0.336574 0.008333 0.019444
1 0.775781 0.372685 0.008854 0.025000
1 0.492188 0.318519 0.008333 0.018519
1 0.532292 0.310185 0.007292 0.012963
1 0.944792 0.421759 0.007292 0.017593
1 0.409115 0.306944 0.006771 0.013889
