0 0.275391 0.600694 0.081944 0.030469
0 0.610938 0.495139 0.037500 0.012500
0 0.572656 0.480556 0.027778 0.010937
0 0.372656 0.523611 0.047222 0.015625
0 0.423438 0.488889 0.030556 0.010937
1 0.675000 0.470139 0.081944 0.020313
1 0.738672 0.470833 0.077778 0.021094
1 0.393750 0.475000 0.075000 0.018750
0 0.551562 0.464583 0.023611 0.007813
1 0.434375 0.448611 0.027778 0.007813
1 0.342969 0.488194 0.045833 0.014063
0 0.446094 0.470139 0.026389 0.009375
1 0.414844 0.452778 0.019444 0.009375
0 0.538281 0.454167 0.016667 0.007813
0 0.459766 0.458333 0.016667 0.007031
