2 0.716797 0.503255 0.053385 0.031250
0 0.169434 0.557943 0.067708 0.045898
2 0.640625 0.456706 0.035807 0.021484
2 0.563232 0.430339 0.023438 0.012207
2 0.475830 0.420898 0.018880 0.010254
0 0.288086 0.470052 0.036458 0.019531
0 0.285889 0.446289 0.025391 0.015137
2 0.386719 0.417643 0.014974 0.009766
2 0.228516 0.422201 0.014974 0.008789
2 0.306641 0.418945 0.014974 0.007812
0 0.203857 0.441732 0.021484 0.012207
0 0.074219 0.445964 0.019531 0.009766
2 0.127930 0.428385 0.014323 0.007812
2 0.123047 0.418945 0.012370 0.005859
2 0.174805 0.411133 0.011068 0.004883
2 0.078369 0.428385 0.015625 0.009277
2 0.256592 0.400391 0.010417 0.005371
2 0.335205 0.392904 0.009766 0.005371
2 0.321777 0.390625 0.009115 0.004883
2 0.400879 0.386393 0.008464 0.004883
1 0.169922 0.399740 0.009115 0.004883
2 0.429688 0.382161 0.006510 0.004883
2 0.060303 0.420898 0.009766 0.005371
2 0.155273 0.409831 0.011068 0.006836
1 0.501953 0.375977 0.007161 0.004883
