2 0.293457 0.573242 0.043945 0.074870
2 0.407227 0.469727 0.021484 0.035807
2 0.719238 0.518880 0.032227 0.055990
2 0.669434 0.453125 0.014648 0.026042
2 0.582275 0.437826 0.011230 0.020182
2 0.570801 0.430664 0.009766 0.017578
2 0.440918 0.438477 0.011719 0.021484
2 0.457031 0.425130 0.008789 0.016927
2 0.550537 0.418620 0.007324 0.013021
2 0.467773 0.418294 0.007813 0.013672
2 0.621338 0.425781 0.006348 0.013021
2 0.703369 0.421224 0.005371 0.011719
2 0.842773 0.445638 0.008789 0.018880
2 0.836914 0.435872 0.006836 0.014974
2 0.711914 0.421875 0.004883 0.011719
2 0.720215 0.410156 0.004883 0.009115
2 0.626465 0.418945 0.004883 0.011068
2 0.473633 0.412435 0.004883 0.009766
2 0.538574 0.409505 0.004883 0.007813
2 0.642090 0.408854 0.004883 0.009115
2 0.559082 0.411784 0.004883 0.011068
2 0.543457 0.413411 0.004883 0.009115
