2 0.895264 0.543945 0.038574 0.065755
2 0.695801 0.475586 0.021484 0.041016
0 0.284424 0.525065 0.031738 0.042318
2 0.658447 0.523763 0.031738 0.059245
0 0.347168 0.466797 0.018555 0.033854
2 0.612305 0.453451 0.016602 0.025391
2 0.550537 0.460938 0.016113 0.032552
2 0.497314 0.444010 0.015137 0.019531
0 0.663330 0.437174 0.012207 0.025391
2 0.560059 0.439128 0.011719 0.024089
2 0.464844 0.435547 0.010742 0.023438
0 0.328857 0.443685 0.013184 0.021484
2 0.526855 0.430013 0.010742 0.018880
0 0.862549 0.472331 0.019043 0.039714
0 0.735840 0.447266 0.014648 0.027344
0 0.198975 0.448242 0.015137 0.016276
2 0.405762 0.433594 0.011719 0.020833
0 0.355469 0.450195 0.009766 0.018880
0 0.251221 0.449870 0.011230 0.013021
2 0.245850 0.437826 0.013184 0.018880
2 0.129395 0.445964 0.012695 0.016927
0 0.059326 0.458008 0.012207 0.020182
2 0.505371 0.422852 0.009766 0.018880
0 0.549316 0.415365 0.008789 0.016927
0 0.574463 0.422201 0.009277 0.016276
2 0.344971 0.434245 0.012207 0.020833
0 0.535645 0.414388 0.010742 0.013672
0 0.022217 0.453125 0.010254 0.018229
0 0.609619 0.429362 0.011230 0.013672
