2 0.705566 0.508789 0.028320 0.047526
2 0.341553 0.556315 0.037598 0.068359
2 0.432373 0.466146 0.019043 0.035156
2 0.838379 0.477865 0.017578 0.035156
2 0.607178 0.431966 0.009277 0.020182
2 0.464355 0.435547 0.011719 0.026042
2 0.655518 0.419596 0.007324 0.013672
2 0.597656 0.419922 0.006836 0.015625
2 0.481689 0.420573 0.009277 0.016927
2 0.597168 0.398763 0.004883 0.009766
2 0.623291 0.410156 0.008301 0.014323
2 0.510254 0.404948 0.007813 0.011719
2 0.544922 0.400716 0.006836 0.011068
2 0.707764 0.416341 0.007324 0.012370
2 0.667725 0.408854 0.006348 0.010417
