0 0.142090 0.645508 0.103516 0.055664
0 0.359375 0.497396 0.049479 0.026367
2 0.761230 0.503906 0.044271 0.024414
2 0.678223 0.459635 0.029948 0.017578
0 0.495361 0.436849 0.018229 0.009277
0 0.479248 0.456380 0.027344 0.013184
2 0.588135 0.424154 0.016276 0.009277
2 0.625732 0.436849 0.022135 0.012207
2 0.567383 0.415690 0.012370 0.006836
2 0.535156 0.403646 0.011719 0.004883
2 0.550537 0.407878 0.011068 0.005371
0 0.471680 0.409831 0.008464 0.004883
0 0.482178 0.424154 0.013672 0.008301
0 0.475342 0.415690 0.011068 0.005371
2 0.516113 0.400716 0.008464 0.004883
