1 0.256250 0.553241 0.054167 0.108333
1 0.841406 0.449537 0.020313 0.045370
1 0.490365 0.364815 0.014063 0.033333
1 0.625000 0.352315 0.013542 0.026852
1 0.982552 0.672222 0.029687 0.127778
1 0.110677 0.354630 0.009896 0.022222
1 0.235156 0.320370 0.009896 0.018519
1 0.204167 0.356019 0.009375 0.025000
0 0.922917 0.454167 0.015625 0.036111
1 0.898958 0.392130 0.006250 0.019444
1 0.726562 0.339815 0.007292 0.024074
1 0.320052 0.318981 0.008854 0.017593
1 0.707031 0.334722 0.010937 0.012037
1 0.760938 0.364815 0.006250 0.020370
