0 0.345215 0.504883 0.031250 0.051432
0 0.423828 0.451172 0.016602 0.027344
2 0.604980 0.447266 0.014648 0.027344
2 0.580078 0.433594 0.010742 0.018229
2 0.680664 0.503255 0.032227 0.052083
0 0.439697 0.436523 0.009277 0.018880
0 0.468018 0.424479 0.005371 0.013021
2 0.558350 0.423503 0.005371 0.011068
2 0.549316 0.420247 0.004883 0.009766
2 0.567383 0.427409 0.007812 0.013672
0 0.456299 0.429362 0.008301 0.014974
0 0.035889 0.753581 0.067871 0.179036
0 0.473389 0.421224 0.005371 0.010417
2 0.543457 0.417643 0.004883 0.009766
2 0.536621 0.414062 0.004883 0.009115
