1 0.344271 0.426389 0.021875 0.056481
1 0.229167 0.590741 0.046875 0.116667
1 0.344271 0.494907 0.035417 0.089815
1 0.295312 0.407407 0.018750 0.046296
1 0.244271 0.393981 0.015625 0.037963
1 0.765625 0.485185 0.035417 0.083333
1 0.655469 0.386111 0.021354 0.057407
1 0.531250 0.350463 0.015625 0.039815
1 0.137760 0.382870 0.010937 0.028704
1 0.219792 0.345370 0.010417 0.027778
1 0.353385 0.330556 0.009896 0.027778
2 0.970313 0.768981 0.054167 0.206481
1 0.772656 0.338889 0.013021 0.027778
1 0.050260 0.389352 0.013021 0.036111
