2 0.683350 0.583008 0.080078 0.043457
2 0.560303 0.454753 0.024089 0.012207
2 0.172607 0.633138 0.098307 0.040527
2 0.413330 0.458659 0.024089 0.013184
2 0.587646 0.479167 0.031250 0.016113
2 0.190918 0.484375 0.031250 0.018555
2 0.221191 0.455404 0.020182 0.010742
2 0.442383 0.444987 0.018880 0.008789
2 0.471191 0.432943 0.013021 0.006836
2 0.354492 0.441081 0.014974 0.007813
2 0.539063 0.432943 0.014323 0.006836
2 0.378662 0.428385 0.011719 0.006348
2 0.009521 0.459635 0.015625 0.011230
2 0.031006 0.446940 0.012370 0.008301
2 0.088379 0.449544 0.013672 0.007813
2 0.277588 0.430339 0.010417 0.005371
2 0.532959 0.427409 0.012370 0.007324
2 0.170898 0.428385 0.010417 0.004883
2 0.189453 0.433919 0.011068 0.004883
2 0.197021 0.439779 0.013672 0.005371
