0 0.324951 0.485352 0.041016 0.022949
2 0.736572 0.470378 0.034505 0.022949
2 0.764160 0.569987 0.074870 0.035156
2 0.718750 0.438151 0.022135 0.012695
0 0.510742 0.438477 0.024089 0.011719
0 0.565430 0.426107 0.018880 0.009766
0 0.603027 0.416341 0.013672 0.006836
0 0.624512 0.411458 0.009115 0.004883
2 0.697754 0.416016 0.009115 0.004883
2 0.705322 0.422201 0.013672 0.005371
0 0.644531 0.406250 0.006510 0.004883
1 0.629883 0.407878 0.013672 0.004883
0 0.634277 0.409180 0.007161 0.004883
0 0.654785 0.405599 0.006510 0.004883
