0 0.626250 0.595313 0.234375 0.067500
2 0.194375 0.404687 0.096875 0.061250
2 0.686250 0.262500 0.093750 0.027500
2 0.774375 0.285938 0.109375 0.026250
0 0.055000 0.798438 0.315625 0.110000
2 0.603750 0.234375 0.068750 0.017500
2 0.615625 0.204687 0.059375 0.013750
0 0.671875 0.195312 0.059375 0.013750
2 0.855000 0.225000 0.075000 0.020000
2 0.962500 0.245312 0.084375 0.025000
0 0.911250 0.187500 0.056250 0.015000
1 0.818750 0.209375 0.068750 0.017500
2 0.766250 0.179688 0.053125 0.015000
0 0.840625 0.203125 0.062500 0.013750
