2 0.907227 0.603841 0.094401 0.052734
0 0.411133 0.444336 0.020182 0.015625
0 0.228271 0.624349 0.095052 0.045410
2 0.661865 0.454427 0.028646 0.015137
2 0.633789 0.433919 0.021484 0.010742
2 0.645752 0.424805 0.013672 0.011230
2 0.665771 0.413411 0.014323 0.007324
0 0.442627 0.425456 0.017578 0.007324
0 0.578857 0.404297 0.007812 0.006348
0 0.631348 0.398763 0.009766 0.004883
2 0.682129 0.407227 0.011068 0.005859
0 0.510254 0.414388 0.013672 0.006836
2 0.742188 0.399740 0.009115 0.004883
2 0.713623 0.402995 0.006510 0.006348
0 0.691406 0.395182 0.007812 0.004883
