2 0.635000 0.796875 0.337500 0.095000
2 0.782500 0.562500 0.256250 0.075000
2 0.636875 0.482812 0.190625 0.053750
2 0.645000 0.301563 0.109375 0.032500
2 0.233125 0.406250 0.156250 0.046250
2 0.110000 0.556250 0.225000 0.075000
0 0.964375 0.482812 0.171875 0.068750
0 0.451875 0.240625 0.087500 0.023750
0 0.481250 0.196875 0.075000 0.020000
0 0.246250 0.312500 0.131250 0.037500
2 0.407500 0.271875 0.106250 0.030000
2 0.767500 0.326562 0.140625 0.040000
2 0.736875 0.242188 0.103125 0.028750
2 0.665625 0.229687 0.090625 0.026250
0 0.388125 0.203125 0.081250 0.021250
0 0.640625 0.212500 0.081250 0.023750
0 0.616875 0.168750 0.056250 0.016250
2 0.580625 0.181250 0.062500 0.016250
2 0.570625 0.109375 0.062500 0.016250
2 0.646875 0.142187 0.059375 0.013750
2 0.705625 0.129688 0.084375 0.021250
0 0.745625 0.053125 0.062500 0.033750
0 0.665625 0.118750 0.043750 0.008750
0 0.675625 0.140625 0.043750 0.011250
