1 0.297396 0.437037 0.057407 0.020833
1 0.357031 0.383796 0.036111 0.015104
1 0.316667 0.372685 0.030556 0.011458
1 0.767188 0.434722 0.052778 0.018750
1 0.861458 0.453704 0.087037 0.025000
1 0.947396 0.416667 0.037037 0.014583
1 0.225000 0.376852 0.031481 0.011458
1 0.626563 0.356019 0.026852 0.009375
1 0.124219 0.404167 0.030556 0.011979
1 0.788281 0.387500 0.034259 0.013021
1 0.211198 0.357407 0.016667 0.006771
1 0.063542 0.395370 0.020370 0.007292
1 0.471875 0.333333 0.018519 0.007292
1 0.344792 0.335185 0.018519 0.007292
1 0.740365 0.329167 0.015741 0.005729
