2 0.115625 0.576562 0.058750 0.159375
2 0.679375 0.451562 0.033750 0.115625
0 0.348750 0.371875 0.022500 0.081250
2 0.496250 0.315625 0.017500 0.068750
2 0.601875 0.314063 0.016250 0.059375
2 0.928750 0.451562 0.035000 0.103125
0 0.735625 0.329688 0.018750 0.065625
2 0.545625 0.267188 0.013750 0.034375
2 0.648125 0.248438 0.011250 0.028125
2 0.854375 0.325000 0.021250 0.062500
0 0.868750 0.304688 0.015000 0.053125
0 0.745000 0.257812 0.010000 0.040625
0 0.688750 0.250000 0.010000 0.031250
2 0.808125 0.276562 0.011250 0.046875
