2 0.377344 0.548611 0.023438 0.063889
2 0.689063 0.526389 0.018750 0.058333
2 0.430078 0.476389 0.010156 0.027778
2 0.559766 0.469444 0.010156 0.027778
2 0.537500 0.459722 0.007813 0.019444
2 0.532813 0.449306 0.007813 0.015278
2 0.550000 0.445833 0.007813 0.019444
2 0.440234 0.462500 0.008594 0.025000
2 0.496094 0.444444 0.007813 0.013889
2 0.453125 0.450694 0.007813 0.015278
2 0.564063 0.442361 0.007813 0.018056
2 0.589844 0.443750 0.007813 0.018056
2 0.640625 0.439583 0.007813 0.018056
2 0.621875 0.438889 0.007813 0.013889
