2 0.137019 0.552083 0.142628 0.096154
0 0.701322 0.560096 0.129808 0.075721
0 0.599760 0.531250 0.072115 0.033654
0 0.565505 0.520833 0.051282 0.025240
2 0.268029 0.524038 0.076923 0.040865
0 0.503005 0.513622 0.036859 0.018029
0 0.448918 0.510417 0.030449 0.015625
0 0.391226 0.507212 0.027244 0.013221
0 0.340144 0.506410 0.025641 0.012019
2 0.329928 0.516026 0.048077 0.030048
2 0.294471 0.510417 0.033654 0.014423
2 0.189303 0.507212 0.030449 0.015625
2 0.230168 0.508013 0.032051 0.015625
0 0.304688 0.504808 0.022436 0.010817
