1 0.185791 0.433594 0.009277 0.016927
1 0.094727 0.449870 0.012695 0.020833
1 0.284424 0.418945 0.005371 0.011068
1 0.153320 0.427083 0.006836 0.013021
1 0.313965 0.414388 0.004883 0.011068
1 0.344482 0.409831 0.005371 0.008464
1 0.208008 0.420898 0.004883 0.012370
1 0.240479 0.425130 0.006348 0.011719
1 0.311523 0.408203 0.004883 0.009115
1 0.246094 0.415690 0.004883 0.011068
1 0.279785 0.411458 0.004883 0.009115
1 0.337891 0.404622 0.004883 0.008464
1 0.368164 0.406250 0.004883 0.009115
1 0.384277 0.402669 0.004883 0.007161
1 0.399414 0.401693 0.004883 0.006510
1 0.387207 0.397786 0.004883 0.006510
1 0.094482 0.435221 0.010254 0.016276
1 0.354004 0.401693 0.004883 0.009115
1 0.378418 0.398763 0.004883 0.007161
