1 0.242188 0.532227 0.046875 0.100911
1 0.278809 0.498698 0.035156 0.078125
1 0.626465 0.515299 0.039063 0.091797
1 0.594238 0.495117 0.034180 0.081380
2 0.554932 0.465820 0.020996 0.031901
0 0.317627 0.477214 0.019043 0.040365
2 0.515137 0.441406 0.015625 0.024740
0 0.351074 0.443034 0.012695 0.029297
2 0.487061 0.419922 0.009277 0.015625
2 0.468262 0.406250 0.005859 0.010417
2 0.477295 0.410807 0.008301 0.013021
0 0.386963 0.411133 0.006348 0.013672
0 0.377197 0.421224 0.009277 0.016927
0 0.391113 0.406901 0.004883 0.010417
0 0.395508 0.402018 0.004883 0.008464
2 0.461670 0.401693 0.005371 0.009115
