0 0.727500 0.620313 0.165625 0.055000
2 0.925000 0.417187 0.078125 0.032500
2 0.579375 0.393750 0.075000 0.023750
2 0.622500 0.393750 0.081250 0.025000
0 0.348750 0.368750 0.062500 0.017500
2 0.329375 0.326562 0.053125 0.013750
0 0.216250 0.440625 0.087500 0.032500
2 0.785625 0.339062 0.059375 0.023750
0 0.228750 0.315625 0.043750 0.012500
2 0.178750 0.340625 0.056250 0.020000
2 0.020625 0.415625 0.081250 0.026250
0 0.370000 0.303125 0.037500 0.010000
2 0.542500 0.353125 0.056250 0.015000
0 0.496875 0.310937 0.021875 0.013750
0 0.137500 0.317188 0.040625 0.010000
0 0.341250 0.295312 0.034375 0.007500
0 0.283125 0.298438 0.028125 0.008750
0 0.201250 0.293750 0.025000 0.007500
0 0.475000 0.295312 0.034375 0.007500
2 0.455000 0.285938 0.028125 0.007500
2 0.416250 0.276562 0.021875 0.007500
2 0.406250 0.275000 0.025000 0.007500
0 0.258750 0.290625 0.025000 0.007500
2 0.028125 0.329688 0.040625 0.011250
2 0.068125 0.292187 0.028125 0.008750
2 0.118750 0.285938 0.028125 0.007500
