0 0.364502 0.500977 0.024902 0.044922
0 0.494141 0.441732 0.010742 0.022786
2 0.781006 0.521159 0.027832 0.052734
2 0.718262 0.465495 0.017578 0.029948
0 0.567627 0.427734 0.009277 0.016927
2 0.710693 0.438802 0.010254 0.020833
1 0.576416 0.406250 0.006348 0.014323
1 0.464111 0.415365 0.010254 0.020833
1 0.481689 0.418620 0.014160 0.013021
2 0.770508 0.429362 0.007813 0.016276
0 0.645020 0.418945 0.004883 0.012370
0 0.724854 0.417643 0.006348 0.013672
2 0.829102 0.429688 0.006836 0.013021
0 0.795898 0.420573 0.005859 0.010417
0 0.853516 0.423177 0.004883 0.010417
2 0.895752 0.432292 0.006348 0.014323
1 0.613281 0.401367 0.004883 0.012370
1 0.625488 0.401693 0.004883 0.006510
0 0.787109 0.410482 0.004883 0.008464
0 0.806641 0.408203 0.004883 0.006510
0 0.873047 0.420573 0.004883 0.007813
0 0.828125 0.415039 0.004883 0.008464
2 0.822266 0.412109 0.004883 0.007813
0 0.889648 0.425130 0.004883 0.009115
2 0.845215 0.414714 0.004883 0.007813
2 0.864746 0.412760 0.004883 0.006510
0 0.898682 0.424154 0.005371 0.008464
2 0.975586 0.437174 0.006836 0.013672
