1 0.440104 0.395833 0.043519 0.017708
1 0.456510 0.350926 0.025926 0.009896
1 0.826823 0.562963 0.087037 0.034896
1 0.666406 0.403704 0.037037 0.016146
1 0.613281 0.357407 0.024074 0.008854
1 0.361198 0.579630 0.124074 0.054688
1 0.459635 0.326852 0.025926 0.009896
1 0.433854 0.316667 0.020370 0.009375
1 0.399479 0.318519 0.022222 0.008333
1 0.577604 0.333796 0.019444 0.007292
1 0.359635 0.315278 0.021296 0.008854
1 0.636719 0.311111 0.018519 0.006771
1 0.265104 0.319444 0.024074 0.010417
1 0.060417 0.345370 0.022222 0.010417
1 0.548698 0.319907 0.021296 0.007812
1 0.184896 0.323148 0.018519 0.009375
1 0.648438 0.319907 0.015741 0.007292
