2 0.925781 0.576172 0.069010 0.042969
0 0.494629 0.464193 0.041667 0.025391
0 0.573486 0.450195 0.034505 0.020996
0 0.369873 0.500651 0.050781 0.029785
0 0.691650 0.435872 0.022786 0.014160
0 0.818115 0.429036 0.015625 0.009277
2 0.920654 0.478841 0.030599 0.020020
2 0.941406 0.456706 0.020182 0.014648
0 0.748535 0.428711 0.018880 0.008789
2 0.951904 0.446289 0.013672 0.006348
2 0.951172 0.437174 0.014974 0.008789
2 0.940430 0.430990 0.015625 0.007813
2 0.929443 0.419922 0.013021 0.006348
0 0.845703 0.425781 0.013021 0.008789
2 0.933838 0.424154 0.011068 0.007324
