2 0.342041 0.585286 0.042480 0.079427
2 0.474365 0.434570 0.012207 0.024089
2 0.577637 0.417969 0.009766 0.016927
2 0.489258 0.415690 0.009766 0.016276
2 0.674805 0.411133 0.006836 0.013672
2 0.891357 0.470052 0.017090 0.032552
2 0.858643 0.461589 0.016113 0.029948
2 0.683105 0.515951 0.027344 0.050130
2 0.874268 0.411133 0.007324 0.011068
2 0.574463 0.401367 0.007324 0.012370
2 0.504883 0.396159 0.004883 0.009766
2 0.924316 0.428060 0.009766 0.016276
2 0.628906 0.394531 0.004883 0.009115
2 0.710205 0.404297 0.007324 0.013021
2 0.810547 0.403320 0.005859 0.011068
2 0.784180 0.395833 0.004883 0.010417
