2 0.064209 0.863932 0.117676 0.204427
2 0.676758 0.483724 0.022461 0.045573
2 0.329834 0.550781 0.033691 0.067708
2 0.421631 0.465495 0.016113 0.033854
2 0.609131 0.435221 0.012207 0.022786
2 0.456787 0.426758 0.009277 0.018880
2 0.468750 0.416667 0.007813 0.014323
2 0.876221 0.455404 0.019043 0.029297
2 0.568604 0.412109 0.006348 0.013021
2 0.582520 0.406901 0.004883 0.010417
2 0.477051 0.411133 0.004883 0.012370
2 0.758545 0.418294 0.010254 0.016276
2 0.549316 0.405273 0.004883 0.008464
2 0.480957 0.407227 0.004883 0.011068
2 0.846680 0.405599 0.007813 0.013021
2 0.922607 0.413737 0.009277 0.016276
2 0.891113 0.408529 0.007813 0.013672
2 0.687012 0.404622 0.004883 0.009766
2 0.778076 0.408203 0.006348 0.011719
