2 0.434375 0.448437 0.096875 0.023750
2 0.863750 0.610938 0.184375 0.067500
0 0.415625 0.554688 0.128125 0.036250
2 0.163125 0.542188 0.103125 0.061250
2 0.702500 0.456250 0.106250 0.035000
2 0.628125 0.378125 0.075000 0.023750
2 0.931250 0.320312 0.084375 0.025000
0 0.963750 0.509375 0.106250 0.065000
0 0.205000 0.417187 0.078125 0.025000
0 0.346250 0.376563 0.034375 0.015000
2 0.822500 0.304688 0.046875 0.030000
0 0.592500 0.345313 0.053125 0.012500
2 0.419375 0.378125 0.075000 0.016250
0 0.558750 0.331250 0.043750 0.012500
0 0.538750 0.321875 0.037500 0.007500
2 0.486875 0.317188 0.034375 0.008750
0 0.105000 0.937500 0.118750 0.065000
0 0.356875 0.340625 0.031250 0.013750
0 0.415625 0.334375 0.050000 0.016250
0 0.705000 0.303125 0.037500 0.015000
