2 0.742676 0.509115 0.028320 0.058594
0 0.210205 0.528646 0.037598 0.052083
2 0.539795 0.460286 0.021973 0.039062
0 0.285400 0.458333 0.013184 0.028646
2 0.520264 0.437500 0.013184 0.028646
2 0.624756 0.426107 0.014160 0.024089
0 0.337646 0.437826 0.011230 0.021484
0 0.403564 0.425130 0.008301 0.016927
0 0.471680 0.417969 0.010742 0.016927
2 0.723389 0.419596 0.010254 0.020182
2 0.873047 0.419596 0.011719 0.021484
0 0.833252 0.412109 0.010254 0.015625
0 0.579102 0.413411 0.007812 0.015625
0 0.708008 0.410482 0.008789 0.016276
1 0.762451 0.397135 0.007324 0.015625
0 0.980225 0.412435 0.009277 0.017578
