0 0.534375 0.501689 0.060811 0.031250
0 0.603750 0.510980 0.079392 0.045000
0 0.791250 0.528716 0.118243 0.067500
2 0.229375 0.519426 0.086149 0.051250
0 0.476250 0.498311 0.054054 0.027500
0 0.417500 0.494088 0.042230 0.020000
2 0.146875 0.551520 0.163851 0.083750
0 0.325625 0.489020 0.032095 0.016250
0 0.375625 0.490709 0.035473 0.016250
0 0.290000 0.489020 0.028716 0.012500
2 0.045000 0.491554 0.030405 0.015000
2 0.021875 0.489020 0.028716 0.016250
2 0.056250 0.486486 0.027027 0.012500
2 0.201250 0.494088 0.048986 0.020000
0 0.256875 0.483953 0.021959 0.011250
2 0.046875 0.695101 0.285473 0.093750
2 0.173750 0.486486 0.050676 0.020000
0 0.081250 0.484797 0.020270 0.012500
2 0.102500 0.486486 0.027027 0.010000
