2 0.213125 0.606250 0.206250 0.071250
0 0.661875 0.468750 0.137500 0.041250
2 0.650000 0.310937 0.065625 0.015000
0 0.936250 0.226562 0.309375 0.100000
0 0.651875 0.382812 0.096875 0.026250
2 0.318125 0.378125 0.093750 0.028750
2 0.362500 0.318750 0.075000 0.022500
2 0.786250 0.914062 0.171875 0.110000
0 0.410625 0.278125 0.050000 0.013750
0 0.430000 0.250000 0.043750 0.012500
0 0.508125 0.228125 0.031250 0.008750
2 0.696250 0.279687 0.071875 0.015000
1 0.582500 0.262500 0.062500 0.012500
1 0.539375 0.235937 0.040625 0.011250
0 0.487500 0.214062 0.028125 0.007500
0 0.211875 0.171875 0.087500 0.023750
2 0.414375 0.228125 0.031250 0.008750
1 0.471875 0.212500 0.031250 0.008750
