0 0.333008 0.482422 0.029948 0.017578
2 0.555664 0.481120 0.032552 0.019531
2 0.657227 0.558594 0.062500 0.031250
0 0.278809 0.521484 0.042969 0.024414
2 0.533691 0.457682 0.022135 0.010742
2 0.504883 0.450521 0.018229 0.009766
0 0.294922 0.466797 0.024740 0.009766
2 0.369629 0.447266 0.022135 0.010742
0 0.156250 0.488932 0.037760 0.019531
2 0.238770 0.453776 0.019531 0.012695
0 0.349609 0.468099 0.022135 0.011719
2 0.430176 0.446615 0.018229 0.008789
0 0.344238 0.460286 0.022135 0.010742
2 0.122559 0.466797 0.022135 0.012695
2 0.310547 0.447917 0.020833 0.011719
