1 0.786621 0.584635 0.141927 0.071289
1 0.716553 0.535807 0.108073 0.046387
1 0.210693 0.583984 0.138021 0.064941
1 0.268066 0.542969 0.104167 0.053711
1 0.629395 0.485677 0.035156 0.018555
1 0.376465 0.484375 0.033854 0.018555
1 0.589844 0.457031 0.023438 0.014648
1 0.420410 0.453125 0.023438 0.010742
1 0.573242 0.442383 0.017578 0.008789
1 0.444336 0.439128 0.016276 0.008789
1 0.564453 0.436198 0.013021 0.005859
1 0.454346 0.433594 0.015625 0.007324
1 0.556152 0.430339 0.011719 0.005859
1 0.468994 0.424805 0.012370 0.005371
1 0.551270 0.426758 0.011068 0.004883
1 0.464355 0.429036 0.011719 0.004883
1 0.476074 0.420573 0.010417 0.004883
1 0.543457 0.421875 0.010417 0.004883
