2 0.350830 0.560221 0.072266 0.039551
2 0.610107 0.461263 0.035807 0.019043
2 0.580078 0.420247 0.018880 0.009766
2 0.431396 0.456380 0.035156 0.019043
2 0.755371 0.440104 0.023438 0.012695
2 0.472900 0.410807 0.015625 0.008301
2 0.571533 0.409505 0.014323 0.007324
2 0.646240 0.406901 0.014323 0.006348
2 0.776855 0.422201 0.017578 0.008789
2 0.477783 0.404948 0.014323 0.005371
2 0.485840 0.397461 0.009766 0.004883
2 0.544434 0.394857 0.009766 0.004883
2 0.698730 0.399089 0.007813 0.004883
2 0.549316 0.396810 0.009766 0.004883
2 0.834473 0.407552 0.009115 0.004883
2 0.891846 0.417969 0.014323 0.007324
