1 0.659375 0.351852 0.042593 0.014583
1 0.196615 0.465278 0.071296 0.036979
1 0.729948 0.487037 0.079630 0.034896
1 0.796354 0.374074 0.046296 0.015625
1 0.612240 0.348148 0.031481 0.008854
1 0.357552 0.348611 0.032407 0.011979
1 0.527083 0.321759 0.021296 0.007292
1 0.636458 0.335185 0.022222 0.008333
1 0.317969 0.329630 0.022222 0.008854
1 0.164583 0.350926 0.024074 0.010417
1 0.238542 0.335185 0.024074 0.009375
1 0.189583 0.330556 0.018519 0.008333
1 0.264583 0.310648 0.013889 0.005208
1 0.671354 0.313889 0.012963 0.005208
1 0.361198 0.331944 0.023148 0.008854
1 0.560937 0.304630 0.011111 0.005208
1 0.615104 0.308796 0.012037 0.005208
1 0.741406 0.349537 0.021296 0.008854
1 0.662500 0.308333 0.009259 0.005208
