2 0.691162 0.464844 0.035156 0.019043
2 0.628174 0.428385 0.019531 0.010254
0 0.204346 0.687826 0.117839 0.071777
0 0.420898 0.464844 0.035156 0.018555
2 0.618164 0.418945 0.014974 0.007812
0 0.458496 0.423828 0.013021 0.010742
0 0.585449 0.401042 0.006510 0.005859
2 0.634033 0.414062 0.010417 0.007324
0 0.475586 0.413737 0.013672 0.006836
0 0.526611 0.407552 0.010417 0.005371
2 0.673828 0.402344 0.009115 0.004883
2 0.656250 0.406901 0.009115 0.005859
0 0.632812 0.395833 0.006510 0.004883
2 0.732422 0.396810 0.008464 0.004883
2 0.767090 0.394531 0.011719 0.004883
0 0.688965 0.393229 0.006510 0.004883
0 0.723633 0.392578 0.006510 0.004883
2 0.878906 0.396810 0.007161 0.004883
2 0.836914 0.395182 0.006510 0.004883
1 0.851074 0.393555 0.008464 0.004883
2 0.703857 0.399414 0.007161 0.006348
1 0.714600 0.390625 0.006510 0.007324
1 0.858887 0.395182 0.006510 0.007812
0 0.816406 0.393229 0.006510 0.004883
