0 0.574375 0.507812 0.203125 0.056250
2 0.488750 0.382812 0.134375 0.045000
2 0.881875 0.353125 0.131250 0.041250
0 0.740000 0.292187 0.115625 0.032500
2 0.467500 0.298438 0.109375 0.027500
2 0.218125 0.314063 0.109375 0.028750
2 0.376250 0.251563 0.053125 0.027500
0 0.630000 0.176563 0.059375 0.015000
2 0.725000 0.182812 0.059375 0.012500
2 0.766250 0.167187 0.046875 0.012500
0 0.833750 0.184375 0.068750 0.015000
2 0.586875 0.170313 0.053125 0.013750
2 0.606875 0.162500 0.043750 0.011250
0 0.808750 0.159375 0.043750 0.012500
1 0.863750 0.170313 0.053125 0.012500
0 0.960000 0.192188 0.071875 0.017500
1 0.705625 0.156250 0.043750 0.013750
1 0.851875 0.164062 0.046875 0.011250
0 0.971250 0.162500 0.056250 0.012500
