0 0.053955 0.455729 0.013184 0.022135
2 0.079834 0.437174 0.009277 0.016276
2 0.157959 0.424805 0.008301 0.014974
0 0.211914 0.427083 0.006836 0.014323
0 0.144775 0.440430 0.011230 0.016276
2 0.250977 0.408529 0.005859 0.011068
0 0.256592 0.419922 0.005371 0.010417
2 0.306152 0.401042 0.004883 0.007812
2 0.279053 0.404297 0.005371 0.009115
0 0.287598 0.413086 0.004883 0.009766
0 0.318848 0.407878 0.004883 0.009766
2 0.344727 0.398763 0.004883 0.008464
0 0.329590 0.398763 0.004883 0.007161
0 0.339844 0.405599 0.004883 0.010417
0 0.354492 0.401693 0.004883 0.006510
2 0.213623 0.415039 0.006348 0.011068
2 0.373047 0.399740 0.004883 0.006510
2 0.368652 0.397786 0.004883 0.006510
2 0.384766 0.398438 0.004883 0.006510
0 0.356445 0.398438 0.004883 0.006510
