2 0.364990 0.544922 0.038574 0.065104
2 0.575684 0.443359 0.008789 0.018229
2 0.439697 0.468099 0.018066 0.031250
2 0.614990 0.463216 0.013184 0.027995
2 0.696777 0.521159 0.029297 0.051432
2 0.763916 0.455404 0.010254 0.020182
2 0.472412 0.433919 0.007324 0.014974
2 0.562988 0.432617 0.007813 0.014974
2 0.742920 0.430339 0.005371 0.011719
2 0.885742 0.454753 0.009766 0.017578
2 0.705078 0.425130 0.004883 0.011719
2 0.629639 0.432617 0.006348 0.012370
2 0.824463 0.440755 0.008301 0.013021
2 0.479492 0.428385 0.005859 0.013021
2 0.554443 0.422852 0.005371 0.013672
