2 0.328857 0.549479 0.065104 0.038574
2 0.401611 0.473307 0.036458 0.020020
2 0.694092 0.526693 0.055990 0.032715
2 0.441162 0.440755 0.022135 0.012207
2 0.566650 0.436849 0.020833 0.011230
2 0.814697 0.473633 0.031901 0.020020
2 0.551025 0.427083 0.015625 0.008301
2 0.456543 0.429362 0.016276 0.007813
2 0.810547 0.436198 0.014323 0.007813
2 0.537598 0.423177 0.011719 0.005859
2 0.747803 0.427083 0.011719 0.006348
2 0.652588 0.426758 0.012370 0.007324
2 0.676514 0.417643 0.009766 0.005371
2 0.724365 0.422852 0.011068 0.005371
