0 0.095703 0.521528 0.040278 0.013281
2 0.869922 0.617361 0.106944 0.044531
2 0.128125 0.737500 0.141667 0.059375
0 0.296094 0.485417 0.040278 0.015625
2 0.428516 0.447917 0.026389 0.016406
2 0.626563 0.438194 0.034722 0.014063
2 0.680859 0.415972 0.026389 0.010156
2 0.654687 0.418750 0.026389 0.009375
2 0.707422 0.414583 0.026389 0.010156
2 0.727734 0.414583 0.020833 0.008594
2 0.600781 0.407639 0.020833 0.009375
2 0.633984 0.420833 0.022222 0.008594
2 0.750000 0.413889 0.022222 0.009375
1 0.801562 0.415972 0.023611 0.007812
2 0.408594 0.425694 0.026389 0.007812
1 0.806641 0.413889 0.025000 0.007031
