2 0.337646 0.515951 0.055339 0.033691
2 0.415771 0.441081 0.029297 0.017090
2 0.594482 0.473307 0.041667 0.020020
2 0.395752 0.421549 0.018880 0.011230
2 0.557617 0.431315 0.022786 0.013672
2 0.351807 0.415039 0.016276 0.007324
2 0.410889 0.403646 0.015625 0.007324
2 0.488770 0.407227 0.014974 0.007813
2 0.138184 0.449870 0.024740 0.016602
2 0.291260 0.413086 0.016276 0.007324
2 0.537109 0.413086 0.017578 0.009766
2 0.339844 0.403971 0.011068 0.004883
2 0.124023 0.415365 0.011719 0.006836
2 0.204834 0.415365 0.014323 0.008301
2 0.232422 0.408203 0.011719 0.005859
2 0.083252 0.425130 0.014323 0.010254
2 0.178223 0.411133 0.012370 0.007813
2 0.352295 0.396484 0.010417 0.005371
2 0.011963 0.434570 0.017578 0.011230
2 0.285645 0.405273 0.012370 0.004883
