2 0.843018 0.635417 0.100260 0.060059
2 0.394287 0.489583 0.044271 0.023926
2 0.637207 0.469076 0.034505 0.020508
2 0.754883 0.453776 0.024740 0.013672
2 0.438232 0.445964 0.026042 0.014160
2 0.459473 0.426107 0.017578 0.008789
2 0.473145 0.414388 0.016276 0.007813
2 0.581299 0.424479 0.016927 0.008301
2 0.626465 0.414063 0.013021 0.005859
2 0.598877 0.406250 0.011719 0.006348
2 0.498047 0.402669 0.012370 0.007813
2 0.574463 0.414388 0.012370 0.007324
2 0.576660 0.397135 0.010417 0.004883
2 0.528564 0.398112 0.009766 0.006348
2 0.675049 0.410807 0.010417 0.006348
2 0.980225 0.435221 0.014974 0.010254
2 0.818115 0.425781 0.015625 0.008301
2 0.828857 0.408854 0.011719 0.008301
2 0.904053 0.437500 0.016927 0.012207
2 0.640137 0.404948 0.009115 0.004883
2 0.642578 0.396484 0.007813 0.004883
2 0.685547 0.399740 0.009115 0.004883
2 0.927002 0.428060 0.016276 0.010254
2 0.741943 0.407878 0.009766 0.005371
2 0.805420 0.413737 0.009766 0.005371
2 0.909180 0.415690 0.009766 0.006836
