2 0.211719 0.758333 0.125000 0.045312
2 0.303906 0.606250 0.076389 0.023438
2 0.302734 0.529861 0.043056 0.014844
2 0.533203 0.481250 0.043056 0.017969
2 0.775781 0.646528 0.115278 0.045312
2 0.413672 0.459722 0.030556 0.011719
2 0.371094 0.454861 0.020833 0.009375
2 0.278516 0.497222 0.033333 0.011719
2 0.217578 0.503472 0.029167 0.008594
2 0.343750 0.451389 0.016667 0.007812
2 0.157812 0.496528 0.018056 0.007812
2 0.166406 0.506250 0.026389 0.009375
1 0.259375 0.470139 0.018056 0.007812
2 0.325000 0.447917 0.018056 0.007812
2 0.249219 0.459722 0.013889 0.007812
2 0.304688 0.447222 0.013889 0.007812
2 0.199219 0.465278 0.013889 0.007812
