2 0.423096 0.480794 0.020996 0.038411
2 0.626953 0.484049 0.020508 0.039714
2 0.578857 0.443359 0.012207 0.024740
2 0.545898 0.409505 0.006836 0.014323
2 0.467041 0.416016 0.008301 0.015625
2 0.264893 0.440755 0.009277 0.019531
2 0.235596 0.424805 0.008301 0.014974
2 0.473633 0.402995 0.007813 0.013021
2 0.531738 0.393229 0.004883 0.010417
2 0.539307 0.400065 0.005371 0.012370
2 0.456787 0.398112 0.005371 0.011068
2 0.336426 0.407552 0.006836 0.013021
2 0.503418 0.390299 0.004883 0.008464
2 0.177979 0.413411 0.007324 0.013021
2 0.072754 0.448568 0.011719 0.019531
2 0.125488 0.422201 0.008789 0.013672
2 0.117188 0.427409 0.008789 0.014974
2 0.137207 0.411133 0.006836 0.011068
2 0.189209 0.402669 0.006348 0.011068
2 0.226318 0.405273 0.007324 0.011068
2 0.019531 0.438802 0.010742 0.016927
2 0.425293 0.394531 0.004883 0.010417
2 0.453125 0.388672 0.004883 0.009115
2 0.168701 0.406576 0.005371 0.009766
2 0.043945 0.423828 0.008789 0.014323
2 0.221191 0.399414 0.004883 0.008464
2 0.253662 0.400065 0.005371 0.009766
2 0.381836 0.393229 0.004883 0.009115
2 0.323730 0.395182 0.004883 0.009115
2 0.404297 0.388672 0.004883 0.009115
2 0.365967 0.389974 0.006348 0.009115
2 0.329102 0.390951 0.004883 0.008464
2 0.292480 0.393555 0.004883 0.009766
2 0.390381 0.384440 0.005371 0.008464
