1 0.215088 0.429036 0.011719 0.005371
1 0.224854 0.419271 0.007812 0.005371
1 0.158203 0.439128 0.013672 0.007812
1 0.065430 0.456706 0.018880 0.011719
1 0.146240 0.431641 0.013021 0.006348
1 0.256348 0.421224 0.010417 0.004883
1 0.191162 0.424805 0.009766 0.005371
1 0.250977 0.415039 0.008464 0.004883
1 0.302246 0.413086 0.008464 0.004883
1 0.280518 0.416992 0.008464 0.005371
1 0.316895 0.410156 0.009115 0.004883
1 0.323242 0.402344 0.007812 0.004883
1 0.308594 0.404948 0.007812 0.004883
1 0.269775 0.411133 0.007161 0.005371
1 0.292480 0.406576 0.008464 0.004883
1 0.334473 0.407878 0.008464 0.004883
1 0.065674 0.444010 0.013021 0.007324
