0 0.249023 0.602214 0.041992 0.082031
0 0.207764 0.539063 0.031738 0.057292
2 0.853516 0.541016 0.033203 0.061198
2 0.531494 0.479167 0.023926 0.042969
2 0.377930 0.450195 0.014648 0.026693
2 0.310547 0.441081 0.012695 0.020182
2 0.265137 0.434245 0.007813 0.015625
0 0.172119 0.480143 0.016113 0.030599
2 0.243408 0.430664 0.006348 0.012370
0 0.164063 0.459961 0.012695 0.021484
0 0.159668 0.450195 0.008789 0.017578
0 0.153076 0.440430 0.005371 0.012370
2 0.222412 0.427083 0.005371 0.010417
2 0.212402 0.425781 0.004883 0.009115
2 0.196777 0.423828 0.004883 0.006510
