0 0.796875 0.857812 0.259375 0.081250
2 0.590625 0.665625 0.218750 0.056250
0 0.521250 0.540625 0.168750 0.035000
2 0.475625 0.481250 0.156250 0.033750
2 0.095000 0.532813 0.178125 0.040000
0 0.659375 0.418750 0.131250 0.026250
0 0.817500 0.384375 0.112500 0.022500
0 0.273750 0.331250 0.100000 0.017500
2 0.416250 0.317188 0.103125 0.020000
2 0.185625 0.376563 0.115625 0.026250
2 0.581250 0.309375 0.087500 0.020000
2 0.939375 0.379688 0.115625 0.028750
2 0.020625 0.690625 0.162500 0.038750
0 0.156250 0.454688 0.115625 0.022500
0 0.148125 0.414062 0.128125 0.031250
0 0.153125 0.321875 0.093750 0.023750
2 0.353125 0.314063 0.084375 0.031250
0 0.909375 0.326562 0.103125 0.023750
0 0.722500 0.328125 0.087500 0.022500
2 0.760000 0.314063 0.084375 0.022500
