2 0.428125 0.534628 0.140203 0.073750
2 0.650000 0.521115 0.099662 0.047500
2 0.703750 0.511824 0.074324 0.035000
2 0.746250 0.508446 0.060811 0.022500
2 0.525000 0.487331 0.035473 0.012500
0 0.951875 0.519426 0.042230 0.023750
0 0.857500 0.511824 0.037162 0.020000
0 0.560000 0.492399 0.032095 0.010000
2 0.358125 0.482264 0.035473 0.016250
0 0.480625 0.487331 0.028716 0.013750
2 0.255625 0.477196 0.035473 0.018750
0 0.318750 0.480574 0.025338 0.010000
2 0.115000 0.470439 0.035473 0.015000
0 0.068125 0.465372 0.028716 0.013750
2 0.448125 0.485642 0.035473 0.016250
0 0.145625 0.472128 0.028716 0.013750
0 0.393750 0.485642 0.028716 0.015000
