1 0.233333 0.457870 0.063889 0.025000
1 0.301563 0.395833 0.043519 0.018750
1 0.263021 0.386111 0.033333 0.014583
1 0.827604 0.463426 0.097222 0.034375
1 0.731510 0.445833 0.054630 0.023438
1 0.583073 0.364352 0.026852 0.009896
1 0.750000 0.394444 0.035185 0.013542
1 0.169531 0.391204 0.032407 0.014063
1 0.063021 0.420370 0.037037 0.016667
1 0.296615 0.346759 0.015741 0.006771
1 0.159375 0.369444 0.018519 0.007292
1 0.425781 0.343519 0.020370 0.009896
1 0.411979 0.316667 0.011111 0.005208
1 0.907552 0.419444 0.035185 0.017188
1 0.699479 0.335185 0.014815 0.007292
1 0.769010 0.343981 0.015741 0.007812
1 0.279948 0.334259 0.012963 0.005729
1 0.632031 0.329167 0.013889 0.005729
1 0.809896 0.343056 0.015741 0.007292
1 0.004167 0.410648 0.025000 0.008333
