0 0.227295 0.599284 0.083984 0.040527
2 0.835205 0.517253 0.052734 0.022949
2 0.740479 0.464844 0.032552 0.015137
0 0.560791 0.451172 0.026042 0.013184
2 0.792969 0.457031 0.032552 0.018555
0 0.515137 0.484375 0.045573 0.023438
2 0.863770 0.481771 0.039062 0.018555
2 0.750244 0.445964 0.022135 0.010254
0 0.458740 0.426107 0.013672 0.009277
2 0.676025 0.436523 0.018880 0.008301
2 0.704590 0.446940 0.018880 0.009766
2 0.483154 0.422852 0.016276 0.008301
2 0.403809 0.421224 0.016927 0.007812
0 0.859375 0.453125 0.019531 0.010742
2 0.722900 0.439128 0.017578 0.010254
0 0.577148 0.441406 0.013021 0.005859
0 0.503174 0.427409 0.014974 0.009277
0 0.808350 0.444010 0.018229 0.011230
2 0.650391 0.432943 0.016927 0.007812
2 0.605225 0.428385 0.016927 0.007324
0 0.552246 0.429362 0.014974 0.008789
0 0.770264 0.436523 0.016276 0.008301
0 0.937988 0.468099 0.027344 0.012695
