1 0.040771 0.461914 0.022786 0.014160
1 0.035889 0.445964 0.018229 0.011230
1 0.137695 0.444661 0.016927 0.009766
1 0.123535 0.433919 0.013672 0.007813
1 0.218750 0.430339 0.015625 0.007813
1 0.190674 0.424479 0.010417 0.006348
1 0.243652 0.416016 0.009115 0.004883
1 0.272217 0.420898 0.011068 0.007324
1 0.272949 0.411458 0.006510 0.004883
1 0.297852 0.408854 0.006510 0.004883
1 0.307129 0.415039 0.008464 0.004883
1 0.315918 0.406250 0.006510 0.004883
1 0.329590 0.403646 0.006510 0.004883
1 0.332520 0.410807 0.006510 0.004883
1 0.348145 0.408203 0.006510 0.004883
1 0.362305 0.406250 0.006510 0.004883
1 0.372070 0.402995 0.006510 0.004883
1 0.366211 0.397135 0.006510 0.004883
1 0.346680 0.402995 0.006510 0.004883
1 0.357910 0.399740 0.006510 0.004883
