2 0.116250 0.915625 0.162500 0.110000
0 0.325000 0.531250 0.125000 0.037500
1 0.431875 0.506250 0.118750 0.033750
0 0.440000 0.406250 0.068750 0.020000
0 0.604375 0.507812 0.121875 0.033750
0 0.520000 0.367188 0.065625 0.015000
0 0.609375 0.379688 0.071875 0.021250
0 0.496250 0.346875 0.050000 0.012500
2 0.539375 0.310937 0.046875 0.011250
0 0.630000 0.328125 0.056250 0.015000
2 0.485000 0.320312 0.040625 0.010000
2 0.510000 0.287500 0.031250 0.010000
0 0.490000 0.295312 0.034375 0.007500
0 0.472500 0.300000 0.037500 0.007500
0 0.708750 0.331250 0.056250 0.015000
2 0.547500 0.290625 0.031250 0.007500
2 0.630000 0.282813 0.034375 0.007500
