2 0.375625 0.362500 0.087500 0.028750
1 0.211875 0.592187 0.196875 0.076250
0 0.703125 0.567187 0.171875 0.056250
0 0.680000 0.412500 0.106250 0.030000
2 0.429375 0.289062 0.065625 0.016250
0 0.516875 0.257812 0.046875 0.011250
2 0.321250 0.307812 0.071875 0.020000
0 0.839375 0.178125 0.081250 0.021250
2 0.571250 0.232813 0.040625 0.012500
2 0.680625 0.318750 0.075000 0.023750
2 0.670625 0.292187 0.071875 0.018750
0 0.492500 0.262500 0.050000 0.015000
2 0.545000 0.246875 0.050000 0.012500
2 0.644375 0.265625 0.056250 0.013750
0 0.633750 0.250000 0.050000 0.012500
2 0.613125 0.237500 0.050000 0.011250
0 0.522500 0.167187 0.046875 0.012500
