2 0.213379 0.620443 0.096354 0.053711
2 0.616943 0.519857 0.061849 0.034668
2 0.380859 0.464518 0.033203 0.016602
2 0.557373 0.450195 0.027995 0.015137
2 0.530273 0.425781 0.019531 0.010742
2 0.365723 0.441081 0.024089 0.012695
2 0.319824 0.429036 0.019531 0.009766
2 0.475586 0.418620 0.016927 0.008789
2 0.160889 0.429362 0.014974 0.007324
2 0.389893 0.415365 0.014323 0.006348
2 0.197021 0.420247 0.012370 0.006348
2 0.137451 0.424154 0.013672 0.007324
2 0.313477 0.414714 0.013021 0.005859
2 0.255859 0.426432 0.016927 0.008789
2 0.047119 0.474935 0.031901 0.019043
1 0.335205 0.405924 0.009766 0.005371
2 0.076416 0.428711 0.013672 0.008301
2 0.020508 0.440430 0.017578 0.011719
