0 0.367188 0.551107 0.027344 0.050130
2 0.657959 0.532878 0.026855 0.046224
2 0.636719 0.488281 0.017578 0.029948
2 0.619385 0.469727 0.010254 0.020182
0 0.468018 0.494466 0.013184 0.026693
0 0.512207 0.453125 0.006836 0.014323
0 0.484619 0.469401 0.009277 0.018229
2 0.602051 0.453776 0.007812 0.016927
0 0.093018 0.513672 0.017090 0.033854
2 0.109375 0.466797 0.012695 0.022135
2 0.027100 0.481771 0.013184 0.026042
0 0.181885 0.485026 0.014160 0.027344
2 0.181396 0.454102 0.009277 0.016276
0 0.525391 0.441406 0.006836 0.014323
