2 0.375000 0.415625 0.068750 0.027500
2 0.216875 0.646875 0.162500 0.063750
0 0.137500 0.512500 0.100000 0.070000
0 0.726250 0.439063 0.084375 0.030000
2 0.602500 0.401562 0.084375 0.025000
0 0.395000 0.340625 0.056250 0.015000
2 0.533125 0.342187 0.059375 0.016250
0 0.470000 0.343750 0.056250 0.015000
0 0.622500 0.331250 0.050000 0.015000
2 0.543750 0.310937 0.028125 0.015000
2 0.676875 0.276562 0.028125 0.008750
2 0.566250 0.292187 0.028125 0.012500
0 0.506875 0.264062 0.034375 0.011250
0 0.495000 0.214062 0.040625 0.010000
0 0.630000 0.260937 0.028125 0.007500
