2 0.403516 0.589583 0.084722 0.033594
2 0.357812 0.481250 0.034722 0.017188
2 0.411719 0.493750 0.043056 0.017188
2 0.820312 0.475000 0.058333 0.023438
2 0.286719 0.499306 0.037500 0.014063
2 0.517969 0.422917 0.026389 0.010937
2 0.176563 0.525694 0.031944 0.012500
2 0.617969 0.425694 0.031944 0.012500
2 0.092969 0.538194 0.023611 0.007812
2 0.350781 0.440278 0.016667 0.007812
2 0.088281 0.521528 0.018056 0.007812
1 0.222656 0.474306 0.015278 0.007812
2 0.845703 0.370139 0.029167 0.011719
2 0.908203 0.377083 0.020833 0.010156
2 0.946484 0.381250 0.018056 0.008594
2 0.984375 0.395139 0.029167 0.014063
2 0.240625 0.452778 0.013889 0.007812
