2 0.226250 0.579688 0.109375 0.062500
2 0.724375 0.534375 0.137500 0.046250
0 0.762500 0.739062 0.228125 0.080000
2 0.507500 0.354687 0.065625 0.015000
2 0.353750 0.415625 0.062500 0.025000
0 0.693750 0.442188 0.071875 0.037500
2 0.629375 0.346875 0.056250 0.016250
0 0.551875 0.326562 0.046875 0.013750
1 0.483125 0.303125 0.043750 0.008750
0 0.405625 0.321875 0.043750 0.011250
0 0.471250 0.281250 0.031250 0.007500
2 0.516875 0.310937 0.046875 0.008750
0 0.390000 0.290625 0.031250 0.007500
2 0.396875 0.279687 0.028125 0.008750
