0 0.576875 0.509291 0.046250 0.082770
0 0.420625 0.505068 0.041250 0.067568
0 0.329375 0.499155 0.028750 0.052365
0 0.736875 0.537162 0.088750 0.145270
2 0.038750 0.527872 0.065000 0.109797
0 0.385000 0.494088 0.020000 0.045608
0 0.465000 0.490709 0.020000 0.045608
0 0.516875 0.488176 0.016250 0.033784
2 0.263750 0.490709 0.020000 0.035473
2 0.167500 0.496622 0.025000 0.037162
2 0.065625 0.499155 0.028750 0.048986
0 0.529375 0.487331 0.016250 0.032095
0 0.501250 0.483108 0.012500 0.033784
0 0.231250 0.484797 0.012500 0.023649
0 0.299375 0.483108 0.011250 0.023649
0 0.368125 0.483108 0.011250 0.023649
2 0.351250 0.487331 0.020000 0.035473
