0 0.334717 0.518880 0.035645 0.053385
2 0.691162 0.517578 0.036621 0.054688
2 0.615967 0.445312 0.016113 0.028646
0 0.424561 0.446615 0.016113 0.028646
0 0.445557 0.424805 0.010254 0.020182
2 0.590088 0.422852 0.011230 0.022786
0 0.460693 0.412760 0.010254 0.016927
2 0.645508 0.416341 0.009766 0.018880
2 0.576172 0.410156 0.008789 0.016927
0 0.474609 0.405273 0.006836 0.013672
0 0.502441 0.396159 0.004883 0.008464
2 0.568848 0.403646 0.007812 0.014323
2 0.562988 0.400065 0.005859 0.012370
2 0.818848 0.469401 0.021484 0.037760
2 0.701904 0.437500 0.014160 0.024740
0 0.479248 0.401367 0.005371 0.011068
2 0.621826 0.405599 0.009277 0.014323
0 0.849365 0.435547 0.011230 0.022135
0 0.767334 0.417969 0.009277 0.018229
0 0.719971 0.407227 0.009277 0.017578
0 0.963379 0.452148 0.021484 0.027995
2 0.605713 0.401042 0.007324 0.013021
2 0.599365 0.398112 0.006348 0.011068
2 0.591553 0.397461 0.006348 0.012370
2 0.546875 0.394531 0.004883 0.007812
2 0.557617 0.398438 0.006836 0.011719
2 0.572754 0.396810 0.004883 0.011068
0 0.651367 0.396484 0.005859 0.009115
0 0.677490 0.397786 0.005371 0.007812
0 0.687500 0.399414 0.004883 0.008464
0 0.691162 0.401367 0.006348 0.013672
