0 0.086875 0.760938 0.081250 0.284375
2 0.845625 0.556250 0.066250 0.218750
2 0.699375 0.425000 0.048750 0.168750
0 0.543125 0.414062 0.041250 0.153125
2 0.485000 0.362500 0.040000 0.143750
0 0.149375 0.546875 0.061250 0.206250
0 0.256875 0.393750 0.041250 0.156250
0 0.435000 0.304688 0.032500 0.115625
0 0.528750 0.178125 0.035000 0.125000
1 0.064375 0.451562 0.048750 0.171875
2 0.215000 0.360938 0.040000 0.134375
0 0.035625 0.162500 0.026250 0.100000
1 0.121875 0.159375 0.036250 0.125000
2 0.361875 0.221875 0.021250 0.081250
0 0.521250 0.028125 0.025000 0.056250
0 0.148125 0.032813 0.028750 0.065625
2 0.464375 0.165625 0.018750 0.075000
