2 0.206299 0.615234 0.097656 0.050293
2 0.424805 0.509766 0.059896 0.038086
2 0.841797 0.547201 0.068359 0.039063
2 0.760254 0.482747 0.044922 0.025391
2 0.516357 0.455404 0.029297 0.019043
2 0.547852 0.433594 0.022135 0.011719
2 0.518555 0.427083 0.018229 0.011719
2 0.703857 0.434570 0.021484 0.011230
2 0.684570 0.419271 0.014323 0.008789
2 0.671387 0.408529 0.012370 0.007813
2 0.570557 0.417969 0.015625 0.008301
2 0.581543 0.410482 0.012370 0.007813
2 0.176514 0.451497 0.022786 0.014160
2 0.364014 0.427083 0.018229 0.009277
2 0.473389 0.413411 0.013021 0.006348
2 0.166992 0.427409 0.014974 0.009766
2 0.533203 0.405924 0.012370 0.006836
2 0.591309 0.402018 0.009766 0.004883
2 0.597412 0.398112 0.009766 0.005371
2 0.339600 0.419922 0.015625 0.008301
2 0.071289 0.432292 0.015625 0.010742
2 0.404053 0.400391 0.010417 0.007324
2 0.021484 0.445964 0.018229 0.011719
2 0.281738 0.403320 0.011068 0.007813
2 0.229980 0.411458 0.013021 0.008789
