0 0.873125 0.548142 0.108750 0.184122
0 0.559375 0.522804 0.053750 0.106419
0 0.418750 0.514358 0.037500 0.079392
0 0.316875 0.511824 0.031250 0.064189
0 0.228125 0.510980 0.028750 0.052365
0 0.076250 0.511824 0.015000 0.033784
0 0.023125 0.516047 0.023750 0.045608
0 0.139375 0.511824 0.023750 0.050676
2 0.101875 0.509291 0.013750 0.028716
2 0.180000 0.505068 0.012500 0.027027
2 0.253750 0.500000 0.012500 0.027027
0 0.159375 0.507601 0.013750 0.028716
2 0.271875 0.500845 0.011250 0.025338
0 0.355000 0.498311 0.010000 0.020270
0 0.385000 0.498311 0.007500 0.020270
0 0.300625 0.498311 0.011250 0.030405
0 0.196875 0.497466 0.008750 0.021959
2 0.170625 0.503378 0.008750 0.023649
0 0.378750 0.498311 0.007500 0.016892
0 0.393750 0.496622 0.007500 0.016892
0 0.006875 0.515203 0.013750 0.040541
0 0.347500 0.496622 0.007500 0.016892
2 0.118125 0.505068 0.011250 0.023649
2 0.038125 0.505912 0.008750 0.021959
