1 0.716667 0.623611 0.070833 0.156481
1 0.422656 0.381481 0.017188 0.044444
1 0.686979 0.419907 0.020833 0.052778
1 0.528646 0.331944 0.007292 0.019444
1 0.670052 0.347685 0.007812 0.021296
1 0.640104 0.327778 0.008333 0.009259
1 0.598698 0.323611 0.006771 0.010185
1 0.513021 0.313889 0.005208 0.012963
1 0.522917 0.329630 0.007292 0.016667
1 0.621354 0.325926 0.007292 0.009259
1 0.583854 0.319907 0.005208 0.010185
1 0.538021 0.309722 0.005208 0.010185
1 0.583333 0.310185 0.005208 0.009259
1 0.651042 0.317593 0.005208 0.009259
1 0.577604 0.310185 0.005208 0.011111
1 0.583333 0.297222 0.005208 0.009259
1 0.594271 0.302778 0.005208 0.012963
1 0.601562 0.304630 0.005208 0.009259
