2 0.826172 0.636719 0.050781 0.088542
0 0.285645 0.529297 0.020508 0.035156
2 0.562988 0.513672 0.022461 0.035156
0 0.168457 0.699870 0.057617 0.105469
2 0.436523 0.493490 0.015625 0.026042
0 0.238281 0.497396 0.009766 0.020833
0 0.266113 0.506510 0.014648 0.026042
2 0.330078 0.480469 0.007812 0.015625
2 0.377930 0.485026 0.013672 0.024740
0 0.209473 0.492839 0.010742 0.016927
2 0.297363 0.480469 0.006836 0.015625
0 0.176270 0.490234 0.008789 0.014323
0 0.087402 0.491536 0.008789 0.016927
0 0.129395 0.490234 0.006836 0.014323
2 0.247559 0.477865 0.008789 0.015625
2 0.121582 0.479818 0.006836 0.014323
0 0.049316 0.493490 0.006836 0.015625
2 0.185547 0.479167 0.009766 0.015625
1 0.635742 0.444661 0.005859 0.014323
1 0.212891 0.458333 0.005859 0.007812
1 0.515625 0.445312 0.005859 0.010417
1 0.400391 0.450521 0.005859 0.010417
2 0.062500 0.483724 0.005859 0.011719
1 0.141602 0.462240 0.005859 0.007812
1 0.295898 0.454427 0.005859 0.010417
2 0.024902 0.484375 0.006836 0.013021
1 0.540527 0.441406 0.006836 0.010417
