2 0.901855 0.454102 0.026693 0.017578
2 0.796143 0.510091 0.050130 0.033691
2 0.756592 0.460612 0.031901 0.020996
0 0.245850 0.603516 0.089844 0.041504
0 0.524170 0.438802 0.026042 0.014160
0 0.446533 0.464518 0.037109 0.020020
0 0.690186 0.425130 0.019531 0.011230
0 0.824707 0.428711 0.017578 0.009766
0 0.607666 0.428060 0.021484 0.013184
2 0.198730 0.431315 0.018880 0.004883
1 0.179688 0.420247 0.011068 0.004883
0 0.193848 0.432617 0.020182 0.006836
1 0.172607 0.417318 0.010417 0.005371
1 0.148193 0.435547 0.018229 0.007324
