2 0.800049 0.510091 0.030762 0.056641
0 0.257324 0.527344 0.035156 0.061198
0 0.285400 0.472982 0.021973 0.038411
2 0.653076 0.454102 0.016113 0.030599
2 0.534668 0.436849 0.011719 0.024740
0 0.192627 0.461914 0.015137 0.026693
2 0.423828 0.429036 0.011719 0.020833
2 0.339111 0.428385 0.010254 0.019531
2 0.196777 0.416992 0.007813 0.011068
2 0.130371 0.438477 0.010742 0.017578
2 0.284912 0.405599 0.005371 0.010417
2 0.140869 0.426107 0.008301 0.013672
2 0.241455 0.432943 0.010254 0.018229
0 0.046875 0.463542 0.013672 0.022135
2 0.084961 0.437174 0.009766 0.014974
0 0.471191 0.386393 0.004883 0.008464
0 0.171875 0.415690 0.005859 0.011068
0 0.276123 0.402018 0.005371 0.008464
0 0.356201 0.395182 0.006348 0.007813
2 0.369629 0.397786 0.004883 0.009115
