2 0.736816 0.533854 0.040039 0.061198
2 0.621826 0.456055 0.018066 0.030599
2 0.407227 0.460286 0.016602 0.032552
2 0.720703 0.472331 0.021484 0.034505
2 0.310059 0.541992 0.037109 0.068359
2 0.591064 0.433594 0.015137 0.023438
2 0.445801 0.428711 0.010742 0.020182
2 0.453369 0.420573 0.009277 0.016927
2 0.457031 0.415690 0.007813 0.014974
2 0.480957 0.411458 0.007813 0.013021
2 0.516357 0.406576 0.007324 0.012370
2 0.569092 0.419596 0.009277 0.016276
2 0.551758 0.403971 0.006836 0.012370
2 0.598389 0.401693 0.005371 0.010417
2 0.643799 0.406576 0.007324 0.012370
2 0.649170 0.400391 0.005371 0.011719
2 0.811768 0.409831 0.007324 0.013672
2 0.571777 0.412760 0.006836 0.014323
2 0.701172 0.400391 0.005859 0.010417
2 0.730469 0.406576 0.007813 0.013672
2 0.971680 0.472005 0.019531 0.029948
2 0.852539 0.430339 0.010742 0.018229
2 0.909424 0.416667 0.009277 0.016927
2 0.860596 0.405599 0.008301 0.011719
2 0.777344 0.402018 0.006836 0.011068
2 0.932861 0.409831 0.010254 0.013672
1 0.545898 0.394857 0.004883 0.009766
