0 0.216064 0.590820 0.051270 0.085286
2 0.760498 0.502604 0.024902 0.042969
0 0.402344 0.472005 0.019531 0.035156
0 0.457520 0.442708 0.012695 0.024740
2 0.644287 0.435547 0.011230 0.019531
2 0.673584 0.452799 0.013184 0.024089
2 0.616455 0.423177 0.008301 0.014323
0 0.513916 0.430664 0.009277 0.018880
0 0.523682 0.420898 0.008301 0.016276
2 0.594971 0.415039 0.006348 0.012370
2 0.580566 0.409831 0.005859 0.011068
2 0.553955 0.399740 0.005371 0.007813
0 0.512207 0.414063 0.004883 0.011719
0 0.506348 0.409505 0.004883 0.010417
