0 0.876250 0.909375 0.168750 0.107500
0 0.875625 0.753125 0.206250 0.063750
2 0.775625 0.656250 0.168750 0.056250
0 0.092500 0.690625 0.131250 0.085000
2 0.033125 0.767188 0.228125 0.066250
0 0.223125 0.579688 0.140625 0.043750
0 0.296875 0.493750 0.112500 0.028750
0 0.330625 0.534375 0.081250 0.041250
0 0.621250 0.462500 0.106250 0.022500
2 0.705625 0.534375 0.143750 0.038750
2 0.656250 0.456250 0.112500 0.027500
2 0.329375 0.448437 0.096875 0.033750
0 0.675625 0.467187 0.128125 0.031250
0 0.696875 0.489063 0.128125 0.033750
