1 0.370573 0.416667 0.017188 0.042593
1 0.619010 0.375000 0.011979 0.035185
1 0.453125 0.354167 0.010417 0.032407
2 0.842187 0.828241 0.087500 0.254630
1 0.509375 0.318519 0.005208 0.009259
1 0.483333 0.337963 0.007292 0.014815
1 0.591927 0.331481 0.006771 0.014815
2 0.322656 0.351852 0.006771 0.018519
1 0.480990 0.320833 0.007812 0.010185
1 0.341146 0.341667 0.005208 0.014815
1 0.440625 0.325000 0.005208 0.009259
1 0.518750 0.314815 0.005208 0.009259
1 0.155729 0.388889 0.005208 0.014815
1 0.474479 0.322222 0.007292 0.009259
1 0.581771 0.319444 0.005208 0.011111
