2 0.455078 0.449544 0.027995 0.016602
2 0.386963 0.520182 0.058594 0.029785
2 0.733154 0.495768 0.047526 0.025879
2 0.664795 0.445638 0.027995 0.014160
2 0.752197 0.441081 0.024089 0.015137
2 0.507568 0.414714 0.019531 0.011230
2 0.556152 0.406250 0.016927 0.010742
2 0.627197 0.402669 0.014974 0.009277
2 0.679688 0.421224 0.020833 0.013672
2 0.814697 0.431641 0.019531 0.010254
2 0.796875 0.416016 0.015625 0.007813
2 0.783691 0.405924 0.013672 0.005859
2 0.739502 0.417318 0.016927 0.009277
2 0.721436 0.403320 0.012370 0.007324
2 0.864258 0.410482 0.014974 0.007813
2 0.899170 0.423177 0.016927 0.011230
