2 0.330469 0.674306 0.101389 0.042188
2 0.446094 0.496528 0.031944 0.012500
2 0.866016 0.615972 0.084722 0.035156
2 0.666406 0.484722 0.030556 0.010937
2 0.484375 0.443056 0.013889 0.007812
2 0.595313 0.437500 0.013889 0.007812
2 0.570312 0.426389 0.013889 0.007812
2 0.555469 0.408333 0.013889 0.007812
2 0.496875 0.425694 0.015278 0.007812
2 0.560156 0.418056 0.013889 0.007812
2 0.503125 0.420833 0.013889 0.007812
3 0.525000 0.411111 0.013889 0.007812
2 0.578125 0.406944 0.013889 0.007812
2 0.600000 0.404167 0.013889 0.007812
