2 0.344971 0.513672 0.050781 0.027832
2 0.667480 0.484701 0.039714 0.019531
2 0.424072 0.444661 0.026042 0.014160
2 0.612549 0.445638 0.024089 0.013184
2 0.633057 0.430339 0.018229 0.007324
2 0.580566 0.424479 0.019531 0.009766
2 0.850586 0.464193 0.033854 0.020508
2 0.449707 0.426107 0.018880 0.009766
2 0.795898 0.433919 0.018880 0.009766
2 0.759766 0.415039 0.014974 0.006836
2 0.568359 0.415365 0.014323 0.008789
2 0.466064 0.412435 0.012370 0.006348
2 0.555908 0.407878 0.012370 0.006348
2 0.488770 0.401693 0.010417 0.004883
