1 0.726302 0.411574 0.041667 0.016146
1 0.554688 0.346296 0.024074 0.009375
1 0.484635 0.370370 0.035185 0.016146
1 0.620833 0.340741 0.020370 0.007292
1 0.742708 0.381481 0.029630 0.009375
2 0.105990 0.695833 0.173148 0.072396
1 0.688281 0.346759 0.019444 0.007812
1 0.822396 0.391204 0.026852 0.008333
1 0.975781 0.431481 0.022222 0.008854
1 0.721354 0.340278 0.017593 0.006250
1 0.865104 0.383333 0.016667 0.007292
1 0.803385 0.366204 0.019444 0.006771
1 0.506250 0.307870 0.012037 0.005208
1 0.558854 0.306481 0.011111 0.005208
1 0.576042 0.317130 0.015741 0.005208
1 0.608854 0.315278 0.013889 0.005208
1 0.963542 0.415741 0.020370 0.008333
1 0.847656 0.350463 0.010185 0.005729
1 0.833333 0.350000 0.009259 0.005208
