2 0.327500 0.479687 0.035000 0.115625
0 0.794375 0.460938 0.038750 0.115625
2 0.640625 0.359375 0.018750 0.075000
0 0.395625 0.357812 0.016250 0.071875
0 0.559375 0.306250 0.013750 0.056250
2 0.374375 0.309375 0.013750 0.056250
2 0.466875 0.275000 0.008750 0.037500
0 0.409375 0.262500 0.011250 0.043750
0 0.341875 0.292187 0.011250 0.040625
2 0.346875 0.262500 0.008750 0.031250
2 0.271250 0.281250 0.015000 0.043750
0 0.200625 0.301563 0.013750 0.040625
2 0.496250 0.284375 0.010000 0.043750
0 0.316250 0.256250 0.007500 0.018750
