2 0.842773 0.675456 0.115234 0.073242
2 0.658936 0.515625 0.054688 0.030762
2 0.606689 0.467448 0.033854 0.018066
2 0.555908 0.423177 0.019531 0.009277
2 0.538330 0.414714 0.015625 0.008301
2 0.372803 0.460612 0.033203 0.019043
2 0.196533 0.455729 0.027344 0.017090
2 0.393066 0.444010 0.026042 0.012695
2 0.375732 0.416341 0.017578 0.008301
2 0.399170 0.432292 0.022135 0.011230
2 0.240723 0.435872 0.017578 0.009766
2 0.286621 0.410156 0.011719 0.007813
2 0.302979 0.402669 0.011068 0.007324
2 0.213379 0.420898 0.017578 0.010742
2 0.228516 0.412760 0.011719 0.007813
2 0.338379 0.412760 0.014323 0.009766
2 0.345703 0.402995 0.011719 0.007813
2 0.480713 0.408203 0.014323 0.008301
2 0.399170 0.403646 0.013021 0.007324
