2 0.944580 0.808919 0.107910 0.168620
2 0.189209 0.750326 0.075684 0.143880
2 0.631836 0.499674 0.026367 0.047526
2 0.113281 0.478516 0.018555 0.032552
2 0.130859 0.472982 0.017578 0.030599
2 0.440186 0.430339 0.012207 0.023438
2 0.550537 0.420247 0.010254 0.020182
2 0.538818 0.404948 0.007324 0.014323
2 0.527100 0.396159 0.006348 0.012370
2 0.453369 0.408529 0.008301 0.016276
2 0.122314 0.442708 0.011230 0.020833
2 0.492676 0.392253 0.005859 0.011068
2 0.279297 0.414388 0.007812 0.014974
2 0.397217 0.396484 0.005371 0.013021
2 0.434326 0.401693 0.007324 0.013021
2 0.348389 0.395508 0.006348 0.011068
2 0.081543 0.421224 0.009766 0.015625
2 0.119141 0.406576 0.006836 0.011068
2 0.088623 0.410156 0.008301 0.013021
2 0.194336 0.404297 0.007812 0.013021
2 0.042236 0.416667 0.006348 0.010417
2 0.160889 0.402018 0.005371 0.008464
2 0.208008 0.397786 0.005859 0.009115
2 0.247559 0.394531 0.004883 0.009115
2 0.291748 0.392904 0.005371 0.009766
2 0.155762 0.409180 0.006836 0.012370
2 0.280518 0.397135 0.006348 0.010417
2 0.434082 0.390951 0.005859 0.011068
2 0.377441 0.389974 0.004883 0.009115
1 0.370605 0.384766 0.004883 0.009115
2 0.333984 0.390625 0.004883 0.009115
