2 0.699707 0.531901 0.033203 0.058594
2 0.607666 0.464518 0.016113 0.030599
2 0.213867 0.590169 0.044922 0.081380
2 0.424072 0.447591 0.012207 0.024089
2 0.564941 0.436523 0.011719 0.017578
2 0.451660 0.433268 0.009766 0.018880
2 0.077148 0.474284 0.019531 0.030599
2 0.289551 0.440104 0.010742 0.018229
2 0.083008 0.450521 0.010742 0.018229
2 0.370605 0.428060 0.009766 0.016276
2 0.553955 0.426432 0.008301 0.015625
2 0.546143 0.422852 0.007324 0.013672
2 0.499512 0.408203 0.004883 0.007813
2 0.394775 0.420573 0.005371 0.009115
2 0.535889 0.412435 0.005371 0.009766
