2 0.185625 0.312500 0.156250 0.043750
0 0.888125 0.309375 0.168750 0.046250
1 0.837500 0.264062 0.140625 0.042500
0 0.250000 0.237500 0.125000 0.032500
0 0.966875 0.410938 0.196875 0.056250
2 0.051875 0.453125 0.225000 0.078750
2 0.038750 0.382812 0.190625 0.060000
0 0.276875 0.187500 0.100000 0.026250
1 0.760625 0.209375 0.118750 0.041250
0 0.246875 0.117188 0.084375 0.021250
0 0.206875 0.093750 0.075000 0.016250
0 0.838125 0.143750 0.106250 0.023750
2 0.796250 0.117188 0.090625 0.027500
0 0.281875 0.089063 0.065625 0.013750
2 0.421875 0.089063 0.071875 0.018750
2 0.932500 0.154688 0.103125 0.022500
2 0.045625 0.081250 0.075000 0.016250
0 0.910000 0.181250 0.118750 0.032500
0 0.628125 0.095312 0.053125 0.031250
2 0.731250 0.106250 0.093750 0.022500
0 0.161875 0.106250 0.062500 0.018750
0 0.610000 0.092188 0.078125 0.017500
