2 0.697266 0.558333 0.075000 0.025781
2 0.047656 0.865278 0.158333 0.053125
2 0.275000 0.615278 0.080556 0.031250
2 0.357031 0.505556 0.041667 0.015625
2 0.355078 0.463889 0.030556 0.013281
2 0.604688 0.460417 0.037500 0.018750
2 0.275781 0.451389 0.022222 0.007812
2 0.510938 0.434722 0.027778 0.014063
2 0.446875 0.426389 0.022222 0.007812
2 0.270313 0.424306 0.018056 0.007812
2 0.361719 0.423611 0.019444 0.007812
2 0.111719 0.446528 0.018056 0.007812
2 0.182812 0.448611 0.016667 0.007812
2 0.192969 0.426389 0.016667 0.007812
