0 0.362549 0.533203 0.042480 0.045573
2 0.745117 0.533203 0.041992 0.061198
2 0.852051 0.476237 0.026367 0.038411
2 0.633789 0.448893 0.020508 0.030599
0 0.431152 0.448242 0.014648 0.029297
0 0.459717 0.412435 0.008301 0.016276
2 0.595459 0.424154 0.012207 0.014974
2 0.726074 0.445638 0.017578 0.022786
2 0.650879 0.415690 0.009766 0.018880
0 0.447266 0.426432 0.011719 0.020833
2 0.578125 0.410156 0.007812 0.015625
0 0.773926 0.417969 0.009766 0.018229
2 0.558594 0.399740 0.005859 0.013021
2 0.622803 0.405924 0.012207 0.014974
0 0.986328 0.454427 0.014648 0.028646
0 0.864258 0.436198 0.011719 0.023438
2 0.566895 0.403320 0.005859 0.013672
2 0.605225 0.400391 0.007324 0.010417
2 0.595703 0.396159 0.004883 0.012370
0 0.689697 0.400391 0.005371 0.010417
