2 0.701660 0.472656 0.031250 0.016602
2 0.738281 0.561523 0.069661 0.040039
2 0.731934 0.448242 0.021484 0.011719
2 0.708496 0.436523 0.017578 0.009766
2 0.681641 0.426758 0.014974 0.007813
0 0.158203 0.537760 0.061198 0.033203
0 0.508057 0.438151 0.022135 0.011230
0 0.413574 0.458984 0.032552 0.014648
0 0.524414 0.419922 0.014323 0.004883
0 0.535645 0.427409 0.016276 0.006836
2 0.573975 0.413411 0.011719 0.005371
0 0.472168 0.415690 0.013672 0.005859
2 0.518555 0.409831 0.011068 0.005859
0 0.393311 0.413086 0.012370 0.005371
2 0.405273 0.407227 0.011068 0.004883
2 0.641357 0.419922 0.014323 0.006348
2 0.467773 0.408529 0.011068 0.004883
0 0.297363 0.404622 0.008464 0.004883
0 0.320801 0.410807 0.010417 0.004883
0 0.287598 0.408203 0.010417 0.004883
0 0.283203 0.406250 0.009115 0.004883
2 0.367920 0.405599 0.010417 0.005371
2 0.468262 0.397461 0.008464 0.004883
2 0.523438 0.396159 0.008464 0.004883
