2 0.220000 0.437500 0.168750 0.047500
2 0.061875 0.376563 0.146875 0.038750
0 0.129375 0.254688 0.084375 0.026250
2 0.635000 0.621875 0.256250 0.070000
2 0.845625 0.212500 0.093750 0.026250
2 0.468750 0.265625 0.068750 0.037500
0 0.677500 0.198437 0.084375 0.025000
0 0.755625 0.170313 0.071875 0.021250
0 0.148125 0.206250 0.056250 0.016250
0 0.870000 0.173437 0.078125 0.025000
2 0.240625 0.220312 0.078125 0.021250
0 0.020625 0.231250 0.068750 0.018750
2 0.626250 0.178125 0.068750 0.022500
2 0.457500 0.168750 0.050000 0.015000
0 0.494375 0.200000 0.081250 0.016250
2 0.425625 0.182812 0.053125 0.018750
1 0.370625 0.154688 0.040625 0.008750
2 0.708125 0.139063 0.040625 0.008750
0 0.533750 0.157812 0.040625 0.012500
0 0.584375 0.148438 0.040625 0.011250
0 0.208750 0.173437 0.034375 0.010000
2 0.057500 0.201563 0.059375 0.015000
2 0.111875 0.175000 0.037500 0.008750
2 0.251875 0.207813 0.059375 0.016250
2 0.690000 0.139063 0.040625 0.010000
2 0.801875 0.145313 0.053125 0.013750
2 0.946250 0.135937 0.040625 0.010000
2 0.576250 0.167187 0.034375 0.015000
0 0.278750 0.173437 0.046875 0.012500
0 0.361875 0.157812 0.040625 0.008750
0 0.070000 0.189062 0.053125 0.015000
0 0.847500 0.131250 0.043750 0.012500
