2 0.780029 0.557943 0.041504 0.071615
2 0.867432 0.504883 0.025879 0.048828
0 0.399414 0.470703 0.019531 0.033854
2 0.659912 0.467448 0.019043 0.033854
2 0.615967 0.439453 0.013184 0.023438
0 0.290527 0.571615 0.041992 0.075521
0 0.439697 0.437500 0.011230 0.023438
2 0.721436 0.446615 0.014160 0.026042
2 0.591553 0.427083 0.009277 0.016927
2 0.663574 0.428711 0.008789 0.016276
2 0.620117 0.416667 0.006836 0.011719
0 0.458008 0.418294 0.004883 0.012370
2 0.577637 0.418620 0.007813 0.015625
0 0.909912 0.455729 0.015137 0.028646
0 0.798828 0.433594 0.009766 0.020833
2 0.638184 0.419922 0.006836 0.013021
2 0.572021 0.415365 0.005371 0.011719
0 0.742920 0.420247 0.007324 0.013672
0 0.453613 0.425130 0.009766 0.018229
0 0.491699 0.411133 0.005859 0.011068
0 0.767822 0.425781 0.009277 0.016927
0 0.461670 0.413411 0.006348 0.013021
0 0.694824 0.415365 0.006836 0.011719
2 0.590576 0.414714 0.007324 0.013021
0 0.550537 0.410482 0.005371 0.011068
