0 0.287598 0.480794 0.019531 0.034505
0 0.184570 0.562826 0.033203 0.064453
2 0.660889 0.548503 0.032715 0.064453
2 0.742676 0.495117 0.021484 0.039714
2 0.538818 0.464193 0.018066 0.035156
0 0.271484 0.460938 0.013672 0.027344
0 0.185547 0.459310 0.013672 0.025391
2 0.480957 0.442383 0.012695 0.024089
2 0.630615 0.453125 0.015137 0.028646
0 0.783691 0.448893 0.012695 0.024089
2 0.573730 0.432292 0.012695 0.024740
2 0.322510 0.435547 0.010254 0.019531
0 0.099365 0.463542 0.015137 0.026042
2 0.192383 0.441732 0.010742 0.018880
2 0.054443 0.449870 0.011230 0.015625
2 0.401123 0.434896 0.011230 0.020833
0 0.682617 0.427734 0.010742 0.019531
2 0.540527 0.418620 0.007812 0.016927
0 0.947266 0.485026 0.027344 0.036458
0 0.633057 0.415365 0.009277 0.015625
2 0.517334 0.410482 0.007324 0.013672
2 0.500488 0.404622 0.006836 0.012370
0 0.576660 0.403971 0.004883 0.012370
0 0.560547 0.401042 0.004883 0.011719
0 0.595459 0.407552 0.005371 0.011719
2 0.492188 0.400391 0.004883 0.009115
2 0.484863 0.397461 0.004883 0.008464
0 0.539062 0.395833 0.004883 0.007812
0 0.548828 0.398112 0.004883 0.007161
0 0.520752 0.391276 0.005371 0.006510
