2 0.689697 0.554036 0.039551 0.066406
2 0.589111 0.457031 0.018066 0.031250
2 0.568359 0.433594 0.010742 0.022135
2 0.353271 0.471354 0.021973 0.037760
2 0.213867 0.557943 0.040039 0.074219
2 0.283936 0.445313 0.016113 0.024740
2 0.030518 0.498047 0.027832 0.045573
2 0.423584 0.429036 0.010254 0.018229
2 0.442383 0.419596 0.008789 0.016276
2 0.418945 0.411784 0.007813 0.013672
2 0.552490 0.418620 0.007324 0.014323
2 0.541748 0.408529 0.007324 0.013672
2 0.082275 0.431641 0.012207 0.016927
2 0.119141 0.406901 0.006836 0.010417
2 0.134766 0.410807 0.007813 0.011719
2 0.228027 0.417318 0.008789 0.015625
2 0.236816 0.405273 0.007813 0.012370
2 0.464844 0.402669 0.005859 0.011068
