1 0.804443 0.594401 0.063965 0.162760
1 0.931396 0.695964 0.086426 0.213542
1 0.221191 0.586589 0.066406 0.145833
1 0.075928 0.724935 0.098145 0.240234
0 0.392822 0.458333 0.017090 0.032552
0 0.322754 0.523438 0.032227 0.059896
2 0.675293 0.505208 0.028320 0.048177
2 0.604980 0.456706 0.020508 0.034505
2 0.558105 0.423503 0.012695 0.024089
2 0.543701 0.413086 0.008301 0.014974
0 0.442139 0.411133 0.007324 0.014974
0 0.447266 0.405599 0.005859 0.011719
0 0.428955 0.422852 0.010254 0.018880
2 0.533691 0.405924 0.007812 0.013672
2 0.525146 0.400065 0.005371 0.011068
