0 0.409668 0.465495 0.021484 0.037760
2 0.647705 0.462240 0.022949 0.037760
2 0.831787 0.606445 0.066895 0.093099
0 0.285889 0.606120 0.054199 0.061198
2 0.754639 0.457682 0.021973 0.027344
0 0.432861 0.432943 0.013184 0.024740
2 0.600342 0.431315 0.013184 0.016276
2 0.921875 0.501628 0.035156 0.050130
2 0.580322 0.413411 0.011230 0.019531
2 0.627930 0.408203 0.008789 0.015625
2 0.660889 0.420898 0.010254 0.020182
0 0.696777 0.403320 0.004883 0.011068
0 0.689697 0.400716 0.005371 0.012370
0 0.796387 0.422852 0.009766 0.018880
0 0.739014 0.412760 0.011230 0.011719
0 0.450195 0.416667 0.008789 0.018229
2 0.568115 0.405599 0.006348 0.015625
2 0.608398 0.402995 0.007812 0.009115
2 0.559326 0.401367 0.007324 0.012370
0 0.463867 0.408854 0.007812 0.010417
0 0.906250 0.445638 0.012695 0.025391
0 0.537354 0.395508 0.005371 0.008464
2 0.596680 0.398112 0.004883 0.011068
2 0.588379 0.398763 0.006836 0.007161
0 0.468262 0.401367 0.004883 0.013672
0 0.648682 0.397461 0.005371 0.009766
2 0.552490 0.398438 0.005371 0.010417
