0 0.723125 0.538851 0.158784 0.096250
0 0.631250 0.518581 0.108108 0.060000
2 0.496250 0.499155 0.059122 0.032500
2 0.341250 0.509291 0.062500 0.037500
2 0.203125 0.519426 0.076014 0.043750
0 0.919375 0.485642 0.069257 0.038750
2 0.041250 0.548986 0.118243 0.072500
2 0.293125 0.489020 0.025338 0.013750
0 0.768125 0.494932 0.074324 0.038750
2 0.968125 0.476351 0.054054 0.033750
2 0.827500 0.464527 0.020270 0.012500
2 0.860000 0.467061 0.021959 0.012500
2 0.122500 0.496622 0.027027 0.012500
2 0.415000 0.480574 0.025338 0.012500
2 0.363125 0.484797 0.023649 0.011250
2 0.453750 0.478885 0.025338 0.012500
0 0.266250 0.484797 0.023649 0.010000
0 0.396875 0.476351 0.020270 0.008750
2 0.580000 0.472128 0.021959 0.012500
0 0.523750 0.469595 0.016892 0.007500
0 0.810000 0.459459 0.016892 0.007500
0 0.320000 0.482264 0.021959 0.010000
2 0.987500 0.461993 0.032095 0.015000
0 0.610625 0.467061 0.015203 0.008750
0 0.651875 0.467061 0.015203 0.008750
0 0.571250 0.470439 0.018581 0.007500
0 0.755625 0.460304 0.021959 0.011250
