0 0.196289 0.618815 0.048828 0.090495
0 0.343506 0.487956 0.023926 0.046224
2 0.688721 0.486328 0.019043 0.037760
2 0.612061 0.451823 0.014160 0.026042
0 0.430908 0.453451 0.014160 0.025391
2 0.556641 0.431641 0.010742 0.018229
0 0.438721 0.434570 0.011230 0.021484
2 0.522949 0.420898 0.007813 0.014974
0 0.422119 0.423177 0.008301 0.014323
2 0.483643 0.407227 0.008301 0.011068
2 0.501953 0.414063 0.007813 0.013021
2 0.465820 0.402669 0.004883 0.009766
2 0.455078 0.401367 0.004883 0.008464
0 0.413574 0.417318 0.007813 0.013021
2 0.448242 0.400391 0.004883 0.007813
0 0.407227 0.409831 0.004883 0.011068
0 0.403320 0.405924 0.004883 0.008464
2 0.441895 0.400391 0.004883 0.007813
