2 0.731934 0.522135 0.058594 0.033203
2 0.645752 0.456706 0.033203 0.018066
0 0.330322 0.532227 0.064453 0.036621
2 0.706543 0.439779 0.025391 0.014648
2 0.609375 0.433594 0.024740 0.012695
2 0.823242 0.485677 0.045573 0.026367
0 0.411621 0.459635 0.031250 0.017578
2 0.657471 0.425130 0.018229 0.008301
2 0.589600 0.423828 0.016927 0.010254
0 0.786133 0.427734 0.019531 0.009766
2 0.635254 0.417318 0.014323 0.007813
0 0.446533 0.432943 0.023438 0.012207
0 0.459229 0.423503 0.017578 0.007324
2 0.577148 0.416992 0.013672 0.006836
2 0.617676 0.414388 0.012370 0.006836
0 0.736328 0.417318 0.013021 0.005859
0 0.691406 0.414063 0.010417 0.004883
0 0.882080 0.447266 0.024740 0.013184
0 0.758545 0.422201 0.013672 0.007324
2 0.571533 0.413737 0.011068 0.005371
0 0.551758 0.408203 0.007813 0.004883
0 0.466064 0.411784 0.012370 0.006348
0 0.494629 0.409505 0.010417 0.006836
