2 0.782471 0.499349 0.041667 0.023926
0 0.252441 0.597005 0.080729 0.039063
0 0.411133 0.486654 0.037109 0.022461
0 0.513184 0.451497 0.027995 0.016602
2 0.614258 0.423177 0.015625 0.008789
2 0.702881 0.457682 0.026042 0.015137
2 0.651367 0.435872 0.022786 0.012695
2 0.593262 0.415039 0.013672 0.008789
2 0.575928 0.406901 0.011719 0.008301
0 0.526123 0.433268 0.017578 0.010254
0 0.511475 0.420898 0.012370 0.007324
0 0.504395 0.415039 0.011068 0.005859
2 0.561523 0.402344 0.007813 0.004883
2 0.547363 0.400716 0.007161 0.004883
2 0.528809 0.398438 0.006510 0.004883
2 0.534912 0.398438 0.007813 0.005371
0 0.498535 0.408529 0.011068 0.004883
2 0.541260 0.399740 0.007813 0.005371
2 0.523926 0.397786 0.006510 0.004883
