2 0.833984 0.560417 0.101389 0.033594
2 0.314844 0.397222 0.063889 0.021875
2 0.586719 0.389583 0.048611 0.017188
2 0.448047 0.318750 0.029167 0.010156
2 0.320703 0.355556 0.044444 0.013281
2 0.252344 0.553472 0.109722 0.035937
2 0.344531 0.294444 0.022222 0.007813
2 0.280469 0.325000 0.033333 0.012500
2 0.172266 0.311806 0.023611 0.008594
2 0.300000 0.287500 0.019444 0.007813
2 0.233984 0.307639 0.023611 0.008594
2 0.267969 0.281250 0.015278 0.007813
1 0.191406 0.297222 0.016667 0.007813
2 0.087891 0.313194 0.018056 0.008594
2 0.113281 0.317361 0.023611 0.009375
