0 0.075195 0.662109 0.100260 0.065430
0 0.261475 0.510742 0.047526 0.025879
0 0.184570 0.483073 0.033854 0.019531
2 0.802979 0.498698 0.044271 0.023926
2 0.654785 0.458333 0.031250 0.016602
2 0.287598 0.438151 0.019531 0.009766
2 0.491455 0.441081 0.025391 0.014160
2 0.389648 0.432292 0.020833 0.010742
0 0.057373 0.472982 0.027995 0.016113
2 0.181396 0.441406 0.019531 0.011230
2 0.144287 0.438151 0.015625 0.010254
2 0.212158 0.425456 0.013672 0.009277
2 0.269287 0.415039 0.013672 0.008301
2 0.363037 0.405273 0.011068 0.006348
2 0.450195 0.399089 0.010417 0.004883
0 0.157715 0.424805 0.012370 0.007813
0 0.010742 0.444987 0.016276 0.010742
0 0.067627 0.435872 0.014974 0.008301
0 0.251709 0.411784 0.009766 0.006348
0 0.358398 0.401693 0.007813 0.004883
1 0.676758 0.385091 0.011068 0.004883
1 0.649902 0.384440 0.011068 0.004883
1 0.641113 0.384440 0.011068 0.004883
