0 0.316162 0.541992 0.065755 0.037598
0 0.409424 0.456706 0.031901 0.019043
2 0.749268 0.541341 0.065755 0.039551
2 0.619873 0.457031 0.033854 0.020020
2 0.580078 0.429362 0.022786 0.011719
2 0.563232 0.413411 0.016927 0.008301
0 0.459717 0.415039 0.016276 0.009277
0 0.442383 0.430013 0.018880 0.010742
2 0.659912 0.420247 0.017578 0.009277
2 0.615479 0.410156 0.016927 0.009277
2 0.760254 0.431315 0.022786 0.012695
2 0.708984 0.408854 0.016927 0.010742
2 0.554688 0.404622 0.014974 0.006836
2 0.868652 0.439128 0.022786 0.013672
2 0.891846 0.421875 0.015625 0.009277
2 0.591309 0.401693 0.013021 0.005859
0 0.469971 0.401693 0.014323 0.007324
2 0.581543 0.396159 0.012370 0.006836
0 0.839600 0.420573 0.018229 0.009277
2 0.673096 0.402018 0.012370 0.007324
2 0.547852 0.399414 0.012370 0.004883
2 0.760498 0.416341 0.016276 0.009277
2 0.651367 0.397135 0.010417 0.006836
0 0.463867 0.407227 0.012370 0.005859
0 0.475586 0.397786 0.007812 0.004883
2 0.543945 0.396159 0.009766 0.004883
2 0.572754 0.394531 0.009115 0.004883
