2 0.614502 0.480469 0.044271 0.024902
2 0.817627 0.527018 0.061849 0.033691
0 0.226318 0.706055 0.117839 0.061035
0 0.205811 0.541341 0.041016 0.045410
0 0.136230 0.515951 0.057943 0.027344
2 0.246826 0.448568 0.031250 0.024902
2 0.388916 0.458659 0.029297 0.016113
2 0.174805 0.444010 0.023438 0.010742
0 0.050049 0.480469 0.028646 0.019043
0 0.015625 0.465820 0.025391 0.012695
2 0.058350 0.436849 0.010417 0.010254
2 0.117920 0.440104 0.016927 0.008301
2 0.928955 0.411458 0.015625 0.008301
2 0.962402 0.423503 0.020182 0.010742
2 0.881836 0.391927 0.009115 0.004883
2 0.087646 0.438802 0.015625 0.010254
2 0.890625 0.396810 0.011068 0.006836
2 0.039307 0.434245 0.011719 0.008301
2 0.023682 0.433268 0.009766 0.006348
2 0.014160 0.433594 0.009115 0.005859
2 0.906494 0.403971 0.011068 0.013184
2 0.872070 0.388997 0.009766 0.004883
0 0.958252 0.396159 0.007161 0.006348
0 0.977539 0.399740 0.009115 0.004883
0 0.939453 0.392578 0.007812 0.004883
0 0.910645 0.389323 0.006510 0.004883
0 0.922852 0.389974 0.006510 0.004883
