0 0.945000 0.662500 0.306250 0.090000
0 0.760625 0.537500 0.237500 0.071250
0 0.493125 0.475000 0.212500 0.058750
2 0.661875 0.265625 0.187500 0.056250
2 0.805625 0.200000 0.193750 0.056250
2 0.029375 0.353125 0.143750 0.046250
0 0.456875 0.356250 0.137500 0.028750
2 0.051250 0.268750 0.106250 0.027500
0 0.246250 0.225000 0.081250 0.022500
0 0.201875 0.185938 0.065625 0.018750
0 0.181875 0.193750 0.075000 0.021250
0 0.157500 0.207813 0.084375 0.022500
1 0.106875 0.245312 0.103125 0.026250
2 0.275625 0.173437 0.065625 0.016250
2 0.253750 0.150000 0.056250 0.012500
0 0.341250 0.131250 0.043750 0.010000
0 0.297500 0.148438 0.040625 0.012500
2 0.468125 0.306250 0.131250 0.013750
2 0.450625 0.143750 0.050000 0.011250
2 0.238750 0.154688 0.059375 0.012500
2 0.391250 0.120313 0.040625 0.010000
