2 0.706787 0.475911 0.040365 0.021973
2 0.857666 0.662435 0.112630 0.068848
0 0.274414 0.497070 0.046224 0.026367
0 0.350342 0.448893 0.029297 0.014160
0 0.337646 0.431966 0.022786 0.010254
2 0.630859 0.444987 0.026693 0.015625
2 0.569824 0.425781 0.019531 0.011719
2 0.414551 0.413086 0.016276 0.007813
0 0.262939 0.428711 0.018880 0.011230
2 0.269775 0.413737 0.014974 0.007324
2 0.182617 0.418294 0.014974 0.008789
0 0.145996 0.430339 0.019531 0.009766
2 0.507813 0.417969 0.016927 0.008789
2 0.133301 0.417969 0.013021 0.007813
2 0.339600 0.411133 0.013672 0.008301
2 0.171875 0.410807 0.011719 0.006836
0 0.104492 0.411133 0.009766 0.005859
0 0.038330 0.431641 0.016927 0.009277
2 0.208984 0.404622 0.011068 0.004883
2 0.352051 0.390625 0.007813 0.004883
0 0.033447 0.419271 0.011719 0.008301
2 0.283203 0.396810 0.009766 0.005859
2 0.415283 0.386393 0.007161 0.005371
0 0.384766 0.385417 0.006510 0.004883
