1 0.093359 0.744444 0.161111 0.066406
0 0.198047 0.627083 0.087500 0.033594
1 0.408203 0.535417 0.045833 0.016406
0 0.315625 0.543056 0.052778 0.018750
0 0.270313 0.576389 0.069444 0.026562
1 0.190625 0.556944 0.044444 0.020313
0 0.044922 0.586111 0.050000 0.019531
0 0.103125 0.562500 0.041667 0.015625
0 0.525391 0.523611 0.050000 0.017969
0 0.617188 0.497222 0.030556 0.012500
0 0.666797 0.502778 0.038889 0.013281
1 0.573828 0.484028 0.026389 0.010156
0 0.375781 0.490972 0.023611 0.007813
0 0.307812 0.498611 0.019444 0.007813
0 0.265625 0.504861 0.015278 0.007813
0 0.126172 0.522917 0.018056 0.008594
1 0.026562 0.569444 0.038889 0.012500
0 0.742188 0.513889 0.047222 0.017188
0 0.607031 0.489583 0.029167 0.010937
0 0.588281 0.471528 0.018056 0.007813
0 0.234375 0.508333 0.019444 0.007813
0 0.597656 0.488194 0.026389 0.007813
1 0.039844 0.520833 0.036111 0.007813
