0 0.277344 0.551107 0.039062 0.070964
2 0.785645 0.579427 0.052734 0.091146
2 0.632812 0.474935 0.026367 0.042318
0 0.436768 0.446289 0.011230 0.022786
0 0.401367 0.469076 0.021484 0.034505
2 0.589844 0.445638 0.013672 0.024089
2 0.784180 0.491536 0.030273 0.049479
2 0.690674 0.455078 0.017090 0.035156
2 0.558838 0.436849 0.010254 0.020833
0 0.208984 0.436849 0.009766 0.015625
0 0.316406 0.434245 0.008789 0.018229
2 0.348633 0.428060 0.009766 0.018880
0 0.365234 0.433268 0.009766 0.018880
2 0.642090 0.442383 0.010742 0.024089
0 0.757324 0.446615 0.013672 0.026042
0 0.841553 0.459310 0.022949 0.034505
0 0.701416 0.434896 0.013184 0.022135
2 0.611572 0.435547 0.011230 0.020833
2 0.531738 0.428385 0.012695 0.022135
0 0.420654 0.433268 0.007324 0.016276
2 0.588379 0.427409 0.008789 0.017578
2 0.571045 0.422526 0.009277 0.016927
2 0.482910 0.427409 0.009766 0.020182
2 0.431885 0.426432 0.010254 0.018229
2 0.259766 0.430990 0.010742 0.019531
0 0.660645 0.427409 0.010742 0.017578
0 0.635254 0.421224 0.008789 0.015625
