0 0.228516 0.572591 0.069661 0.041016
2 0.468262 0.459635 0.032552 0.016602
0 0.165283 0.513021 0.045573 0.020020
2 0.811035 0.549154 0.073568 0.040039
2 0.605469 0.476888 0.046224 0.025391
2 0.282959 0.453776 0.029948 0.016113
0 0.074951 0.500977 0.042318 0.031738
2 0.147705 0.451497 0.021484 0.012207
2 0.859619 0.447591 0.027995 0.018066
2 0.797607 0.423177 0.020833 0.011230
2 0.761475 0.409831 0.016276 0.008301
2 0.743896 0.401693 0.013021 0.006348
2 0.730713 0.395508 0.012370 0.006348
0 0.885010 0.415039 0.017578 0.009277
0 0.847900 0.407227 0.014974 0.008301
2 0.055420 0.452474 0.019531 0.011230
0 0.931885 0.426432 0.018229 0.011230
0 0.823975 0.401367 0.012370 0.006348
0 0.804688 0.397135 0.010417 0.005859
2 0.722168 0.390299 0.011068 0.004883
0 0.787109 0.391927 0.010417 0.004883
2 0.716797 0.387044 0.009766 0.004883
2 0.990723 0.500977 0.051432 0.016602
0 0.752930 0.384766 0.006510 0.004883
0 0.763184 0.386393 0.007161 0.004883
0 0.772949 0.388346 0.008464 0.004883
0 0.745605 0.384766 0.006510 0.004883
