2 0.555625 0.462838 0.057432 0.031250
0 0.136250 0.540541 0.091216 0.062500
0 0.177500 0.470439 0.055743 0.027500
2 0.476875 0.430743 0.040541 0.021250
0 0.152500 0.441723 0.038851 0.020000
2 0.750625 0.548142 0.113176 0.043750
2 0.376250 0.409628 0.032095 0.020000
0 0.021875 0.417230 0.027027 0.013750
0 0.084375 0.428209 0.032095 0.018750
2 0.256250 0.399493 0.028716 0.015000
2 0.048125 0.387669 0.018581 0.011250
2 0.142500 0.392736 0.021959 0.015000
1 0.373125 0.354730 0.016892 0.011250
1 0.751250 0.352196 0.018581 0.010000
