2 0.900879 0.606120 0.054688 0.087240
2 0.454590 0.466146 0.020508 0.036458
2 0.754395 0.500000 0.034180 0.054688
2 0.320801 0.560221 0.051758 0.099609
2 0.491699 0.439128 0.015625 0.026693
2 0.664551 0.436523 0.014648 0.027995
2 0.288086 0.433919 0.010742 0.018880
2 0.055176 0.467773 0.019531 0.027995
2 0.459717 0.430013 0.011230 0.018880
2 0.516602 0.418945 0.008789 0.016276
2 0.638672 0.417969 0.010742 0.019531
2 0.412109 0.415039 0.009766 0.013672
2 0.476074 0.404948 0.006836 0.011719
2 0.528076 0.410482 0.008301 0.014974
2 0.537598 0.399740 0.006836 0.011719
2 0.265625 0.424479 0.008789 0.015625
2 0.622314 0.406901 0.007324 0.014323
2 0.147461 0.416341 0.008789 0.014974
2 0.271240 0.421549 0.007324 0.013672
2 0.308838 0.397135 0.006348 0.009115
2 0.065430 0.435872 0.010742 0.016276
2 0.410156 0.394206 0.007813 0.011068
2 0.339844 0.402018 0.006836 0.009766
2 0.396973 0.390299 0.004883 0.007161
2 0.543945 0.397135 0.004883 0.009115
2 0.615723 0.401693 0.004883 0.010417
