1 0.035156 0.439128 0.009766 0.006836
1 0.078857 0.440755 0.013021 0.008301
1 0.082520 0.432292 0.007812 0.004883
1 0.119385 0.433268 0.011068 0.005371
1 0.123779 0.424154 0.008464 0.006348
1 0.160645 0.425781 0.009115 0.005859
1 0.158203 0.419271 0.006510 0.004883
1 0.179199 0.416667 0.006510 0.004883
1 0.191406 0.419922 0.007812 0.004883
0 0.195312 0.412760 0.006510 0.004883
1 0.209473 0.410156 0.006510 0.004883
1 0.211426 0.415039 0.007161 0.004883
1 0.219238 0.408203 0.006510 0.004883
0 0.228516 0.412760 0.006510 0.004883
1 0.232910 0.406250 0.006510 0.004883
1 0.239746 0.409505 0.006510 0.004883
1 0.250488 0.408203 0.006510 0.004883
1 0.242676 0.405599 0.006510 0.004883
