0 0.348145 0.519206 0.055339 0.029297
2 0.705078 0.516602 0.051432 0.028320
2 0.610596 0.454427 0.029948 0.016113
0 0.417969 0.455404 0.030599 0.016602
2 0.705078 0.436849 0.020833 0.010742
2 0.643555 0.424154 0.017578 0.010742
2 0.577881 0.427083 0.019531 0.011230
0 0.751465 0.420898 0.016276 0.007813
2 0.848145 0.455729 0.028646 0.018555
0 0.820068 0.430013 0.020182 0.013184
0 0.446777 0.429688 0.018229 0.009766
2 0.559814 0.416016 0.015625 0.009277
0 0.460693 0.410156 0.011719 0.005371
2 0.605225 0.411133 0.013672 0.007324
2 0.590088 0.403971 0.011068 0.006348
2 0.552246 0.407552 0.013021 0.006836
0 0.700195 0.411133 0.014974 0.006836
0 0.453369 0.417318 0.015625 0.005371
2 0.546387 0.403320 0.011068 0.004883
0 0.671387 0.404622 0.011068 0.004883
0 0.928955 0.436523 0.021484 0.012207
0 0.983398 0.436523 0.020182 0.013672
0 0.649170 0.400391 0.011719 0.006348
2 0.577881 0.401367 0.012370 0.007324
