0 0.046875 0.759722 0.067187 0.155556
0 0.324609 0.542361 0.021094 0.051389
0 0.380859 0.502778 0.011719 0.036111
0 0.724609 0.472222 0.010156 0.030556
1 0.676172 0.460417 0.017969 0.062500
1 0.625000 0.461806 0.020313 0.068056
0 0.570313 0.481944 0.012500 0.030556
1 0.352734 0.468750 0.017969 0.059722
0 0.419141 0.479861 0.010156 0.029167
1 0.392969 0.463889 0.015625 0.063889
0 0.437891 0.465972 0.007031 0.020833
0 0.543359 0.471528 0.008594 0.023611
0 0.531641 0.459722 0.007031 0.022222
1 0.425391 0.445833 0.007031 0.025000
1 0.407813 0.450000 0.007813 0.016667
0 0.742969 0.450694 0.007813 0.020833
0 0.450391 0.455556 0.007031 0.013889
0 0.748828 0.440278 0.007031 0.013889
0 0.520312 0.451389 0.007813 0.013889
