0 0.536133 0.438802 0.010742 0.020833
0 0.601563 0.427734 0.009766 0.018229
0 0.434814 0.479167 0.020020 0.039063
2 0.774902 0.497396 0.020508 0.044271
2 0.735107 0.457682 0.014160 0.028646
2 0.733887 0.437500 0.009766 0.018229
2 0.795410 0.430013 0.007813 0.014974
1 0.080078 0.488932 0.041992 0.029948
1 0.521240 0.418620 0.016113 0.015625
0 0.675781 0.420247 0.005859 0.012370
1 0.504395 0.415690 0.008789 0.021484
2 0.854980 0.430664 0.007813 0.014974
1 0.646729 0.405599 0.006348 0.011719
2 0.923584 0.434570 0.007324 0.011068
0 0.883301 0.426107 0.004883 0.008464
0 0.825195 0.422201 0.004883 0.009766
0 0.933105 0.427409 0.004883 0.007161
2 0.922363 0.427734 0.004883 0.006510
2 0.924805 0.421549 0.004883 0.007161
0 0.907227 0.423177 0.004883 0.006510
2 0.880371 0.417969 0.004883 0.006510
0 0.860840 0.417969 0.004883 0.006510
2 0.856934 0.414714 0.004883 0.006510
0 0.753418 0.419596 0.004883 0.009766
1 0.610596 0.408529 0.006348 0.013672
2 0.631836 0.403320 0.004883 0.008464
2 0.636230 0.402669 0.004883 0.009766
0 0.639648 0.403320 0.004883 0.007161
0 0.659180 0.405599 0.004883 0.006510
