2 0.687500 0.532939 0.140203 0.082500
2 0.345625 0.553209 0.187500 0.096250
2 0.880625 0.515203 0.104730 0.063750
2 0.570625 0.475507 0.032095 0.016250
2 0.488750 0.476351 0.030405 0.015000
0 0.458750 0.472973 0.027027 0.010000
0 0.556875 0.469595 0.020270 0.011250
2 0.628125 0.473818 0.025338 0.016250
0 0.517500 0.472128 0.021959 0.010000
2 0.395000 0.478041 0.033784 0.017500
2 0.226250 0.478885 0.032095 0.015000
0 0.244375 0.473818 0.021959 0.011250
0 0.184375 0.472973 0.020270 0.011250
2 0.170625 0.478041 0.027027 0.013750
0 0.600625 0.467061 0.025338 0.011250
2 0.740000 0.473818 0.025338 0.015000
2 0.081875 0.476351 0.023649 0.013750
2 0.968750 0.471284 0.023649 0.015000
0 0.985625 0.463682 0.021959 0.011250
2 0.830000 0.471284 0.023649 0.017500
0 0.920625 0.467905 0.023649 0.008750
0 0.751875 0.467061 0.021959 0.011250
0 0.812500 0.467061 0.021959 0.010000
2 0.130625 0.476351 0.030405 0.016250
2 0.036250 0.475507 0.021959 0.012500
0 0.117500 0.474662 0.020270 0.015000
0 0.063750 0.472973 0.020270 0.010000
0 0.368750 0.473818 0.028716 0.012500
2 0.671250 0.471284 0.027027 0.015000
