2 0.696533 0.574544 0.043457 0.077474
2 0.364990 0.479492 0.022949 0.037109
2 0.415039 0.439779 0.012695 0.021484
2 0.048828 0.715495 0.086914 0.132813
2 0.545410 0.436849 0.010742 0.019531
2 0.439453 0.425130 0.007813 0.015625
2 0.177979 0.459310 0.017090 0.027995
2 0.146484 0.438151 0.008789 0.018229
2 0.463379 0.416667 0.005859 0.009115
2 0.475098 0.415365 0.004883 0.009115
2 0.455322 0.418294 0.005371 0.011068
2 0.086670 0.429362 0.006348 0.012370
2 0.105957 0.431641 0.006836 0.014323
2 0.153809 0.422852 0.006836 0.012370
2 0.209717 0.423828 0.006348 0.010417
2 0.374512 0.420898 0.006836 0.013672
2 0.532959 0.424805 0.006348 0.016276
2 0.526367 0.420247 0.004883 0.011068
