2 0.684326 0.517578 0.053385 0.029785
0 0.336182 0.522786 0.057292 0.030762
0 0.411133 0.458984 0.031250 0.016602
2 0.596924 0.457031 0.029948 0.016113
2 0.571533 0.432292 0.019531 0.012207
0 0.449707 0.423503 0.013672 0.008789
2 0.555176 0.420247 0.016276 0.010742
1 0.457031 0.412435 0.021484 0.007812
0 0.442383 0.436198 0.019531 0.011719
1 0.545654 0.411133 0.020182 0.005371
1 0.473633 0.406576 0.008464 0.004883
1 0.538086 0.408529 0.008464 0.004883
1 0.464844 0.410482 0.009766 0.005859
1 0.542480 0.408203 0.016927 0.004883
1 0.469482 0.408854 0.009115 0.005371
1 0.533203 0.405924 0.009766 0.004883
1 0.478516 0.402995 0.006510 0.004883
