0 0.420000 0.501563 0.078125 0.042500
0 0.493125 0.367188 0.065625 0.018750
2 0.060625 0.667188 0.171875 0.068750
2 0.945000 0.620313 0.165625 0.052500
0 0.822500 0.423438 0.096875 0.027500
2 0.869375 0.407813 0.053125 0.043750
2 0.679375 0.226562 0.078125 0.018750
0 0.280625 0.356250 0.075000 0.023750
2 0.418750 0.370312 0.059375 0.015000
0 0.800625 0.339062 0.059375 0.021250
1 0.513750 0.348438 0.053125 0.015000
1 0.585625 0.304688 0.028125 0.008750
2 0.541250 0.320312 0.040625 0.010000
0 0.410625 0.335938 0.046875 0.011250
2 0.566875 0.307812 0.034375 0.008750
2 0.612500 0.301563 0.028125 0.007500
