2 0.662500 0.484375 0.162500 0.045000
2 0.954375 0.871875 0.250000 0.073750
0 0.726875 0.287500 0.087500 0.023750
0 0.397500 0.268750 0.081250 0.017500
0 0.169375 0.337500 0.075000 0.041250
2 0.933750 0.387500 0.143750 0.037500
2 0.569375 0.240625 0.062500 0.013750
0 0.688125 0.250000 0.081250 0.018750
2 0.413125 0.240625 0.068750 0.013750
2 0.272500 0.235937 0.059375 0.012500
1 0.292500 0.210938 0.065625 0.015000
2 0.192500 0.259375 0.068750 0.017500
1 0.014375 0.264062 0.065625 0.016250
0 0.043125 0.250000 0.056250 0.016250
1 0.990625 0.268750 0.081250 0.016250
