0 0.774219 0.531944 0.058333 0.021875
1 0.934766 0.511806 0.079167 0.036719
0 0.759766 0.639583 0.118056 0.049219
0 0.741016 0.516667 0.044444 0.014844
0 0.866406 0.500694 0.059722 0.028125
0 0.703125 0.559028 0.051389 0.021875
0 0.458594 0.625000 0.047222 0.018750
0 0.536328 0.609722 0.047222 0.019531
0 0.687109 0.537500 0.036111 0.014844
0 0.711719 0.503472 0.023611 0.009375
0 0.502344 0.599306 0.031944 0.012500
0 0.767188 0.481250 0.020833 0.007812
0 0.935547 0.467361 0.056944 0.019531
1 0.453516 0.757639 0.115278 0.041406
0 0.036719 0.713194 0.018056 0.007812
0 0.110937 0.699306 0.018056 0.007812
0 0.083594 0.704167 0.019444 0.007812
0 0.060547 0.711111 0.019444 0.008594
1 0.027734 0.707639 0.037500 0.008594
0 0.791797 0.475000 0.027778 0.010156
0 0.446875 0.613194 0.034722 0.012500
0 0.004297 0.744444 0.022222 0.008594
