2 0.301514 0.576497 0.045410 0.081380
2 0.661377 0.473307 0.020996 0.044271
2 0.445313 0.431315 0.011719 0.020182
2 0.964600 0.691732 0.066895 0.136068
2 0.423340 0.452474 0.016602 0.029948
2 0.459229 0.421875 0.008301 0.015625
2 0.575439 0.424479 0.010254 0.016927
2 0.835693 0.438802 0.014160 0.023438
2 0.586914 0.416016 0.007813 0.013021
2 0.546143 0.413737 0.005371 0.011068
2 0.471191 0.411458 0.004883 0.010417
2 0.579346 0.410156 0.005371 0.010417
2 0.646973 0.407878 0.004883 0.009766
2 0.820557 0.417969 0.007324 0.013021
2 0.706543 0.413411 0.007813 0.013021
2 0.532227 0.408203 0.004883 0.007813
2 0.722168 0.411133 0.004883 0.009766
2 0.755859 0.409831 0.004883 0.007161
2 0.465820 0.415690 0.005859 0.012370
2 0.842285 0.416016 0.006836 0.011719
2 0.804443 0.413086 0.005371 0.009766
2 0.600586 0.404622 0.004883 0.007161
2 0.607910 0.400716 0.004883 0.007161
2 0.541992 0.411458 0.004883 0.011719
2 0.949463 0.419922 0.007324 0.013021
2 0.795410 0.410156 0.004883 0.009115
2 0.652832 0.407552 0.004883 0.009115
2 0.475586 0.408203 0.004883 0.009115
2 0.762207 0.408203 0.004883 0.007813
2 0.714355 0.402669 0.004883 0.007161
