0 0.818750 0.593750 0.212500 0.065000
2 0.959375 0.757812 0.315625 0.078750
2 0.715625 0.484375 0.150000 0.048750
2 0.150000 0.501563 0.134375 0.037500
0 0.271250 0.371875 0.087500 0.020000
1 0.053750 0.304688 0.159375 0.037500
0 0.316875 0.334375 0.093750 0.018750
0 0.633750 0.434375 0.125000 0.025000
0 0.009375 0.262500 0.118750 0.018750
2 0.105000 0.500000 0.150000 0.032500
2 0.795625 0.512500 0.181250 0.048750
0 0.605000 0.487500 0.093750 0.047500
2 0.183125 0.446875 0.156250 0.023750
0 0.545625 0.312500 0.100000 0.023750
0 0.334375 0.364063 0.059375 0.021250
2 0.563750 0.300000 0.112500 0.017500
