2 0.355859 0.559028 0.059722 0.024219
2 0.350391 0.485417 0.034722 0.013281
2 0.672656 0.429861 0.045833 0.015625
2 0.527734 0.411111 0.027778 0.008594
2 0.305859 0.474306 0.026389 0.010156
2 0.249609 0.487500 0.025000 0.010156
2 0.199219 0.510417 0.026389 0.009375
2 0.982031 0.370833 0.033333 0.014063
2 0.819141 0.361806 0.026389 0.011719
2 0.992188 0.351389 0.025000 0.009375
2 0.101172 0.556250 0.029167 0.010156
2 0.414844 0.422222 0.019444 0.007812
2 0.702734 0.359722 0.019444 0.007031
2 0.882031 0.343056 0.019444 0.007812
2 0.660547 0.357639 0.015278 0.007031
2 0.337500 0.440278 0.016667 0.007812
