0 0.177002 0.435547 0.015625 0.007324
0 0.100342 0.448568 0.023438 0.014160
2 0.090088 0.437500 0.014323 0.008301
2 0.220215 0.419922 0.011719 0.006836
2 0.255859 0.414062 0.009115 0.005859
0 0.284180 0.416992 0.009766 0.004883
2 0.308350 0.405273 0.009766 0.005371
0 0.242432 0.424805 0.012370 0.007324
2 0.170654 0.426758 0.013672 0.007324
2 0.286133 0.408529 0.009766 0.004883
0 0.332764 0.408854 0.009115 0.005371
0 0.327637 0.401693 0.007812 0.004883
0 0.313232 0.410482 0.011068 0.005371
0 0.350098 0.404622 0.008464 0.004883
0 0.363770 0.403646 0.007812 0.004883
0 0.373535 0.401367 0.007161 0.004883
2 0.341797 0.399089 0.006510 0.004883
2 0.354004 0.397786 0.006510 0.004883
