2 0.244141 0.683333 0.042969 0.097222
2 0.686719 0.585417 0.037500 0.087500
2 0.490234 0.476389 0.016406 0.038889
2 0.300000 0.577083 0.023438 0.068056
2 0.282422 0.519444 0.017969 0.041667
2 0.192188 0.500000 0.007812 0.027778
2 0.252344 0.493750 0.007812 0.029167
2 0.307812 0.452083 0.007812 0.018056
2 0.336328 0.456250 0.008594 0.020833
2 0.139063 0.508333 0.007812 0.027778
2 0.839844 0.406944 0.007812 0.019444
2 0.991406 0.420833 0.007812 0.022222
2 0.377344 0.459722 0.010937 0.025000
2 0.288281 0.450694 0.007812 0.015278
