2 0.125732 0.622721 0.095703 0.063965
2 0.326172 0.495117 0.050130 0.028320
2 0.580078 0.437174 0.022786 0.012695
2 0.640137 0.483724 0.040365 0.020508
2 0.319824 0.450521 0.031250 0.018555
2 0.437256 0.421549 0.020182 0.012207
2 0.562500 0.421224 0.016927 0.007813
2 0.551514 0.413411 0.014323 0.007324
2 0.950439 0.771810 0.151693 0.097168
2 0.466064 0.408203 0.011719 0.005371
2 0.476074 0.405924 0.011068 0.004883
2 0.541016 0.408854 0.011719 0.004883
2 0.384521 0.406250 0.010417 0.005371
2 0.314941 0.409831 0.012370 0.006836
2 0.214600 0.406250 0.009115 0.005371
2 0.024902 0.431966 0.022786 0.012695
2 0.077637 0.415039 0.014974 0.008789
