2 0.716797 0.482096 0.018555 0.035807
2 0.670166 0.451823 0.014160 0.024740
0 0.413818 0.464518 0.015137 0.029297
0 0.526611 0.425130 0.008301 0.015625
0 0.450928 0.438477 0.010254 0.020182
2 0.676270 0.435221 0.007812 0.017578
2 0.697266 0.423503 0.007812 0.016276
0 0.653809 0.405273 0.004883 0.008464
2 0.742432 0.411458 0.005371 0.010417
0 0.598877 0.413086 0.006348 0.012370
2 0.772217 0.408203 0.005371 0.010417
2 0.711914 0.416341 0.006836 0.012370
0 0.717773 0.402018 0.004883 0.007161
0 0.754395 0.402995 0.004883 0.006510
1 0.801758 0.402018 0.004883 0.007161
2 0.808594 0.405924 0.004883 0.008464
2 0.847900 0.404948 0.005371 0.007812
2 0.883789 0.405599 0.004883 0.007812
