2 0.633125 0.431588 0.023750 0.042230
0 0.197500 0.571791 0.062500 0.096284
0 0.290625 0.504223 0.038750 0.072635
2 0.736250 0.476351 0.040000 0.067568
2 0.593750 0.407939 0.017500 0.028716
0 0.358750 0.409628 0.012500 0.032095
0 0.325625 0.434122 0.021250 0.040541
2 0.575625 0.395270 0.013750 0.027027
2 0.543750 0.385980 0.012500 0.025338
0 0.345625 0.383446 0.008750 0.016892
2 0.503125 0.380912 0.008750 0.018581
0 0.371250 0.399493 0.012500 0.025338
0 0.305000 0.380912 0.010000 0.018581
0 0.241875 0.381757 0.008750 0.016892
2 0.200625 0.379223 0.008750 0.015203
2 0.440000 0.377534 0.007500 0.015203
