0 0.226074 0.572591 0.073568 0.039063
0 0.168213 0.511068 0.045573 0.027832
2 0.612549 0.477214 0.040365 0.023926
2 0.477295 0.456706 0.030599 0.017090
2 0.292725 0.454427 0.028646 0.016113
2 0.813965 0.545573 0.066406 0.034180
0 0.089355 0.501628 0.037109 0.021484
2 0.153564 0.452474 0.022135 0.011230
2 0.862549 0.448568 0.026042 0.016113
2 0.803467 0.425456 0.020182 0.010254
2 0.764404 0.410807 0.015625 0.008301
2 0.064453 0.454427 0.019531 0.010742
0 0.936523 0.427734 0.019531 0.010742
0 0.887695 0.417969 0.015625 0.007813
0 0.826660 0.402669 0.012370 0.006836
0 0.854736 0.408203 0.015625 0.005371
0 0.807617 0.398438 0.010417 0.004883
0 0.790039 0.393229 0.009115 0.004883
0 0.779785 0.390299 0.008464 0.004883
2 0.746582 0.402995 0.009115 0.007813
2 0.732910 0.396484 0.011719 0.005859
2 0.725098 0.391927 0.009115 0.004883
0 0.755371 0.386719 0.006510 0.004883
