0 0.246094 0.520139 0.018750 0.056944
0 0.016797 0.580556 0.017969 0.050000
2 0.410156 0.462500 0.014063 0.036111
2 0.646484 0.440278 0.011719 0.036111
2 0.647656 0.414583 0.010937 0.026389
2 0.672656 0.413194 0.010937 0.029167
2 0.392188 0.433333 0.009375 0.025000
2 0.701172 0.409028 0.010156 0.026389
2 0.752344 0.402778 0.010937 0.027778
2 0.775000 0.401389 0.009375 0.025000
2 0.416797 0.430556 0.010156 0.025000
1 0.834375 0.404167 0.007812 0.025000
2 0.729688 0.406944 0.009375 0.025000
1 0.339062 0.435417 0.017188 0.051389
1 0.357812 0.428472 0.012500 0.043056
2 0.475391 0.410417 0.008594 0.018056
2 0.607422 0.402778 0.010156 0.022222
1 0.825000 0.395139 0.010937 0.029167
2 0.626563 0.391667 0.007812 0.013889
2 0.552344 0.380556 0.007812 0.013889
2 0.454688 0.389583 0.007812 0.015278
2 0.492188 0.400694 0.007812 0.018056
1 0.816406 0.397917 0.007812 0.023611
