2 0.413125 0.539696 0.173986 0.098750
2 0.538750 0.515203 0.108108 0.050000
0 0.916250 0.523649 0.064189 0.037500
0 0.852500 0.516892 0.050676 0.027500
0 0.749375 0.508446 0.040541 0.021250
2 0.609375 0.507601 0.072635 0.033750
2 0.631875 0.505068 0.064189 0.023750
2 0.286875 0.483953 0.042230 0.021250
0 0.240000 0.483953 0.032095 0.015000
2 0.183125 0.482264 0.038851 0.018750
0 0.150000 0.479730 0.033784 0.017500
2 0.491250 0.493243 0.043919 0.020000
0 0.340000 0.487331 0.032095 0.015000
0 0.581875 0.496622 0.037162 0.013750
2 0.051875 0.476351 0.040541 0.021250
0 0.065000 0.476351 0.030405 0.010000
