2 0.589375 0.482812 0.103125 0.028750
0 0.540000 0.387500 0.062500 0.017500
2 0.519375 0.350000 0.050000 0.013750
0 0.371250 0.425000 0.081250 0.022500
0 0.711875 0.698438 0.203125 0.063750
0 0.398125 0.356250 0.056250 0.016250
2 0.503750 0.314063 0.034375 0.007500
0 0.443750 0.295312 0.028125 0.007500
0 0.492500 0.301563 0.028125 0.007500
2 0.422500 0.304688 0.034375 0.007500
0 0.427500 0.289062 0.021875 0.007500
2 0.315625 0.560937 0.103125 0.051250
2 0.480000 0.282813 0.028125 0.007500
2 0.505000 0.300000 0.018750 0.007500
0 0.470000 0.281250 0.018750 0.007500
