1 0.175293 0.624349 0.082031 0.167969
0 0.305664 0.533854 0.040039 0.065104
2 0.688232 0.517904 0.031738 0.054036
2 0.610352 0.464844 0.020508 0.035156
0 0.387451 0.461263 0.017090 0.033203
1 0.846436 0.640299 0.098145 0.182943
0 0.429688 0.424479 0.010742 0.019531
2 0.562744 0.427083 0.013184 0.020833
2 0.547852 0.414714 0.008789 0.014323
0 0.444092 0.413411 0.007324 0.013021
2 0.538086 0.407552 0.006836 0.013021
2 0.529541 0.401042 0.005371 0.013021
0 0.455566 0.401042 0.006836 0.011719
0 0.449463 0.406576 0.006348 0.013672
2 0.525391 0.396484 0.004883 0.009115
2 0.522461 0.392904 0.004883 0.008464
