1 0.845573 0.719444 0.071354 0.175926
1 0.329167 0.410185 0.019792 0.048148
1 0.359635 0.381481 0.016146 0.042593
1 0.636198 0.410648 0.020313 0.050926
1 0.571615 0.362037 0.014063 0.037037
1 0.330729 0.363426 0.014583 0.036111
1 0.281510 0.362037 0.013021 0.031481
1 0.514062 0.331944 0.012500 0.028704
1 0.225781 0.362500 0.014063 0.034259
1 0.280208 0.323148 0.008333 0.018519
1 0.156771 0.340278 0.009375 0.023148
1 0.427604 0.318981 0.011458 0.026852
1 0.725260 0.324537 0.009896 0.030556
1 0.681250 0.303241 0.005208 0.019444
1 0.602604 0.302315 0.007292 0.019444
1 0.702865 0.318056 0.008854 0.015741
1 0.105729 0.368519 0.008333 0.024074
1 0.004948 0.385648 0.007812 0.023148
1 0.748177 0.339352 0.007812 0.021296
1 0.046094 0.356019 0.006771 0.017593
