2 0.131875 0.580236 0.141250 0.224662
2 0.453125 0.518581 0.058750 0.104730
2 0.631875 0.504223 0.036250 0.076014
2 0.771875 0.498311 0.033750 0.064189
2 0.937500 0.497466 0.032500 0.062500
2 0.817500 0.479730 0.012500 0.023649
2 0.741250 0.477196 0.012500 0.025338
2 0.027500 0.469595 0.022500 0.033784
2 0.396875 0.467061 0.011250 0.021959
2 0.109375 0.466216 0.011250 0.027027
2 0.180625 0.463682 0.011250 0.018581
2 0.096875 0.468750 0.013750 0.028716
2 0.213750 0.463682 0.010000 0.018581
0 0.726250 0.478041 0.007500 0.016892
2 0.497500 0.471284 0.012500 0.023649
2 0.988750 0.483953 0.015000 0.025338
2 0.903750 0.481419 0.015000 0.027027
0 0.873750 0.480574 0.012500 0.021959
0 0.798125 0.477196 0.011250 0.021959
2 0.585000 0.473818 0.010000 0.018581
0 0.661250 0.476351 0.007500 0.013514
2 0.341875 0.466216 0.011250 0.016892
0 0.544375 0.472973 0.008750 0.013514
0 0.326250 0.466216 0.007500 0.013514
2 0.300000 0.466216 0.010000 0.016892
2 0.255625 0.465372 0.008750 0.015203
