1 0.708252 0.505859 0.029785 0.052083
1 0.353027 0.499349 0.028320 0.046875
1 0.417480 0.444661 0.016602 0.029948
1 0.626221 0.446615 0.016113 0.027344
1 0.603271 0.426107 0.011230 0.018880
1 0.578613 0.414388 0.008789 0.013672
1 0.448242 0.424805 0.010742 0.018880
1 0.465820 0.413737 0.007812 0.013672
1 0.562012 0.406250 0.005859 0.011719
1 0.477539 0.402669 0.004883 0.008464
1 0.554688 0.401693 0.004883 0.009115
1 0.472656 0.408203 0.007812 0.013021
1 0.541992 0.394857 0.004883 0.009766
1 0.032471 0.769531 0.064941 0.171875
1 0.546875 0.397461 0.004883 0.011068
1 0.538086 0.393229 0.004883 0.009115
