2 0.757568 0.524089 0.055990 0.026855
2 0.652588 0.462240 0.035156 0.019043
2 0.610840 0.440430 0.022786 0.011719
2 0.700928 0.444336 0.021484 0.011230
0 0.419678 0.460612 0.031901 0.019043
2 0.634521 0.424479 0.014323 0.007324
0 0.346436 0.532227 0.063151 0.035645
0 0.484863 0.417318 0.013021 0.005859
2 0.657227 0.429362 0.018880 0.009766
2 0.799805 0.476237 0.034505 0.019531
0 0.441162 0.438802 0.022135 0.012207
2 0.587158 0.428385 0.016927 0.009277
2 0.578369 0.423828 0.014323 0.008301
0 0.771729 0.429036 0.014323 0.007324
0 0.712158 0.423177 0.011719 0.006348
0 0.861572 0.449219 0.022135 0.013184
0 0.807617 0.436523 0.017578 0.009766
2 0.596191 0.421224 0.014323 0.008789
0 0.447510 0.428385 0.015625 0.007324
0 0.550049 0.415039 0.009766 0.006348
0 0.451172 0.422201 0.014974 0.006836
