2 0.333594 0.650694 0.032813 0.087500
2 0.795703 0.558333 0.030469 0.069444
2 0.585547 0.477778 0.011719 0.036111
2 0.472266 0.465278 0.008594 0.027778
2 0.376563 0.522222 0.012500 0.041667
2 0.337500 0.498611 0.010937 0.033333
2 0.314063 0.489583 0.007812 0.026389
2 0.366016 0.459722 0.007031 0.022222
2 0.259375 0.487500 0.007812 0.022222
2 0.274219 0.467361 0.007812 0.018056
2 0.202344 0.490278 0.007812 0.019444
2 0.905469 0.444444 0.009375 0.030556
2 0.839844 0.425000 0.009375 0.025000
2 0.146094 0.504861 0.007812 0.020833
2 0.230469 0.472222 0.007812 0.016667
2 0.193750 0.477083 0.007812 0.015278
2 0.088281 0.515972 0.007812 0.020833
2 0.946484 0.421528 0.011719 0.023611
2 0.824219 0.418750 0.007812 0.020833
2 0.043359 0.521528 0.008594 0.018056
2 0.129688 0.490972 0.007812 0.018056
