1 0.199951 0.619466 0.166016 0.074707
0 0.315918 0.533854 0.061198 0.034180
2 0.609619 0.464193 0.035156 0.022949
1 0.849609 0.628906 0.177083 0.088867
2 0.689209 0.515299 0.057943 0.032715
0 0.389648 0.461589 0.035156 0.017578
0 0.427246 0.424805 0.020182 0.010742
2 0.560547 0.427083 0.020833 0.011719
1 0.048096 0.820964 0.281250 0.096191
2 0.544189 0.414062 0.016927 0.009277
2 0.533447 0.407227 0.013672 0.005371
0 0.440430 0.411784 0.013672 0.006836
0 0.445312 0.406576 0.011068 0.005859
2 0.524902 0.400391 0.011719 0.004883
0 0.451172 0.401042 0.009115 0.004883
1 0.970703 0.809896 0.132812 0.058594
