0 0.362891 0.507639 0.045833 0.014844
0 0.844141 0.550694 0.070833 0.022656
0 0.769922 0.481944 0.044444 0.014844
0 0.221094 0.669444 0.100000 0.039062
1 0.584766 0.422222 0.038889 0.011719
0 0.412500 0.461806 0.029167 0.009375
0 0.762891 0.449306 0.026389 0.010156
0 0.650781 0.428472 0.020833 0.007812
1 0.618359 0.420833 0.038889 0.011719
0 0.550391 0.429861 0.023611 0.008594
0 0.451172 0.430556 0.019444 0.008594
0 0.535156 0.422917 0.020833 0.007812
0 0.432812 0.443056 0.025000 0.007812
1 0.406641 0.428472 0.034722 0.010156
0 0.766797 0.434028 0.023611 0.008594
1 0.433594 0.421528 0.031944 0.010937
0 0.463281 0.420833 0.016667 0.007812
1 0.450000 0.405556 0.025000 0.007812
