0 0.262207 0.513997 0.052734 0.026367
2 0.820313 0.502279 0.050130 0.018555
0 0.055420 0.673177 0.114583 0.068848
0 0.188965 0.485026 0.044271 0.024414
2 0.501465 0.442057 0.023438 0.011719
2 0.665039 0.458984 0.031250 0.018555
0 0.066162 0.474609 0.026042 0.017090
2 0.399414 0.433919 0.021484 0.011719
2 0.296875 0.438802 0.019531 0.011719
2 0.191650 0.442057 0.020833 0.011230
2 0.223145 0.426432 0.013021 0.007813
2 0.541016 0.393555 0.008464 0.004883
0 0.506836 0.391602 0.007161 0.004883
0 0.454590 0.394857 0.007161 0.004883
2 0.374756 0.405924 0.011068 0.005371
0 0.169922 0.426107 0.009766 0.004883
2 0.281250 0.416016 0.010417 0.005859
0 0.026367 0.446940 0.013672 0.008789
0 0.081543 0.436523 0.012370 0.007813
2 0.155029 0.438802 0.016927 0.009277
2 0.461426 0.399414 0.009766 0.005859
