2 0.638672 0.496094 0.044271 0.025391
2 0.386475 0.464193 0.029948 0.017090
2 0.432617 0.440104 0.020833 0.010742
2 0.569336 0.443359 0.022135 0.010742
2 0.911865 0.740560 0.137370 0.097168
2 0.341797 0.433919 0.016276 0.008789
2 0.234863 0.452799 0.020182 0.012695
2 0.555176 0.430339 0.018229 0.010742
2 0.457764 0.421549 0.011068 0.005371
2 0.534668 0.412109 0.010417 0.004883
2 0.545898 0.424805 0.013672 0.005859
2 0.436035 0.411133 0.007161 0.004883
2 0.375977 0.422201 0.012370 0.005859
2 0.409180 0.410482 0.008464 0.004883
2 0.442383 0.405924 0.008464 0.004883
2 0.185303 0.435221 0.012370 0.007324
2 0.541504 0.418945 0.012370 0.004883
2 0.527344 0.407878 0.009766 0.004883
2 0.495117 0.406576 0.009766 0.004883
