2 0.190000 0.542230 0.095000 0.152027
2 0.402500 0.508446 0.045000 0.084459
2 0.552500 0.495777 0.032500 0.069257
2 0.672500 0.489865 0.030000 0.057432
2 0.813125 0.489020 0.026250 0.052365
0 0.978750 0.502534 0.040000 0.092905
2 0.735625 0.472973 0.011250 0.020270
0 0.913750 0.480574 0.010000 0.018581
2 0.885625 0.477196 0.011250 0.025338
2 0.579375 0.471284 0.013750 0.023649
0 0.788750 0.476351 0.012500 0.020270
2 0.341250 0.465372 0.012500 0.021959
0 0.655000 0.472128 0.007500 0.018581
2 0.523125 0.470439 0.011250 0.021959
2 0.047500 0.468750 0.015000 0.028716
2 0.088125 0.461993 0.008750 0.018581
0 0.853125 0.477196 0.011250 0.018581
2 0.123750 0.460304 0.010000 0.021959
0 0.483125 0.471284 0.008750 0.016892
2 0.438125 0.467061 0.011250 0.021959
2 0.157500 0.462838 0.012500 0.016892
2 0.243750 0.463682 0.012500 0.018581
0 0.720000 0.474662 0.012500 0.020270
0 0.270625 0.465372 0.011250 0.015203
2 0.286250 0.462838 0.012500 0.016892
