1 0.791260 0.603516 0.157552 0.074707
2 0.665039 0.506510 0.050781 0.032227
1 0.204590 0.590495 0.144531 0.062500
0 0.313232 0.520182 0.061198 0.034668
1 0.907471 0.704427 0.226563 0.108887
2 0.598877 0.460612 0.031901 0.019043
0 0.387695 0.455404 0.037109 0.017578
0 0.427734 0.422201 0.022786 0.011719
2 0.557617 0.425781 0.020833 0.010742
1 0.055420 0.728516 0.234375 0.107910
2 0.543945 0.413411 0.015625 0.008789
2 0.533936 0.406576 0.012370 0.005371
0 0.441895 0.411458 0.011719 0.006836
2 0.526367 0.400391 0.009115 0.004883
0 0.447754 0.405924 0.009766 0.004883
0 0.453613 0.400716 0.008464 0.004883
2 0.522461 0.396159 0.008464 0.004883
2 0.520264 0.392253 0.008464 0.005371
