2 0.268125 0.543750 0.143750 0.046250
2 0.548750 0.382812 0.078125 0.022500
2 0.508125 0.335938 0.059375 0.016250
2 0.288750 0.351562 0.059375 0.020000
0 0.495625 0.281250 0.025000 0.008750
2 0.692500 0.304688 0.046875 0.012500
2 0.873750 0.320312 0.053125 0.017500
0 0.549375 0.298438 0.040625 0.011250
2 0.956875 0.795312 0.209375 0.061250
2 0.390000 0.295312 0.040625 0.010000
0 0.791875 0.279687 0.040625 0.011250
0 0.910000 0.301563 0.040625 0.012500
0 0.664375 0.278125 0.037500 0.008750
2 0.588750 0.275000 0.037500 0.007500
