0 0.623750 0.384375 0.150000 0.040000
0 0.543125 0.317188 0.109375 0.033750
2 0.694375 0.281250 0.143750 0.038750
0 0.771875 0.726562 0.278125 0.078750
0 0.182500 0.467187 0.165625 0.047500
2 0.069375 0.768750 0.293750 0.088750
0 0.769375 0.526563 0.215625 0.063750
0 0.265000 0.303125 0.100000 0.027500
0 0.301250 0.265625 0.087500 0.022500
2 0.130625 0.317188 0.128125 0.033750
2 0.193750 0.240625 0.100000 0.027500
0 0.516250 0.278125 0.100000 0.030000
0 0.526875 0.210938 0.071875 0.021250
2 0.370625 0.240625 0.068750 0.018750
2 0.246875 0.226562 0.078125 0.021250
2 0.586250 0.229687 0.071875 0.017500
0 0.561875 0.195312 0.059375 0.013750
2 0.638750 0.221875 0.062500 0.015000
1 0.681250 0.187500 0.062500 0.017500
2 0.931250 0.045312 0.065625 0.017500
