2 0.593750 0.456926 0.030000 0.052365
2 0.700625 0.520270 0.043750 0.081081
0 0.189375 0.503378 0.028750 0.060811
2 0.476875 0.420608 0.018750 0.037162
2 0.352500 0.402872 0.012500 0.028716
0 0.153125 0.432432 0.018750 0.033784
0 0.103125 0.418074 0.016250 0.032095
0 0.204375 0.456926 0.023750 0.045608
1 0.927500 0.358953 0.010000 0.021959
0 0.059375 0.414696 0.013750 0.035473
2 0.243125 0.390203 0.011250 0.023649
2 0.157500 0.383446 0.012500 0.020270
2 0.109375 0.380068 0.016250 0.020270
1 0.659375 0.353041 0.008750 0.023649
1 0.493125 0.353041 0.011250 0.020270
2 0.062500 0.375000 0.012500 0.023649
1 0.371875 0.349662 0.008750 0.020270
