2 0.757812 0.497396 0.022461 0.046875
2 0.683838 0.447917 0.014160 0.028646
0 0.372070 0.472005 0.018555 0.035156
0 0.427246 0.434245 0.011719 0.024740
0 0.516357 0.413737 0.007324 0.016276
2 0.703125 0.412109 0.008789 0.015625
2 0.717529 0.403320 0.007324 0.013672
0 0.595947 0.399740 0.006348 0.013021
2 0.747314 0.397135 0.005371 0.010417
2 0.854980 0.390625 0.004883 0.010417
0 0.718750 0.387695 0.004883 0.009766
0 0.652832 0.391602 0.004883 0.009766
2 0.683838 0.427409 0.010254 0.020182
2 0.778076 0.393880 0.005371 0.010417
