2 0.672852 0.492513 0.044922 0.024414
2 0.565186 0.434570 0.021484 0.011230
0 0.304199 0.503255 0.046875 0.024414
0 0.402100 0.437826 0.022786 0.011230
1 0.412109 0.424805 0.030599 0.011719
1 0.554932 0.423503 0.027995 0.011230
2 0.537354 0.418294 0.014974 0.007324
2 0.511963 0.403646 0.010417 0.005371
0 0.427002 0.418620 0.014323 0.007324
1 0.548584 0.419922 0.027344 0.007324
0 0.470215 0.399740 0.006510 0.004883
0 0.432129 0.412435 0.013672 0.005859
2 0.526855 0.411133 0.012370 0.004883
1 0.416992 0.420898 0.027995 0.009766
0 0.441162 0.405924 0.011068 0.005371
2 0.524902 0.401367 0.011068 0.005859
0 0.456543 0.402669 0.008464 0.004883
2 0.501953 0.396810 0.007161 0.004883
