2 0.729980 0.505859 0.026367 0.048177
2 0.611328 0.441732 0.011719 0.021484
0 0.349854 0.507813 0.023926 0.048177
0 0.446289 0.442057 0.012695 0.023438
2 0.580811 0.423503 0.008301 0.016276
0 0.469482 0.423503 0.005371 0.014974
1 0.599365 0.429036 0.012207 0.031250
1 0.455811 0.429036 0.011230 0.029948
1 0.459229 0.425781 0.012207 0.029948
2 0.569824 0.415690 0.006836 0.012370
2 0.554688 0.408854 0.005859 0.009115
0 0.482910 0.410482 0.004883 0.009766
0 0.473633 0.416667 0.004883 0.011719
0 0.497559 0.407227 0.004883 0.008464
2 0.566895 0.405924 0.004883 0.008464
0 0.512207 0.404297 0.004883 0.006510
2 0.543457 0.401042 0.004883 0.006510
