1 0.276875 0.353125 0.038750 0.131250
0 0.363125 0.687500 0.056250 0.206250
2 0.376875 0.515625 0.033750 0.125000
2 0.599375 0.532813 0.036250 0.128125
0 0.641250 0.357812 0.035000 0.134375
0 0.620625 0.181250 0.026250 0.106250
0 0.423125 0.390625 0.023750 0.050000
2 0.379375 0.312500 0.016250 0.068750
0 0.541250 0.378125 0.017500 0.068750
0 0.389375 0.207813 0.016250 0.059375
2 0.600000 0.192188 0.015000 0.078125
0 0.331875 0.293750 0.016250 0.062500
0 0.351875 0.115625 0.016250 0.062500
0 0.778125 0.912500 0.098750 0.168750
2 0.026250 0.426563 0.045000 0.178125
0 0.506250 0.292187 0.007500 0.034375
2 0.561250 0.306250 0.007500 0.043750
