2 0.754297 0.588889 0.027344 0.075000
2 0.664062 0.516667 0.014063 0.038889
2 0.430078 0.502083 0.014844 0.029167
2 0.684766 0.481250 0.007031 0.020833
2 0.301563 0.567361 0.026562 0.065278
2 0.500000 0.485417 0.007812 0.023611
2 0.658203 0.491667 0.010156 0.027778
2 0.771875 0.468750 0.009375 0.018056
2 0.716406 0.466667 0.007812 0.013889
2 0.739062 0.472917 0.007812 0.018056
2 0.578906 0.475000 0.007812 0.016667
2 0.804688 0.455556 0.007812 0.013889
2 0.845313 0.455556 0.007812 0.013889
2 0.810156 0.466667 0.007812 0.013889
