0 0.255127 0.561849 0.066406 0.035645
0 0.178955 0.503581 0.041016 0.028809
2 0.314209 0.444336 0.024089 0.011230
2 0.435303 0.444010 0.027344 0.014160
2 0.549316 0.452799 0.027995 0.017578
2 0.727295 0.483073 0.039063 0.021973
2 0.195068 0.444661 0.022135 0.013184
0 0.092285 0.435547 0.015625 0.008789
2 0.236328 0.427734 0.019531 0.009766
0 0.030762 0.445638 0.018880 0.010742
0 0.046387 0.485677 0.031250 0.019531
2 0.164063 0.440430 0.020182 0.010742
0 0.185547 0.425130 0.013021 0.008789
2 0.399170 0.406576 0.011068 0.006348
2 0.301025 0.415365 0.014323 0.007324
0 0.281738 0.413086 0.011068 0.006836
0 0.394043 0.401693 0.007813 0.004883
2 0.574219 0.394531 0.009115 0.004883
2 0.653076 0.391276 0.010417 0.005371
0 0.537109 0.391602 0.008464 0.004883
2 0.495361 0.399740 0.011719 0.006348
1 0.331543 0.400065 0.011068 0.004883
0 0.482422 0.395508 0.009766 0.004883
1 0.688721 0.385742 0.012370 0.005371
1 0.698242 0.386068 0.013021 0.005859
