0 0.278809 0.556966 0.038086 0.069661
0 0.397217 0.461589 0.019043 0.035156
2 0.616211 0.463542 0.019531 0.033854
2 0.731445 0.549479 0.043945 0.067708
2 0.579590 0.434245 0.013672 0.022135
2 0.564453 0.417969 0.008789 0.018229
0 0.437744 0.433919 0.011230 0.021484
2 0.765137 0.436849 0.009766 0.023438
2 0.662842 0.424154 0.010254 0.018880
2 0.879150 0.445313 0.013184 0.024740
2 0.621094 0.415365 0.007813 0.018229
0 0.458984 0.419271 0.007813 0.015625
2 0.555176 0.408854 0.007813 0.015625
2 0.595459 0.405599 0.006348 0.013021
0 0.715088 0.413411 0.007324 0.014323
0 0.904053 0.426432 0.010254 0.016927
0 0.657471 0.401693 0.006348 0.014323
0 0.464600 0.411784 0.006348 0.013672
0 0.471436 0.405924 0.005371 0.011068
0 0.857910 0.425456 0.011719 0.018880
0 0.767578 0.419922 0.010742 0.016927
0 0.678711 0.406250 0.005859 0.011719
2 0.585938 0.400391 0.004883 0.010417
