1 0.240625 0.450926 0.020833 0.057407
1 0.302344 0.394907 0.013021 0.032407
1 0.800521 0.445370 0.026042 0.081481
1 0.711458 0.430556 0.017708 0.050000
1 0.168750 0.391204 0.008333 0.026852
1 0.260937 0.384259 0.010417 0.029630
1 0.732292 0.385185 0.013542 0.031481
1 0.883594 0.408796 0.013021 0.032407
1 0.063281 0.420833 0.011979 0.030556
1 0.571094 0.360648 0.009896 0.025000
1 0.154688 0.370833 0.007292 0.017593
1 0.271875 0.334722 0.005208 0.012037
1 0.290365 0.347222 0.006771 0.016667
1 0.417969 0.342593 0.006771 0.018519
1 0.685156 0.330556 0.005729 0.014815
1 0.752344 0.337500 0.007812 0.015741
1 0.738542 0.329167 0.005208 0.013889
