0 0.055420 0.902018 0.189453 0.105957
0 0.270508 0.550130 0.065104 0.033203
0 0.230713 0.477539 0.033203 0.016113
2 0.933594 0.527669 0.056641 0.037109
2 0.698486 0.474935 0.041016 0.022949
2 0.554443 0.451497 0.030599 0.017090
2 0.428711 0.436849 0.024740 0.013672
2 0.409912 0.425781 0.019531 0.012207
0 0.231689 0.445312 0.022135 0.010254
0 0.258301 0.431966 0.017578 0.008789
2 0.490723 0.415690 0.016276 0.008789
0 0.363525 0.414388 0.014974 0.006348
2 0.570312 0.408529 0.013672 0.007812
2 0.685791 0.405599 0.014323 0.006348
0 0.306885 0.421224 0.015625 0.007324
0 0.453125 0.408529 0.012370 0.006836
2 0.807129 0.405924 0.013672 0.007812
0 0.561523 0.402995 0.013021 0.007812
0 0.861572 0.399089 0.009115 0.005371
1 0.617676 0.391602 0.011068 0.004883
0 0.788574 0.399089 0.010417 0.004883
2 0.923584 0.405599 0.013021 0.005371
2 0.771484 0.388997 0.009766 0.004883
