0 0.937891 0.644444 0.102778 0.039844
0 0.360938 0.506944 0.044444 0.015625
0 0.733984 0.506250 0.051389 0.017969
0 0.658594 0.464583 0.034722 0.014063
0 0.203125 0.690278 0.097222 0.034375
1 0.563672 0.412500 0.033333 0.008594
1 0.537109 0.415278 0.027778 0.008594
1 0.421484 0.418750 0.029167 0.008594
1 0.399609 0.424306 0.026389 0.010156
0 0.392188 0.461111 0.027778 0.009375
0 0.413281 0.442361 0.020833 0.007812
0 0.662500 0.427778 0.019444 0.007812
0 0.648438 0.440972 0.023611 0.007812
0 0.675391 0.418056 0.016667 0.008594
0 0.511719 0.420139 0.015278 0.007812
0 0.501563 0.418056 0.013889 0.007812
