0 0.278125 0.634375 0.243750 0.083750
2 0.501250 0.428125 0.156250 0.047500
0 0.463125 0.304688 0.109375 0.033750
2 0.774375 0.354687 0.128125 0.036250
2 0.953125 0.715625 0.287500 0.088750
0 0.221250 0.243750 0.081250 0.022500
0 0.071250 0.273438 0.103125 0.027500
2 0.543125 0.239063 0.084375 0.026250
2 0.894375 0.276562 0.065625 0.038750
0 0.409375 0.198437 0.059375 0.013750
0 0.297500 0.218750 0.075000 0.020000
2 0.616250 0.215625 0.068750 0.025000
2 0.691875 0.193750 0.056250 0.016250
0 0.673750 0.203125 0.068750 0.015000
0 0.458750 0.179688 0.046875 0.012500
0 0.484375 0.173437 0.053125 0.013750
0 0.438750 0.157812 0.040625 0.012500
0 0.360625 0.159375 0.050000 0.011250
2 0.418125 0.164062 0.046875 0.011250
0 0.335000 0.150000 0.043750 0.010000
2 0.225625 0.156250 0.050000 0.013750
2 0.522500 0.160938 0.053125 0.012500
0 0.663125 0.171875 0.056250 0.016250
0 0.301250 0.162500 0.056250 0.015000
0 0.193125 0.151562 0.040625 0.011250
2 0.605000 0.159375 0.050000 0.015000
2 0.107500 0.148438 0.034375 0.007500
