2 0.868408 0.579102 0.077474 0.040527
2 0.729492 0.466471 0.037109 0.018555
0 0.495361 0.442383 0.027995 0.016113
0 0.355469 0.491211 0.048828 0.026367
1 0.373779 0.424154 0.014974 0.020020
1 0.348877 0.420573 0.027344 0.011230
2 0.761475 0.437500 0.019531 0.011230
0 0.594727 0.422526 0.019531 0.008789
1 0.501221 0.401042 0.016927 0.007324
1 0.541016 0.394857 0.012370 0.005859
0 0.687256 0.416016 0.013021 0.007324
0 0.764404 0.417318 0.011719 0.006348
2 0.815186 0.431315 0.016276 0.009277
2 0.885742 0.433594 0.014323 0.008789
2 0.522461 0.392904 0.008464 0.004883
0 0.830322 0.421224 0.010417 0.005371
2 0.763184 0.403971 0.007161 0.004883
0 0.729980 0.402669 0.007161 0.004883
2 0.874023 0.416667 0.009115 0.004883
0 0.856445 0.421549 0.008464 0.004883
2 0.802246 0.404948 0.006510 0.004883
2 0.987549 0.433268 0.012370 0.006348
2 0.916992 0.422201 0.008464 0.004883
2 0.979248 0.435547 0.013021 0.006348
0 0.708252 0.399414 0.007161 0.005371
2 0.955811 0.436198 0.013021 0.005371
2 0.835938 0.412760 0.007812 0.004883
2 0.851562 0.407552 0.006510 0.004883
2 0.958008 0.428711 0.011068 0.005859
0 0.777344 0.408203 0.006510 0.004883
0 0.828125 0.415039 0.007161 0.004883
0 0.713135 0.399414 0.007161 0.005371
2 0.527832 0.392253 0.011068 0.004883
