1 0.067383 0.444336 0.008789 0.014974
1 0.173584 0.441406 0.008301 0.015625
1 0.250000 0.427409 0.007813 0.013672
1 0.297852 0.419922 0.006836 0.011719
1 0.228027 0.421549 0.006836 0.011068
1 0.266846 0.414714 0.007324 0.011719
1 0.159668 0.430990 0.007813 0.013021
1 0.047852 0.465169 0.016602 0.022786
1 0.370605 0.407227 0.004883 0.008464
1 0.332031 0.413737 0.004883 0.011068
1 0.352051 0.410156 0.004883 0.009115
1 0.295654 0.411784 0.005371 0.011068
1 0.318359 0.406901 0.004883 0.007813
1 0.335449 0.404622 0.004883 0.008464
1 0.382813 0.404948 0.004883 0.006510
1 0.355469 0.402018 0.004883 0.007161
1 0.368652 0.399740 0.004883 0.007813
1 0.396484 0.400716 0.004883 0.007161
1 0.378418 0.398112 0.004883 0.009766
1 0.407715 0.400391 0.004883 0.006510
1 0.389648 0.398112 0.004883 0.007161
