0 0.299316 0.660482 0.062500 0.117839
2 0.748535 0.513997 0.033203 0.055339
0 0.387695 0.473633 0.022461 0.038411
2 0.611084 0.441406 0.014160 0.026042
2 0.581543 0.417969 0.008789 0.022135
0 0.426270 0.436523 0.012695 0.026693
0 0.458252 0.418620 0.009277 0.018229
0 0.473877 0.410807 0.006348 0.013021
0 0.513672 0.406576 0.006836 0.012370
2 0.621338 0.411133 0.006348 0.011068
0 0.569336 0.406250 0.005859 0.010417
0 0.637939 0.406901 0.005371 0.009115
2 0.688232 0.413086 0.006348 0.009766
2 0.790771 0.416992 0.007324 0.012370
0 0.707031 0.408203 0.006836 0.009115
0 0.779053 0.411784 0.006348 0.009766
