2 0.148125 0.597973 0.253378 0.158750
0 0.455625 0.492399 0.052365 0.026250
0 0.648750 0.496622 0.074324 0.042500
0 0.808750 0.505068 0.104730 0.062500
0 0.506875 0.494088 0.062500 0.031250
0 0.591875 0.482264 0.038851 0.018750
2 0.338750 0.489865 0.043919 0.025000
0 0.688750 0.478885 0.038851 0.022500
2 0.270625 0.496622 0.047297 0.026250
2 0.430000 0.488176 0.033784 0.017500
0 0.884375 0.472128 0.038851 0.021250
0 0.933750 0.461149 0.027027 0.015000
2 0.716875 0.474662 0.033784 0.016250
2 0.628125 0.477196 0.032095 0.013750
0 0.490000 0.489020 0.045608 0.020000
0 0.967500 0.467061 0.038851 0.020000
0 0.986875 0.461149 0.030405 0.013750
2 0.548125 0.472128 0.028716 0.016250
2 0.219375 0.526182 0.106419 0.063750
2 0.010625 0.494088 0.021959 0.013750
2 0.093125 0.490709 0.025338 0.013750
0 0.052500 0.487331 0.018581 0.010000
2 0.396875 0.474662 0.020270 0.008750
0 0.735625 0.462838 0.020270 0.011250
0 0.295000 0.475507 0.015203 0.010000
2 0.578750 0.472128 0.018581 0.007500
0 0.373750 0.472973 0.010135 0.007500
2 0.478750 0.472973 0.020270 0.007500
0 0.408125 0.472973 0.016892 0.008750
0 0.536250 0.465372 0.015203 0.007500
0 0.775000 0.461993 0.018581 0.007500
2 0.615000 0.472128 0.018581 0.007500
2 0.707500 0.470439 0.021959 0.010000
0 0.897500 0.463682 0.025338 0.010000
2 0.381875 0.462838 0.030405 0.011250
