1 0.796615 0.590741 0.054688 0.116667
1 0.173177 0.654167 0.064062 0.137963
1 0.640104 0.398148 0.019792 0.044444
1 0.578906 0.347685 0.010937 0.028704
1 0.364063 0.410648 0.019792 0.047222
1 0.540365 0.331481 0.008854 0.024074
1 0.383854 0.332407 0.009375 0.022222
1 0.414062 0.337500 0.009375 0.025000
1 0.408333 0.348148 0.013542 0.029630
1 0.342969 0.332870 0.008854 0.023148
1 0.434115 0.309722 0.005729 0.017593
1 0.652344 0.309722 0.005729 0.023148
1 0.294010 0.333333 0.008854 0.020370
1 0.310937 0.311111 0.006250 0.014815
1 0.498698 0.316204 0.005729 0.017593
1 0.588542 0.295370 0.005208 0.012963
1 0.666927 0.320370 0.006771 0.016667
1 0.558594 0.297685 0.005729 0.015741
1 0.551042 0.292130 0.005208 0.013889
1 0.206250 0.324074 0.006250 0.016667
1 0.090104 0.354167 0.008333 0.023148
1 0.184635 0.342130 0.007812 0.023148
1 0.730729 0.315741 0.005208 0.018519
1 0.622396 0.297222 0.005208 0.016667
1 0.746875 0.322685 0.005208 0.017593
1 0.738542 0.318981 0.005208 0.017593
1 0.637500 0.307870 0.007292 0.013889
1 0.706250 0.307870 0.005208 0.015741
