2 0.297119 0.591797 0.048340 0.083333
2 0.904053 0.499674 0.024902 0.041016
2 0.872559 0.455404 0.014648 0.025391
2 0.603027 0.456706 0.015625 0.030599
2 0.737061 0.618164 0.061035 0.095703
2 0.547363 0.415039 0.006836 0.012370
2 0.674561 0.427734 0.009277 0.018229
2 0.582764 0.434896 0.014160 0.024740
2 0.445801 0.439453 0.013672 0.024740
2 0.457520 0.427083 0.008789 0.019531
2 0.469238 0.417318 0.006836 0.013021
2 0.724121 0.415690 0.005859 0.011068
2 0.891602 0.425130 0.007813 0.013021
2 0.939941 0.424479 0.008789 0.014323
2 0.540771 0.412760 0.005371 0.011719
2 0.533203 0.410807 0.004883 0.009115
2 0.873779 0.419596 0.006348 0.011068
2 0.475586 0.413737 0.004883 0.009766
2 0.616455 0.411133 0.005371 0.011068
2 0.683105 0.410482 0.004883 0.011068
