2 0.685303 0.555664 0.038574 0.069661
2 0.351074 0.539388 0.040039 0.060547
2 0.594482 0.447917 0.014160 0.026042
2 0.580322 0.431641 0.010254 0.019531
2 0.667725 0.423503 0.008301 0.016276
2 0.453857 0.433594 0.012207 0.024740
2 0.857422 0.485026 0.021484 0.036458
2 0.474365 0.414388 0.007324 0.013672
2 0.463623 0.423503 0.008301 0.017578
2 0.877686 0.423177 0.008301 0.014323
2 0.846680 0.447266 0.013672 0.024740
2 0.479248 0.411784 0.005371 0.012370
2 0.549072 0.413086 0.006348 0.013672
2 0.542480 0.410482 0.005859 0.012370
2 0.616211 0.410482 0.004883 0.011068
2 0.780273 0.414063 0.004883 0.010417
2 0.718262 0.414063 0.004883 0.011719
2 0.864502 0.418945 0.006348 0.011068
2 0.925781 0.423828 0.007813 0.013021
2 0.534668 0.409831 0.004883 0.009766
