2 0.203125 0.615625 0.051250 0.162500
2 0.904375 0.425000 0.036250 0.093750
0 0.586250 0.428125 0.027500 0.087500
0 0.371250 0.409375 0.020000 0.068750
2 0.841875 0.721875 0.083750 0.212500
0 0.601250 0.331250 0.015000 0.050000
0 0.661250 0.312500 0.010000 0.043750
0 0.428125 0.356250 0.018750 0.056250
0 0.726250 0.373437 0.022500 0.071875
0 0.459375 0.329688 0.013750 0.046875
0 0.904375 0.290625 0.021250 0.037500
0 0.780625 0.307812 0.016250 0.053125
0 0.378750 0.320312 0.012500 0.040625
2 0.726250 0.279687 0.010000 0.034375
2 0.571250 0.279687 0.007500 0.028125
2 0.123750 0.348438 0.017500 0.046875
1 0.166875 0.337500 0.013750 0.043750
2 0.021875 0.398438 0.018750 0.059375
2 0.301875 0.312500 0.011250 0.037500
2 0.923750 0.342187 0.022500 0.065625
0 0.815625 0.279687 0.011250 0.046875
2 0.601875 0.279687 0.011250 0.034375
2 0.522500 0.264062 0.010000 0.034375
1 0.281250 0.306250 0.010000 0.037500
0 0.546250 0.265625 0.010000 0.031250
0 0.495000 0.289062 0.010000 0.028125
0 0.216875 0.317188 0.011250 0.034375
0 0.340000 0.290625 0.007500 0.018750
2 0.448750 0.281250 0.007500 0.031250
0 0.661875 0.279687 0.011250 0.021875
0 0.421250 0.281250 0.007500 0.018750
2 0.415000 0.265625 0.007500 0.025000
0 0.138125 0.325000 0.011250 0.037500
0 0.831875 0.142187 0.013750 0.034375
0 0.808750 0.142187 0.012500 0.034375
0 0.788750 0.131250 0.010000 0.031250
0 0.381250 0.281250 0.007500 0.018750
0 0.980000 0.271875 0.010000 0.037500
