1 0.512760 0.437500 0.067593 0.023438
1 0.789323 0.466204 0.056481 0.018229
1 0.536719 0.369907 0.030556 0.010937
1 0.673958 0.354167 0.021296 0.009375
1 0.708854 0.385648 0.028704 0.012500
1 0.544271 0.341667 0.024074 0.008333
1 0.520052 0.315741 0.018519 0.007812
1 0.621615 0.324074 0.018519 0.006771
1 0.645052 0.336574 0.019444 0.006771
1 0.490365 0.313889 0.018519 0.006771
1 0.453906 0.313426 0.015741 0.007812
1 0.543750 0.325000 0.022222 0.008333
1 0.296354 0.311574 0.015741 0.009375
1 0.703646 0.319907 0.019444 0.005208
