2 0.126562 0.573611 0.021875 0.052778
2 0.769141 0.473611 0.008594 0.030556
1 0.614844 0.508333 0.018750 0.052778
2 0.346484 0.513194 0.010156 0.026389
2 0.458594 0.489583 0.007813 0.018056
2 0.146875 0.514583 0.007813 0.029167
2 0.500781 0.479167 0.007813 0.013889
2 0.300000 0.487500 0.007813 0.013889
2 0.531250 0.470833 0.007813 0.013889
2 0.232031 0.495833 0.007813 0.013889
2 0.130469 0.505556 0.007813 0.013889
2 0.867188 0.498611 0.012500 0.036111
2 0.726563 0.468056 0.007813 0.013889
2 0.687500 0.464583 0.007813 0.015278
