2 0.221250 0.517736 0.099662 0.060000
0 0.491875 0.490709 0.048986 0.026250
0 0.585625 0.500000 0.060811 0.031250
0 0.661875 0.509291 0.079392 0.043750
0 0.761875 0.521115 0.106419 0.061250
0 0.406250 0.485642 0.042230 0.017500
0 0.928750 0.549831 0.163851 0.120000
0 0.456250 0.477196 0.035473 0.017500
1 0.435625 0.478885 0.032095 0.016250
0 0.345000 0.480574 0.038851 0.017500
0 0.291875 0.476351 0.037162 0.016250
2 0.137500 0.478885 0.048986 0.032500
2 0.186250 0.482264 0.052365 0.035000
2 0.042500 0.470439 0.045608 0.032500
2 0.217500 0.472128 0.038851 0.020000
