2 0.699219 0.660482 0.116536 0.066406
2 0.742188 0.527995 0.061198 0.035156
2 0.309082 0.512695 0.050130 0.029297
2 0.424805 0.473633 0.038411 0.022461
2 0.695557 0.483073 0.036458 0.020996
2 0.668457 0.454753 0.030599 0.016602
2 0.489014 0.440104 0.024740 0.015137
2 0.645752 0.426107 0.018880 0.011230
2 0.515625 0.427409 0.018880 0.010742
2 0.538574 0.415365 0.014323 0.007813
2 0.506348 0.406250 0.011719 0.005859
2 0.492188 0.423177 0.015625 0.007813
2 0.359375 0.425130 0.015625 0.009766
2 0.205078 0.445313 0.022135 0.012695
