0 0.337646 0.507813 0.021973 0.044271
2 0.655518 0.489909 0.019043 0.039714
2 0.602295 0.449870 0.011230 0.023438
2 0.577637 0.431966 0.007813 0.017578
0 0.428467 0.451172 0.011230 0.022135
0 0.459473 0.431966 0.007813 0.013672
0 0.471924 0.422526 0.007324 0.010417
0 0.476807 0.416667 0.005371 0.009115
2 0.563721 0.423177 0.005371 0.010417
2 0.560547 0.417969 0.004883 0.010417
0 0.515625 0.413086 0.004883 0.007161
2 0.576172 0.414388 0.004883 0.008464
0 0.484863 0.415365 0.004883 0.007813
2 0.599121 0.410807 0.004883 0.009115
2 0.614258 0.409505 0.004883 0.007813
2 0.563477 0.416016 0.004883 0.010417
0 0.556152 0.409505 0.004883 0.006510
