2 0.267969 0.618750 0.076389 0.025000
2 0.295703 0.538889 0.050000 0.019531
2 0.683203 0.518056 0.052778 0.017969
2 0.507812 0.471528 0.034722 0.010937
2 0.263672 0.491667 0.033333 0.013281
2 0.389844 0.458333 0.027778 0.010937
2 0.211719 0.485417 0.023611 0.007812
2 0.155469 0.489583 0.023611 0.007812
2 0.053906 0.504861 0.018056 0.007812
2 0.291406 0.460417 0.018056 0.007812
2 0.120313 0.493056 0.019444 0.007812
2 0.775781 0.431250 0.020833 0.007812
2 0.573047 0.420833 0.022222 0.008594
2 0.782031 0.419444 0.016667 0.007812
2 0.636719 0.429861 0.018056 0.007812
2 0.535156 0.429861 0.018056 0.007812
