2 0.086182 0.645508 0.091797 0.066895
2 0.279053 0.453451 0.025391 0.017090
2 0.225342 0.534180 0.056641 0.034668
2 0.618408 0.485677 0.040365 0.022949
2 0.241699 0.440430 0.020182 0.012695
2 0.565918 0.451497 0.026693 0.014648
2 0.468262 0.432292 0.019531 0.012695
2 0.178223 0.434896 0.016927 0.009766
2 0.031982 0.454427 0.027344 0.015137
2 0.351563 0.422852 0.016276 0.009766
2 0.279541 0.419922 0.015625 0.008301
2 0.117676 0.422852 0.013672 0.010742
2 0.224365 0.418620 0.014323 0.008301
2 0.091309 0.438151 0.020833 0.009766
