2 0.336914 0.542318 0.065104 0.037109
2 0.965820 0.658854 0.113281 0.065430
2 0.400635 0.480469 0.040365 0.023926
2 0.478271 0.439128 0.024089 0.014160
2 0.666504 0.451497 0.029297 0.016602
2 0.690674 0.480794 0.041016 0.022949
2 0.543701 0.427409 0.021484 0.013184
2 0.423096 0.455729 0.031250 0.018066
2 0.601563 0.421549 0.018880 0.009766
2 0.754150 0.417643 0.017578 0.010254
2 0.778809 0.433919 0.022786 0.013672
2 0.675293 0.417969 0.016927 0.008789
1 0.571045 0.400716 0.012370 0.006348
2 0.928223 0.435872 0.021484 0.012695
2 0.835205 0.417318 0.016927 0.009277
