2 0.973047 0.692361 0.047656 0.143056
2 0.580469 0.350000 0.018750 0.044444
2 0.342578 0.353472 0.022656 0.059722
2 0.301563 0.288194 0.010937 0.031944
2 0.750391 0.452083 0.027344 0.062500
2 0.283594 0.568056 0.050000 0.127778
2 0.459766 0.290278 0.010156 0.030556
2 0.919531 0.408333 0.010937 0.033333
2 0.273438 0.263194 0.009375 0.029167
2 0.390625 0.262500 0.009375 0.025000
2 0.335938 0.247222 0.007813 0.016667
2 0.505859 0.265278 0.008594 0.016667
2 0.202344 0.250000 0.007813 0.013889
2 0.224609 0.249306 0.008594 0.015278
