2 0.764375 0.560937 0.153125 0.056250
1 0.302500 0.535937 0.134375 0.042500
0 0.230625 0.478125 0.100000 0.031250
0 0.629375 0.501563 0.115625 0.028750
0 0.456875 0.440625 0.087500 0.021250
0 0.610625 0.300000 0.075000 0.018750
0 0.560625 0.335938 0.059375 0.016250
1 0.404375 0.290625 0.068750 0.018750
2 0.445625 0.281250 0.050000 0.011250
2 0.585000 0.400000 0.075000 0.020000
2 0.452500 0.389062 0.065625 0.015000
0 0.451875 0.207813 0.040625 0.011250
0 0.605625 0.192188 0.059375 0.016250
0 0.424375 0.145313 0.046875 0.011250
0 0.125625 0.931250 0.131250 0.083750
0 0.031875 0.785937 0.153125 0.061250
0 0.473750 0.340625 0.037500 0.020000
2 0.304375 0.307812 0.090625 0.031250
