0 0.070625 0.614062 0.128125 0.051250
0 0.698125 0.673438 0.190625 0.061250
0 0.677500 0.448437 0.109375 0.042500
2 0.275000 0.565625 0.131250 0.042500
2 0.295625 0.435937 0.090625 0.033750
0 0.410625 0.401562 0.065625 0.018750
1 0.388750 0.298438 0.065625 0.012500
0 0.438125 0.284375 0.056250 0.013750
2 0.473125 0.275000 0.056250 0.011250
1 0.818125 0.342187 0.046875 0.043750
2 0.641250 0.360938 0.065625 0.017500
2 0.668125 0.318750 0.050000 0.013750
2 0.928750 0.342187 0.059375 0.040000
0 0.521875 0.337500 0.050000 0.016250
2 0.723125 0.325000 0.043750 0.026250
0 0.581250 0.282813 0.034375 0.007500
