1 0.037109 0.749023 0.195964 0.071289
1 0.352051 0.494141 0.048177 0.025391
1 0.403320 0.449219 0.035156 0.019531
1 0.613037 0.446940 0.031901 0.018066
1 0.705078 0.494141 0.052083 0.031250
1 0.580566 0.422526 0.020833 0.011719
1 0.559814 0.412109 0.015625 0.009277
1 0.443604 0.414388 0.014974 0.010254
1 0.430176 0.426758 0.018880 0.013672
1 0.546631 0.404297 0.013021 0.007324
1 0.448730 0.406901 0.014323 0.007812
1 0.531250 0.398438 0.011719 0.005859
1 0.537842 0.400391 0.011719 0.005371
1 0.464355 0.401693 0.010417 0.006836
