2 0.425537 0.456055 0.031901 0.013184
2 0.594727 0.485352 0.046224 0.023438
2 0.411377 0.438802 0.023438 0.012207
2 0.862061 0.536784 0.063151 0.031738
0 0.124023 0.529297 0.050781 0.027344
0 0.178467 0.466471 0.026693 0.013184
0 0.232910 0.444010 0.020833 0.009766
0 0.365723 0.421224 0.013021 0.005859
2 0.602051 0.415690 0.014974 0.006836
0 0.297852 0.430664 0.016276 0.008789
0 0.468262 0.414063 0.014323 0.006836
2 0.514404 0.424479 0.018229 0.009277
0 0.582275 0.408529 0.011068 0.005371
2 0.734619 0.413737 0.014974 0.008301
0 0.724365 0.404297 0.010417 0.005371
2 0.875732 0.414714 0.014323 0.009277
0 0.846924 0.404622 0.013672 0.007324
