0 0.721875 0.564063 0.203125 0.071250
0 0.877500 0.831250 0.325000 0.120000
0 0.295625 0.470313 0.165625 0.048750
2 0.439375 0.357812 0.115625 0.028750
0 0.171250 0.643750 0.243750 0.082500
2 0.817500 0.406250 0.143750 0.040000
2 0.067500 0.442188 0.196875 0.057500
2 0.222500 0.362500 0.131250 0.040000
0 0.677500 0.310937 0.103125 0.030000
0 0.723750 0.285938 0.078125 0.022500
2 0.868750 0.365625 0.106250 0.030000
1 0.888125 0.276562 0.084375 0.021250
0 0.138750 0.296875 0.081250 0.035000
0 0.992500 0.317188 0.109375 0.012500
