2 0.304932 0.503255 0.029785 0.050781
2 0.838867 0.679036 0.078125 0.119792
2 0.606201 0.475586 0.020996 0.037109
2 0.567383 0.442057 0.012695 0.024740
2 0.232666 0.459961 0.020020 0.030599
2 0.029053 0.705078 0.058105 0.131510
2 0.400146 0.435872 0.013184 0.025391
2 0.423096 0.424805 0.010254 0.017578
2 0.397217 0.415039 0.008301 0.014974
2 0.459473 0.400391 0.004883 0.009115
2 0.544434 0.423177 0.009766 0.016927
2 0.529541 0.412435 0.006348 0.012370
2 0.520020 0.404297 0.004883 0.007813
2 0.515625 0.402018 0.004883 0.007161
2 0.447021 0.405273 0.007324 0.012370
