2 0.293359 0.581944 0.072222 0.027344
2 0.757031 0.597222 0.083333 0.029687
2 0.702344 0.488194 0.040278 0.014063
2 0.741016 0.462500 0.027778 0.010156
2 0.492578 0.467361 0.031944 0.013281
2 0.610156 0.442361 0.023611 0.007812
2 0.743359 0.434028 0.020833 0.011719
2 0.819531 0.450000 0.025000 0.010937
2 0.882031 0.448611 0.022222 0.010937
2 0.955469 0.438889 0.013889 0.007812
2 0.937500 0.445139 0.018056 0.007812
2 0.812500 0.431944 0.016667 0.007812
2 0.060937 0.485417 0.051389 0.015625
2 0.874609 0.434722 0.013889 0.008594
