2 0.706055 0.590495 0.088542 0.045898
2 0.344727 0.492188 0.044271 0.023438
2 0.603516 0.481445 0.038411 0.022461
2 0.413086 0.454753 0.026693 0.014648
2 0.552490 0.426432 0.016927 0.008301
2 0.353271 0.418620 0.014323 0.011230
2 0.462158 0.426758 0.021484 0.014160
2 0.542236 0.416667 0.015625 0.008301
2 0.477295 0.407227 0.012370 0.007324
2 0.091309 0.474284 0.026693 0.018555
2 0.117676 0.439779 0.014974 0.007813
2 0.302002 0.443685 0.024089 0.014160
2 0.480957 0.398438 0.010417 0.004883
2 0.467529 0.395508 0.008464 0.005371
2 0.178467 0.419922 0.010417 0.005371
2 0.169434 0.413086 0.009766 0.005859
2 0.230713 0.422526 0.013021 0.007324
2 0.380859 0.403320 0.009766 0.007813
2 0.318848 0.412435 0.011068 0.004883
2 0.259766 0.406576 0.009766 0.004883
2 0.531006 0.402995 0.010417 0.005371
2 0.528320 0.396484 0.007813 0.004883
2 0.442383 0.393880 0.009115 0.004883
2 0.111816 0.421549 0.011068 0.005859
2 0.123047 0.429036 0.014323 0.007813
2 0.241211 0.402018 0.008464 0.004883
2 0.222656 0.404948 0.009115 0.004883
2 0.277832 0.397135 0.007813 0.004883
2 0.422852 0.389974 0.006510 0.004883
2 0.407471 0.392253 0.008464 0.005371
2 0.018799 0.434245 0.015625 0.009277
