2 0.268125 0.492188 0.203125 0.061250
2 0.090000 0.732812 0.303125 0.085000
2 0.777500 0.500000 0.212500 0.070000
0 0.700000 0.406250 0.181250 0.052500
2 0.240625 0.337500 0.137500 0.036250
2 0.463125 0.242188 0.096875 0.023750
2 0.384375 0.276562 0.115625 0.033750
2 0.827500 0.229687 0.153125 0.042500
0 0.508125 0.256250 0.100000 0.028750
0 0.657500 0.221875 0.081250 0.022500
2 0.590000 0.171875 0.062500 0.020000
2 0.552500 0.153125 0.056250 0.017500
2 0.683750 0.323437 0.121875 0.035000
2 0.420625 0.118750 0.075000 0.021250
2 0.637500 0.200000 0.075000 0.020000
0 0.525625 0.150000 0.056250 0.018750
2 0.451250 0.192188 0.071875 0.020000
0 0.466250 0.132812 0.053125 0.015000
0 0.379375 0.056250 0.068750 0.041250
0 0.633750 0.140625 0.043750 0.017500
0 0.651875 0.164062 0.078125 0.021250
2 0.393750 0.137500 0.050000 0.012500
2 0.945625 0.035937 0.071875 0.083750
