2 0.736572 0.561523 0.078776 0.045410
2 0.917480 0.535807 0.061198 0.040039
2 0.609375 0.481771 0.046875 0.025391
2 0.375732 0.449219 0.028646 0.015137
0 0.134521 0.491536 0.035156 0.019043
0 0.239746 0.512044 0.047526 0.025391
0 0.178223 0.602539 0.085286 0.048828
0 0.047363 0.491862 0.031901 0.020508
2 0.063232 0.457682 0.020833 0.013184
2 0.213379 0.453125 0.023438 0.013672
2 0.745850 0.455729 0.031250 0.019043
2 0.482666 0.454753 0.030599 0.017090
2 0.680420 0.430664 0.022786 0.012207
2 0.644531 0.415690 0.016276 0.009766
0 0.743896 0.415039 0.016276 0.007324
0 0.806396 0.429362 0.021484 0.011230
0 0.660156 0.394857 0.008464 0.004883
0 0.673828 0.398112 0.009766 0.004883
0 0.692627 0.402018 0.011068 0.005371
2 0.605225 0.399740 0.011719 0.005371
2 0.617920 0.405924 0.013672 0.007324
0 0.714844 0.408203 0.015625 0.006836
0 0.923096 0.459635 0.032552 0.016113
0 0.646973 0.391276 0.007813 0.004883
0 0.639160 0.388672 0.007813 0.004883
0 0.628418 0.387370 0.006510 0.004883
2 0.595947 0.394206 0.011068 0.005371
