2 0.570313 0.458984 0.015625 0.028646
2 0.608887 0.496745 0.026367 0.042969
2 0.395264 0.463542 0.014160 0.031250
2 0.433105 0.445638 0.011719 0.021484
2 0.117920 0.500977 0.017090 0.038411
2 0.338379 0.439128 0.006836 0.016276
2 0.184326 0.456706 0.010254 0.018880
2 0.467285 0.428711 0.006836 0.014974
2 0.541748 0.428711 0.008301 0.014974
2 0.261719 0.426758 0.005859 0.013672
2 0.368896 0.422852 0.007324 0.012370
2 0.533447 0.422526 0.005371 0.011719
2 0.388672 0.410156 0.004883 0.007813
2 0.477295 0.414063 0.005371 0.010417
2 0.170654 0.437826 0.006348 0.014974
2 0.075684 0.433919 0.007813 0.012370
2 0.149658 0.424154 0.005371 0.011068
2 0.210693 0.423503 0.006348 0.009766
2 0.525635 0.411458 0.005371 0.011719
2 0.335449 0.417318 0.004883 0.011719
2 0.468750 0.404622 0.004883 0.008464
2 0.500000 0.400391 0.004883 0.009115
2 0.049316 0.448568 0.007813 0.016927
2 0.270020 0.407227 0.004883 0.007161
2 0.277832 0.412435 0.004883 0.008464
2 0.290527 0.405273 0.004883 0.007161
2 0.302734 0.408529 0.004883 0.008464
2 0.480469 0.407227 0.004883 0.009766
