0 0.229980 0.560221 0.041992 0.065755
2 0.754639 0.578451 0.042480 0.074870
2 0.619141 0.482096 0.019531 0.039714
2 0.682861 0.460612 0.014160 0.030599
0 0.382080 0.471680 0.018066 0.035807
2 0.778320 0.497721 0.020508 0.041016
2 0.577148 0.450195 0.012695 0.025391
2 0.635986 0.446615 0.011230 0.024740
0 0.421631 0.449219 0.009277 0.020833
0 0.751953 0.449219 0.011719 0.022135
0 0.838623 0.465820 0.012207 0.024089
0 0.695801 0.439453 0.006836 0.015625
2 0.601563 0.437500 0.008789 0.019531
2 0.521484 0.433268 0.006836 0.016276
2 0.547119 0.438151 0.009277 0.018229
0 0.300781 0.435547 0.008789 0.014323
0 0.344971 0.435872 0.007324 0.013672
0 0.407471 0.435872 0.008301 0.014974
2 0.335205 0.430664 0.008301 0.013672
0 0.427979 0.439779 0.007324 0.016276
2 0.420410 0.429688 0.005859 0.011719
2 0.472168 0.430339 0.005859 0.013021
2 0.580078 0.430664 0.006836 0.014974
2 0.240967 0.432617 0.007324 0.016276
2 0.157471 0.436849 0.007324 0.013021
0 0.192383 0.438802 0.007813 0.014323
2 0.563721 0.426432 0.006348 0.011719
0 0.656250 0.431966 0.004883 0.011068
0 0.629395 0.424479 0.004883 0.010417
0 0.608154 0.420898 0.005371 0.008464
2 0.550781 0.421549 0.004883 0.009766
2 0.539063 0.418294 0.004883 0.008464
0 0.597656 0.419271 0.004883 0.006510
0 0.588867 0.417643 0.004883 0.009766
0 0.020264 0.446940 0.006348 0.012370
0 0.097168 0.443359 0.006836 0.011719
2 0.062500 0.441081 0.006836 0.012370
0 0.580078 0.414714 0.004883 0.006510
0 0.572266 0.412760 0.004883 0.007813
2 0.527344 0.412435 0.004883 0.007161
2 0.533203 0.415365 0.004883 0.009115
0 0.564453 0.411458 0.004883 0.006510
