0 0.331055 0.497396 0.022461 0.042969
2 0.964600 0.656576 0.059082 0.106120
2 0.819580 0.512044 0.021973 0.047526
2 0.633301 0.499674 0.023438 0.051432
2 0.539795 0.455404 0.014160 0.025391
2 0.667725 0.466471 0.015137 0.030599
2 0.594482 0.448568 0.014160 0.023438
2 0.398438 0.433919 0.007813 0.014974
0 0.815430 0.464193 0.011719 0.027344
0 0.708252 0.446940 0.010254 0.018880
0 0.142822 0.739909 0.083496 0.138672
2 0.489258 0.441732 0.010742 0.018880
0 0.642090 0.437500 0.009766 0.016927
2 0.545654 0.438802 0.009277 0.018229
0 0.256592 0.445313 0.008301 0.015625
0 0.331787 0.443359 0.009277 0.018229
0 0.359619 0.460938 0.010254 0.023438
2 0.455078 0.435547 0.008789 0.018229
2 0.474121 0.421224 0.004883 0.010417
0 0.204590 0.447266 0.006836 0.015625
0 0.356934 0.446289 0.007813 0.017578
2 0.242920 0.439128 0.007324 0.013672
2 0.339844 0.434570 0.006836 0.013672
2 0.513916 0.430664 0.007324 0.012370
2 0.131104 0.444336 0.008301 0.014974
0 0.068848 0.453776 0.009766 0.018229
0 0.592773 0.428385 0.006836 0.015625
0 0.558350 0.423177 0.005371 0.010417
2 0.491455 0.425130 0.008301 0.015625
0 0.533203 0.418620 0.004883 0.007813
2 0.458984 0.417643 0.004883 0.009766
0 0.520508 0.417318 0.004883 0.009115
0 0.509766 0.414714 0.004883 0.009115
0 0.490234 0.411458 0.004883 0.006510
2 0.022461 0.452148 0.009766 0.013672
2 0.450684 0.414388 0.004883 0.008464
2 0.443359 0.412109 0.004883 0.007813
2 0.438965 0.409831 0.004883 0.007161
0 0.498535 0.412109 0.004883 0.006510
0 0.480957 0.409505 0.004883 0.006510
