1 0.303646 0.423611 0.052778 0.021875
1 0.354167 0.377778 0.037037 0.016667
1 0.825781 0.432407 0.079630 0.028646
1 0.313281 0.367130 0.032407 0.015104
1 0.610156 0.352778 0.031481 0.010937
1 0.764844 0.379167 0.030556 0.013021
1 0.740885 0.418981 0.047222 0.020313
1 0.222656 0.374537 0.028704 0.011979
1 0.460417 0.333333 0.020370 0.008333
1 0.915885 0.405093 0.032407 0.015104
1 0.124740 0.400463 0.028704 0.013021
1 0.058333 0.394444 0.020370 0.009375
1 0.334896 0.335185 0.016667 0.007292
1 0.203906 0.356019 0.019444 0.006771
1 0.314063 0.324074 0.012963 0.005208
