0 0.326172 0.538737 0.063151 0.037109
2 0.733643 0.546875 0.065104 0.040527
2 0.624268 0.466471 0.030599 0.018066
2 0.589355 0.443685 0.024089 0.012695
0 0.412842 0.461589 0.036458 0.018066
2 0.566406 0.427409 0.017578 0.008789
0 0.433594 0.440104 0.024740 0.011719
0 0.450439 0.426432 0.019531 0.011230
2 0.555420 0.417318 0.014323 0.007324
2 0.540527 0.405599 0.010417 0.005859
0 0.468750 0.412760 0.009115 0.004883
0 0.463867 0.416992 0.012370 0.006836
2 0.549072 0.412109 0.011719 0.005371
0 0.472656 0.406901 0.009115 0.004883
0 0.478027 0.403320 0.009766 0.004883
