0 0.823750 0.810937 0.271875 0.082500
0 0.621250 0.395313 0.078125 0.022500
0 0.279375 0.495312 0.115625 0.033750
2 0.418125 0.367188 0.065625 0.021250
2 0.470625 0.326562 0.059375 0.016250
2 0.495000 0.300000 0.031250 0.010000
0 0.613125 0.320312 0.053125 0.016250
1 0.785000 0.304688 0.046875 0.015000
2 0.092500 0.351562 0.053125 0.020000
0 0.588750 0.300000 0.037500 0.010000
2 0.299375 0.298438 0.028125 0.011250
2 0.228750 0.296875 0.031250 0.010000
2 0.339375 0.317188 0.034375 0.011250
0 0.485000 0.281250 0.037500 0.007500
0 0.373125 0.290625 0.031250 0.011250
0 0.155000 0.318750 0.037500 0.012500
