0 0.861250 0.640625 0.193750 0.072500
2 0.415625 0.342187 0.078125 0.023750
2 0.312500 0.493750 0.143750 0.047500
2 0.783125 0.400000 0.112500 0.038750
2 0.745625 0.342187 0.084375 0.028750
2 0.643125 0.248438 0.046875 0.013750
2 0.560625 0.260937 0.046875 0.013750
2 0.258750 0.368750 0.081250 0.030000
0 0.530625 0.275000 0.062500 0.013750
0 0.673125 0.265625 0.050000 0.011250
2 0.690000 0.284375 0.068750 0.020000
0 0.498750 0.293750 0.062500 0.017500
0 0.536250 0.162500 0.050000 0.012500
2 0.590000 0.234375 0.043750 0.010000
