2 0.889404 0.596680 0.085286 0.051270
0 0.348389 0.502930 0.048828 0.024902
0 0.422119 0.444336 0.026693 0.013184
2 0.647217 0.450846 0.029297 0.016113
0 0.468994 0.419271 0.018229 0.007324
0 0.488525 0.409505 0.013021 0.006348
0 0.532959 0.405273 0.012370 0.007324
2 0.608154 0.422201 0.016276 0.009277
2 0.650879 0.410156 0.011719 0.007813
2 0.723633 0.413086 0.012370 0.007813
0 0.593994 0.404622 0.012370 0.007324
2 0.607910 0.417318 0.023438 0.010742
2 0.836670 0.416667 0.013021 0.008301
0 0.667236 0.404948 0.011719 0.006348
0 0.741211 0.407878 0.012370 0.006836
0 0.708252 0.404948 0.010417 0.005371
0 0.821289 0.410156 0.011719 0.005859
0 0.884277 0.414063 0.011719 0.005859
0 0.939209 0.422201 0.013672 0.008301
