2 0.696875 0.298438 0.084375 0.048750
2 0.617500 0.450000 0.187500 0.052500
2 0.222500 0.625000 0.256250 0.072500
0 0.159375 0.354687 0.146875 0.046250
2 0.259375 0.250000 0.100000 0.028750
0 0.985000 0.401562 0.178125 0.027500
2 0.342500 0.210938 0.078125 0.025000
0 0.405625 0.192188 0.065625 0.016250
0 0.085000 0.187500 0.081250 0.020000
2 0.423750 0.179688 0.065625 0.020000
0 0.395625 0.159375 0.056250 0.011250
0 0.381875 0.153125 0.050000 0.011250
2 0.150625 0.287500 0.112500 0.031250
0 0.148125 0.167187 0.059375 0.016250
0 0.177500 0.160938 0.065625 0.015000
2 0.313750 0.140625 0.050000 0.012500
2 0.099375 0.146875 0.056250 0.013750
0 0.029375 0.142187 0.053125 0.016250
0 0.123125 0.139063 0.040625 0.011250
2 0.220625 0.135937 0.046875 0.011250
