2 0.251875 0.859375 0.083750 0.250000
2 0.777500 0.634375 0.067500 0.162500
2 0.098750 0.632812 0.062500 0.165625
2 0.861875 0.475000 0.038750 0.125000
2 0.610625 0.396875 0.018750 0.081250
0 0.366250 0.475000 0.032500 0.093750
2 0.406875 0.339062 0.016250 0.053125
2 0.556250 0.345313 0.012500 0.059375
0 0.521875 0.315625 0.011250 0.037500
2 0.801250 0.423438 0.030000 0.090625
0 0.370625 0.310937 0.016250 0.034375
2 0.495000 0.289062 0.012500 0.040625
0 0.700000 0.356250 0.017500 0.062500
0 0.271250 0.226562 0.017500 0.059375
2 0.306250 0.334375 0.015000 0.050000
2 0.315000 0.368750 0.010000 0.043750
