2 0.393066 0.499023 0.047526 0.026367
2 0.747314 0.533854 0.058594 0.031738
2 0.882080 0.657552 0.108073 0.068848
2 0.454834 0.461589 0.031250 0.019043
2 0.482910 0.441081 0.024089 0.013672
2 0.639648 0.431641 0.022135 0.011719
2 0.512207 0.425456 0.017578 0.009766
2 0.627441 0.415039 0.013672 0.007813
2 0.615967 0.404622 0.011068 0.005371
2 0.531982 0.410807 0.014323 0.007324
2 0.540771 0.406901 0.011719 0.005371
2 0.606934 0.401042 0.009115 0.004883
2 0.828125 0.453125 0.024740 0.015625
2 0.632324 0.402344 0.007813 0.004883
2 0.785400 0.426107 0.016276 0.009277
2 0.750244 0.409505 0.013021 0.006348
2 0.547852 0.402995 0.009115 0.004883
2 0.636230 0.400391 0.007813 0.004883
2 0.551758 0.401367 0.009766 0.004883
2 0.555664 0.399740 0.007813 0.004883
2 0.910156 0.421875 0.015625 0.010742
2 0.972900 0.416016 0.014323 0.010254
2 0.953125 0.408529 0.011068 0.007813
2 0.723145 0.401693 0.007813 0.004883
