1 0.814375 0.829688 0.259375 0.108750
2 0.260000 0.264062 0.159375 0.047500
0 0.649375 0.543750 0.137500 0.041250
1 0.720000 0.367188 0.065625 0.020000
2 0.751875 0.485938 0.115625 0.033750
0 0.536875 0.398438 0.053125 0.021250
0 0.120000 0.551562 0.134375 0.042500
2 0.486875 0.351562 0.046875 0.013750
2 0.410625 0.317188 0.034375 0.008750
2 0.682500 0.364063 0.059375 0.020000
0 0.606250 0.239063 0.040625 0.012500
0 0.506250 0.314063 0.040625 0.010000
2 0.583125 0.343750 0.043750 0.011250
2 0.386250 0.335938 0.040625 0.007500
0 0.356875 0.182812 0.040625 0.013750
2 0.442500 0.301563 0.028125 0.007500
2 0.486250 0.284375 0.018750 0.007500
0 0.466250 0.296875 0.025000 0.007500
2 0.512500 0.300000 0.018750 0.007500
0 0.506250 0.278125 0.018750 0.007500
0 0.343125 0.364063 0.046875 0.011250
