0 0.190625 0.593750 0.168750 0.058750
2 0.673125 0.470313 0.121875 0.036250
2 0.762500 0.378125 0.087500 0.030000
2 0.714375 0.404687 0.103125 0.031250
2 0.801250 0.839063 0.296875 0.092500
0 0.430625 0.393750 0.075000 0.023750
2 0.540625 0.329688 0.053125 0.016250
2 0.603125 0.309375 0.050000 0.013750
0 0.841875 0.375000 0.068750 0.021250
2 0.773125 0.307812 0.046875 0.013750
2 0.695625 0.307812 0.053125 0.013750
2 0.953750 0.389062 0.065625 0.020000
1 0.681875 0.287500 0.037500 0.011250
2 0.848125 0.306250 0.043750 0.011250
0 0.828750 0.287500 0.037500 0.010000
0 0.778125 0.270313 0.034375 0.011250
2 0.723750 0.260937 0.034375 0.010000
1 0.756875 0.254688 0.034375 0.011250
1 0.745000 0.245312 0.028125 0.007500
1 0.938125 0.304688 0.046875 0.011250
0 0.521875 0.185938 0.059375 0.011250
0 0.895000 0.279687 0.040625 0.010000
2 0.975000 0.309375 0.031250 0.007500
0 0.796250 0.226562 0.021875 0.007500
0 0.783750 0.242188 0.021875 0.007500
2 0.701875 0.189062 0.040625 0.008750
2 0.963125 0.290625 0.043750 0.011250
0 0.890000 0.257812 0.034375 0.010000
0 0.766250 0.235937 0.021875 0.007500
2 0.848750 0.243750 0.031250 0.007500
