2 0.236875 0.282813 0.159375 0.046250
2 0.803750 0.639062 0.321875 0.102500
0 0.901250 0.448437 0.215625 0.065000
0 0.980000 0.382812 0.196875 0.035000
2 0.842500 0.101562 0.084375 0.022500
2 0.624375 0.065625 0.087500 0.021250
0 0.530000 0.050000 0.081250 0.020000
1 0.413125 0.073438 0.084375 0.021250
2 0.751875 0.084375 0.081250 0.021250
2 0.456250 0.043750 0.068750 0.017500
1 0.328125 0.068750 0.093750 0.023750
0 0.280625 0.043750 0.081250 0.018750
1 0.214375 0.042188 0.071875 0.018750
2 0.120000 0.026562 0.053125 0.012500
0 0.349375 0.057813 0.065625 0.016250
0 0.366875 0.031250 0.062500 0.016250
