2 0.462646 0.417643 0.007324 0.017578
2 0.657227 0.510742 0.027344 0.048828
2 0.402344 0.504232 0.026367 0.047526
2 0.588379 0.450846 0.015625 0.027995
2 0.547852 0.411133 0.008789 0.016276
2 0.237305 0.446615 0.010742 0.020833
2 0.212646 0.427409 0.009277 0.017578
2 0.210938 0.404948 0.004883 0.010417
2 0.098145 0.424154 0.008789 0.016276
2 0.023682 0.455729 0.013184 0.022135
2 0.243164 0.444010 0.009766 0.020833
2 0.324951 0.407552 0.007324 0.013021
2 0.469971 0.402995 0.007324 0.013021
2 0.501465 0.390299 0.004883 0.009766
2 0.452637 0.397135 0.005859 0.011719
2 0.086670 0.430013 0.010254 0.014974
2 0.174316 0.402669 0.004883 0.011068
2 0.419678 0.393880 0.005371 0.010417
2 0.398926 0.388021 0.004883 0.007813
2 0.375488 0.393229 0.004883 0.011719
2 0.314941 0.394531 0.004883 0.009115
2 0.151123 0.406250 0.006348 0.010417
2 0.321777 0.390625 0.004883 0.009115
2 0.360352 0.389323 0.004883 0.009115
2 0.539795 0.400065 0.006348 0.012370
2 0.531006 0.392904 0.005371 0.009766
2 0.011719 0.425130 0.008789 0.014323
2 0.117188 0.411133 0.007813 0.012370
2 0.157715 0.414388 0.007813 0.013672
2 0.241211 0.399740 0.006836 0.010417
2 0.283203 0.392253 0.004883 0.008464
1 0.386719 0.383789 0.004883 0.009766
2 0.449463 0.388346 0.005371 0.008464
2 0.208008 0.400065 0.004883 0.012370
