0 0.385986 0.509766 0.052083 0.026855
2 0.654053 0.459961 0.031901 0.017090
0 0.411865 0.445964 0.027344 0.012207
0 0.437500 0.425456 0.018880 0.009766
2 0.584717 0.426432 0.018229 0.009277
0 0.463379 0.413411 0.015625 0.006836
2 0.568604 0.413086 0.013672 0.006348
0 0.513184 0.404622 0.009766 0.004883
0 0.477295 0.407552 0.010417 0.006348
2 0.609619 0.405924 0.011068 0.005371
2 0.572021 0.407878 0.011068 0.005371
2 0.763916 0.407878 0.011068 0.007324
2 0.669922 0.406250 0.010417 0.005859
0 0.627197 0.402018 0.009766 0.005371
0 0.690918 0.402995 0.011719 0.005859
0 0.565186 0.402344 0.010417 0.005371
0 0.662109 0.401367 0.008464 0.004883
