2 0.855000 0.757812 0.115000 0.365625
0 0.907500 0.439063 0.065000 0.221875
0 0.811250 0.340625 0.052500 0.181250
0 0.575625 0.306250 0.041250 0.162500
1 0.706875 0.234375 0.041250 0.131250
0 0.151250 0.304688 0.045000 0.159375
0 0.039375 0.414062 0.058750 0.203125
0 0.970625 0.556250 0.056250 0.287500
2 0.565625 0.139063 0.031250 0.103125
2 0.276875 0.164062 0.033750 0.109375
2 0.194375 0.203125 0.033750 0.118750
0 0.551250 0.110937 0.020000 0.078125
0 0.502500 0.060937 0.017500 0.065625
2 0.544375 0.076563 0.021250 0.071875
0 0.701250 0.162500 0.035000 0.118750
0 0.305000 0.137500 0.025000 0.087500
0 0.654375 0.029687 0.021250 0.059375
0 0.474375 0.065625 0.016250 0.062500
2 0.450000 0.071875 0.017500 0.068750
0 0.315000 0.104688 0.017500 0.078125
2 0.352500 0.017188 0.012500 0.034375
