2 0.257813 0.580404 0.081380 0.050781
2 0.906494 0.650065 0.106120 0.073730
2 0.883545 0.499674 0.051432 0.031738
2 0.394043 0.469727 0.034505 0.020508
2 0.623779 0.455729 0.029948 0.017090
2 0.438477 0.431315 0.021484 0.011719
2 0.590820 0.433594 0.023438 0.012695
2 0.781494 0.446940 0.033203 0.015137
2 0.902344 0.440755 0.024740 0.013672
2 0.611572 0.420573 0.018229 0.010254
2 0.456543 0.416992 0.017578 0.007813
2 0.754639 0.428385 0.020833 0.008301
2 0.928955 0.444661 0.020833 0.014160
2 0.468262 0.407227 0.012370 0.005859
2 0.489502 0.398438 0.010417 0.005371
2 0.568604 0.415039 0.014974 0.009277
2 0.559326 0.409180 0.014974 0.008301
2 0.730225 0.398763 0.008464 0.005371
2 0.672363 0.396159 0.009766 0.004883
2 0.607910 0.396484 0.009115 0.004883
2 0.549561 0.402669 0.011068 0.006348
