2 0.750977 0.527344 0.028320 0.059896
2 0.891113 0.507487 0.027344 0.050130
2 0.642090 0.454753 0.017578 0.033203
0 0.366455 0.528646 0.030762 0.062500
2 0.605957 0.430664 0.012695 0.022786
0 0.419434 0.460938 0.019531 0.032552
0 0.445068 0.433268 0.011230 0.020182
2 0.658691 0.422201 0.009766 0.017578
2 0.717041 0.442708 0.013184 0.028646
2 0.586914 0.418945 0.009766 0.017578
2 0.573730 0.413086 0.007813 0.013672
0 0.790039 0.427083 0.010742 0.022135
0 0.732910 0.415690 0.008789 0.014974
0 0.718750 0.412109 0.007813 0.014323
2 0.613525 0.409831 0.007324 0.013672
0 0.462646 0.419271 0.009277 0.018229
2 0.627930 0.413737 0.007813 0.014974
2 0.565430 0.408854 0.006836 0.013021
0 0.879883 0.447917 0.015625 0.026042
0 0.702881 0.410156 0.006348 0.011719
0 0.545898 0.402669 0.004883 0.008464
0 0.667236 0.407227 0.005371 0.009766
2 0.603271 0.407552 0.006348 0.010417
0 0.607422 0.405599 0.004883 0.010417
0 0.495850 0.404622 0.005371 0.009766
2 0.577637 0.405599 0.006836 0.010417
0 0.469238 0.412435 0.004883 0.014974
