0 0.197754 0.551758 0.036133 0.065755
2 0.525146 0.447917 0.019043 0.029948
0 0.149658 0.496094 0.026855 0.040365
2 0.411377 0.441732 0.020020 0.020182
2 0.186035 0.440104 0.012695 0.022135
2 0.692871 0.477214 0.023438 0.041667
2 0.955078 0.556641 0.041992 0.066406
2 0.158447 0.434570 0.010254 0.016276
0 0.033447 0.478516 0.020020 0.029948
0 0.031250 0.440104 0.009766 0.015625
2 0.299805 0.438802 0.013672 0.023438
2 0.232178 0.422526 0.010254 0.010417
2 0.396973 0.402018 0.004883 0.011068
2 0.297852 0.409180 0.007812 0.014974
0 0.091797 0.431966 0.009766 0.017578
2 0.493164 0.394531 0.006836 0.013021
0 0.482910 0.389648 0.004883 0.008464
0 0.184814 0.418620 0.006348 0.011719
0 0.652588 0.386393 0.005371 0.009766
0 0.537109 0.386719 0.004883 0.006510
1 0.738525 0.383789 0.005371 0.009766
1 0.691650 0.381836 0.005371 0.012370
