0 0.189941 0.755208 0.080078 0.144531
0 0.243408 0.540039 0.034668 0.061849
0 0.166260 0.487956 0.019043 0.031901
2 0.620850 0.460612 0.019043 0.033203
2 0.788330 0.493815 0.028809 0.050130
0 0.146973 0.460286 0.013672 0.023438
2 0.349365 0.443359 0.014160 0.026042
2 0.327637 0.434245 0.012695 0.022135
2 0.472412 0.452148 0.018066 0.030599
0 0.171387 0.444987 0.009766 0.016276
0 0.218750 0.433594 0.007813 0.014323
0 0.274902 0.425130 0.006836 0.013021
2 0.406494 0.420573 0.009277 0.014323
2 0.478516 0.412435 0.007813 0.012370
2 0.695801 0.402669 0.004883 0.012370
0 0.680176 0.396810 0.004883 0.008464
2 0.586182 0.406250 0.007324 0.014323
2 0.790527 0.400391 0.005859 0.011719
0 0.363770 0.416016 0.005859 0.011719
0 0.462158 0.407878 0.005371 0.012370
0 0.581543 0.400065 0.004883 0.009766
0 0.743896 0.396159 0.005371 0.009766
1 0.936279 0.393880 0.009277 0.014323
