0 0.708750 0.559122 0.182432 0.105000
0 0.505625 0.530405 0.108108 0.053750
0 0.163125 0.534628 0.055743 0.028750
0 0.386250 0.530405 0.084459 0.040000
0 0.286250 0.527872 0.065878 0.032500
0 0.259375 0.519426 0.035473 0.016250
0 0.114375 0.534628 0.048986 0.023750
0 0.575625 0.495777 0.028716 0.013750
0 0.438125 0.506757 0.030405 0.013750
0 0.349375 0.510980 0.032095 0.013750
0 0.180625 0.526182 0.038851 0.016250
2 0.092500 0.532939 0.038851 0.020000
2 0.060625 0.521959 0.013514 0.008750
2 0.464375 0.495777 0.032095 0.013750
0 0.538750 0.489865 0.020270 0.010000
2 0.333750 0.505068 0.027027 0.010000
0 0.608125 0.490709 0.025338 0.008750
0 0.410000 0.495777 0.018581 0.012500
