2 0.922607 0.643555 0.071777 0.103516
2 0.635498 0.485026 0.022949 0.041667
0 0.223145 0.704753 0.061523 0.133464
0 0.348145 0.495117 0.023438 0.037109
2 0.564941 0.446289 0.016602 0.029297
2 0.527832 0.425781 0.010742 0.019531
0 0.370850 0.454753 0.021973 0.033203
2 0.504639 0.413737 0.008301 0.014974
0 0.385254 0.433919 0.013672 0.021484
0 0.396240 0.419922 0.009277 0.018229
2 0.473145 0.407552 0.004883 0.007813
2 0.485352 0.411133 0.004883 0.012370
2 0.479004 0.408854 0.004883 0.010417
0 0.403320 0.414063 0.004883 0.013021
2 0.455566 0.403646 0.004883 0.006510
2 0.460938 0.404622 0.004883 0.007161
