0 0.295898 0.514974 0.048177 0.026367
2 0.680176 0.502604 0.049479 0.026367
1 0.555908 0.430013 0.030599 0.012207
0 0.401367 0.444661 0.022135 0.011719
2 0.567139 0.441081 0.022786 0.011230
1 0.411621 0.430339 0.029948 0.011719
1 0.416260 0.427083 0.029948 0.010254
0 0.426025 0.424479 0.015625 0.007324
2 0.537842 0.423177 0.015625 0.008301
0 0.441650 0.411458 0.010417 0.005371
0 0.456055 0.407552 0.009115 0.004883
1 0.549316 0.424479 0.027344 0.007813
0 0.431641 0.417318 0.013021 0.006836
2 0.527344 0.416016 0.013021 0.006836
2 0.526367 0.405599 0.007813 0.004883
2 0.516602 0.403320 0.007161 0.004883
