1 0.437760 0.415741 0.020313 0.050000
1 0.593229 0.351389 0.013542 0.015741
1 0.569271 0.345833 0.008333 0.023148
1 0.665365 0.358796 0.014063 0.017593
1 0.632812 0.355556 0.013542 0.016667
1 0.432552 0.396759 0.017188 0.039815
1 0.791406 0.458333 0.024479 0.059259
1 0.449740 0.338889 0.007812 0.020370
1 0.497917 0.325463 0.006250 0.017593
1 0.556510 0.322222 0.005729 0.014815
1 0.563542 0.321296 0.005208 0.014815
1 0.578646 0.312963 0.005208 0.009259
1 0.576562 0.301852 0.005208 0.009259
1 0.587500 0.307407 0.005208 0.009259
