2 0.323047 0.487500 0.038281 0.100000
2 0.294922 0.392361 0.021094 0.054167
1 0.513281 0.334722 0.010937 0.030556
2 0.361328 0.313194 0.010156 0.026389
2 0.722656 0.411111 0.018750 0.047222
2 0.851172 0.573611 0.039844 0.097222
2 0.678516 0.354861 0.013281 0.034722
2 0.287109 0.349306 0.014844 0.040278
2 0.658594 0.331944 0.007813 0.027778
2 0.441406 0.295833 0.007813 0.022222
1 0.559375 0.298611 0.007813 0.019444
2 0.480469 0.287500 0.007813 0.022222
2 0.108594 0.294444 0.007813 0.013889
2 0.639062 0.311806 0.007813 0.018056
1 0.193750 0.310417 0.007813 0.018056
2 0.084375 0.306944 0.007813 0.016667
2 0.512500 0.286111 0.007813 0.013889
2 0.344531 0.276389 0.007813 0.013889
2 0.268750 0.282639 0.007813 0.015278
2 0.288281 0.273611 0.007813 0.013889
2 0.201563 0.304861 0.007813 0.023611
2 0.242969 0.277778 0.007813 0.013889
2 0.631250 0.300000 0.007813 0.013889
