1 0.027344 0.590741 0.042188 0.105556
1 0.826562 0.651852 0.044792 0.131481
1 0.674479 0.369444 0.015625 0.053704
1 0.617188 0.366667 0.010417 0.029630
1 0.759896 0.362963 0.009375 0.022222
1 0.641667 0.346759 0.008333 0.023148
1 0.833854 0.396296 0.015625 0.050000
1 0.323177 0.350926 0.009896 0.029630
1 0.309115 0.375926 0.015104 0.038889
1 0.518750 0.331481 0.006250 0.022222
1 0.280469 0.347222 0.009896 0.025926
1 0.194531 0.356019 0.009896 0.026852
1 0.108073 0.376852 0.011979 0.029630
1 0.712500 0.318056 0.005208 0.017593
1 0.615365 0.313426 0.005729 0.013889
1 0.664062 0.312963 0.005208 0.011111
1 0.242448 0.318981 0.005729 0.015741
