0 0.201172 0.550130 0.043945 0.067708
0 0.375244 0.485352 0.025879 0.047526
2 0.825439 0.588216 0.047363 0.078776
2 0.843262 0.475586 0.019531 0.035807
0 0.470947 0.463216 0.020996 0.037109
0 0.587646 0.435221 0.014160 0.024089
0 0.723145 0.421875 0.008789 0.015625
0 0.660889 0.424805 0.011230 0.020182
2 0.846191 0.448242 0.011719 0.024089
2 0.829102 0.417643 0.006836 0.012370
2 0.822021 0.411784 0.006348 0.011068
2 0.845947 0.434570 0.008301 0.016276
2 0.837891 0.424479 0.007812 0.013021
2 0.814697 0.405924 0.005371 0.009766
0 0.746826 0.413737 0.009277 0.017578
2 0.807129 0.401693 0.004883 0.006510
2 0.800781 0.401042 0.004883 0.006510
