2 0.820625 0.509375 0.137500 0.028750
2 0.857500 0.607812 0.153125 0.040000
0 0.904375 0.743750 0.206250 0.051250
1 0.152500 0.648438 0.184375 0.042500
0 0.231250 0.587500 0.143750 0.040000
2 0.384375 0.454688 0.115625 0.026250
0 0.311875 0.532813 0.121875 0.023750
2 0.881250 0.529687 0.134375 0.037500
0 0.795000 0.462500 0.112500 0.027500
2 0.316875 0.495312 0.115625 0.026250
1 0.022500 0.760938 0.221875 0.045000
1 0.385625 0.323437 0.078125 0.018750
0 0.511875 0.385937 0.065625 0.013750
0 0.744375 0.414062 0.090625 0.013750
0 0.538750 0.364063 0.059375 0.010000
0 0.356250 0.300000 0.081250 0.015000
2 0.354375 0.389062 0.103125 0.023750
0 0.375000 0.325000 0.087500 0.017500
0 0.721250 0.439063 0.065625 0.030000
