2 0.872314 0.733073 0.145833 0.089355
2 0.573975 0.536784 0.069661 0.045410
2 0.155518 0.520508 0.051432 0.040527
2 0.225098 0.466797 0.036458 0.021484
2 0.437744 0.445964 0.029948 0.015137
2 0.404785 0.427409 0.026693 0.014648
2 0.185303 0.455729 0.031250 0.014160
2 0.263184 0.434896 0.023438 0.012695
2 0.140381 0.412109 0.015625 0.007324
2 0.218994 0.420247 0.014974 0.009277
2 0.292969 0.411133 0.011068 0.005859
2 0.132568 0.437826 0.021484 0.011230
2 0.278564 0.423177 0.016927 0.009277
2 0.379150 0.405599 0.013021 0.005371
2 0.299072 0.405273 0.012370 0.006348
2 0.307129 0.397135 0.009115 0.004883
2 0.371826 0.400716 0.011068 0.006348
2 0.364746 0.396810 0.007161 0.004883
2 0.386719 0.413086 0.013672 0.008789
