2 0.710693 0.534505 0.065104 0.036621
2 0.600098 0.466471 0.037109 0.018555
2 0.550537 0.433268 0.029297 0.016113
0 0.295166 0.545247 0.059245 0.032715
0 0.354980 0.474609 0.037760 0.024414
2 0.523438 0.418620 0.016927 0.008789
0 0.382813 0.442708 0.023438 0.014648
0 0.401611 0.425781 0.014323 0.009277
2 0.501953 0.414063 0.013021 0.006836
2 0.494385 0.411784 0.011068 0.007324
2 0.480469 0.410156 0.007813 0.005859
0 0.418457 0.413411 0.009115 0.004883
2 0.487305 0.411133 0.009766 0.004883
2 0.477051 0.407552 0.009115 0.004883
0 0.411621 0.416667 0.010417 0.004883
