2 0.450000 0.536111 0.027778 0.012500
2 0.270313 0.573611 0.030556 0.012500
2 0.319141 0.590278 0.050000 0.016406
2 0.328125 0.545833 0.016667 0.007813
2 0.209375 0.572917 0.020833 0.007813
2 0.267188 0.541667 0.013889 0.007813
2 0.215625 0.560417 0.015278 0.007813
2 0.719531 0.532639 0.070833 0.021875
2 0.567969 0.529861 0.040278 0.012500
2 0.258594 0.544444 0.013889 0.007813
2 0.344531 0.530556 0.013889 0.007813
2 0.319531 0.530556 0.013889 0.007813
2 0.106250 0.565278 0.013889 0.007813
2 0.078906 0.572222 0.013889 0.007813
