0 0.834375 0.590625 0.187500 0.068750
0 0.719375 0.428125 0.112500 0.038750
2 0.739375 0.260937 0.090625 0.026250
0 0.613125 0.350000 0.081250 0.023750
2 0.215625 0.715625 0.256250 0.098750
2 0.291875 0.403125 0.118750 0.038750
0 0.327500 0.242188 0.071875 0.017500
2 0.415000 0.145313 0.059375 0.015000
0 0.445000 0.300000 0.056250 0.012500
2 0.678125 0.282813 0.078125 0.023750
2 0.492500 0.265625 0.050000 0.010000
2 0.506250 0.234375 0.037500 0.007500
0 0.485000 0.239063 0.028125 0.007500
1 0.521250 0.228125 0.031250 0.007500
0 0.606875 0.287500 0.056250 0.013750
