0 0.666250 0.545312 0.134375 0.042500
2 0.605000 0.375000 0.068750 0.022500
2 0.330625 0.501563 0.121875 0.041250
0 0.455000 0.354687 0.059375 0.017500
0 0.505625 0.300000 0.043750 0.011250
0 0.625000 0.323437 0.046875 0.015000
2 0.903750 0.318750 0.056250 0.020000
0 0.780625 0.304688 0.046875 0.013750
2 0.263750 0.320312 0.053125 0.015000
2 0.684375 0.304688 0.040625 0.011250
2 0.076250 0.348438 0.065625 0.020000
2 0.390625 0.275000 0.037500 0.013750
2 0.565000 0.282813 0.046875 0.012500
0 0.632500 0.292187 0.040625 0.012500
2 0.804375 0.290625 0.037500 0.016250
