0 0.226875 0.552365 0.051250 0.091216
0 0.387500 0.426520 0.020000 0.038851
2 0.758750 0.471284 0.035000 0.064189
2 0.643750 0.420608 0.025000 0.040541
2 0.533125 0.403716 0.013750 0.030405
0 0.323125 0.410473 0.011250 0.027027
2 0.421875 0.396959 0.011250 0.020270
2 0.348750 0.396115 0.010000 0.018581
0 0.263125 0.406250 0.011250 0.025338
2 0.282500 0.395270 0.010000 0.020270
0 0.138125 0.405405 0.011250 0.020270
0 0.201250 0.405405 0.015000 0.020270
2 0.228125 0.396959 0.011250 0.013514
0 0.071250 0.405405 0.007500 0.016892
