0 0.956875 0.762500 0.187500 0.058750
0 0.850000 0.525000 0.106250 0.060000
2 0.708125 0.465625 0.106250 0.031250
0 0.618125 0.390625 0.062500 0.016250
2 0.413125 0.395313 0.065625 0.013750
2 0.433750 0.368750 0.050000 0.012500
2 0.315000 0.551562 0.084375 0.037500
2 0.581875 0.257812 0.040625 0.008750
0 0.668125 0.351562 0.040625 0.023750
2 0.333125 0.385937 0.071875 0.018750
0 0.376250 0.351562 0.040625 0.017500
0 0.399375 0.328125 0.031250 0.013750
1 0.608750 0.365625 0.037500 0.012500
0 0.550000 0.320312 0.040625 0.012500
2 0.441250 0.342187 0.046875 0.012500
2 0.565000 0.328125 0.031250 0.010000
