2 0.682861 0.539388 0.063151 0.032715
2 0.615234 0.475586 0.037109 0.022461
2 0.558105 0.425781 0.019531 0.010742
2 0.360596 0.469076 0.034505 0.020996
2 0.958496 0.790039 0.163411 0.082031
2 0.225098 0.440755 0.024740 0.015625
2 0.385010 0.449219 0.028646 0.015137
2 0.391357 0.436523 0.026693 0.012207
2 0.538818 0.416341 0.016276 0.009277
2 0.175537 0.462565 0.029297 0.017090
2 0.369873 0.417969 0.015625 0.010254
2 0.331787 0.413737 0.014974 0.008301
2 0.479248 0.408854 0.013021 0.007324
2 0.201904 0.422201 0.014974 0.010254
2 0.395020 0.405599 0.013021 0.007813
2 0.278809 0.412109 0.013021 0.007813
2 0.150146 0.419271 0.014323 0.008301
2 0.339844 0.403971 0.011068 0.006836
2 0.142334 0.410807 0.010417 0.006348
2 0.296143 0.403320 0.011068 0.006348
2 0.218994 0.415039 0.013672 0.008301
2 0.215820 0.405924 0.011068 0.005859
2 0.019043 0.434245 0.016927 0.011719
