2 0.411133 0.457682 0.016602 0.031250
2 0.705566 0.512370 0.029297 0.050781
2 0.627686 0.456380 0.016113 0.029948
2 0.646973 0.438151 0.011719 0.022135
2 0.587646 0.429688 0.009277 0.020833
2 0.444092 0.430339 0.010254 0.019531
2 0.463623 0.415690 0.007324 0.012370
2 0.284912 0.564128 0.040527 0.067057
2 0.909424 0.480794 0.020996 0.033203
2 0.825684 0.440430 0.010742 0.020182
2 0.573242 0.419596 0.008789 0.016276
2 0.624756 0.401693 0.005371 0.013021
2 0.467529 0.411133 0.005371 0.011068
2 0.559814 0.410156 0.005371 0.011719
2 0.488770 0.404297 0.004883 0.010417
2 0.518311 0.401042 0.005371 0.009115
2 0.548096 0.399740 0.005371 0.009115
2 0.777832 0.417318 0.008789 0.015625
2 0.765137 0.404297 0.004883 0.010417
2 0.697754 0.401367 0.004883 0.011068
2 0.916504 0.416667 0.006836 0.015625
