0 0.208252 0.675130 0.072754 0.104167
0 0.240967 0.505534 0.025879 0.047526
2 0.863770 0.498698 0.027344 0.048177
2 0.650391 0.473633 0.024414 0.043620
2 0.494629 0.449544 0.018555 0.033203
2 0.470215 0.432943 0.013672 0.024740
0 0.261719 0.456706 0.013672 0.026693
0 0.358887 0.425781 0.006836 0.015625
2 0.568359 0.423503 0.013672 0.021484
0 0.302490 0.436849 0.008301 0.018229
0 0.420410 0.418945 0.007813 0.014974
2 0.648193 0.414714 0.009277 0.015625
2 0.629883 0.407227 0.004883 0.012370
0 0.767578 0.405924 0.004883 0.011068
2 0.914307 0.415690 0.008301 0.016276
0 0.517822 0.413086 0.008301 0.013672
0 0.893066 0.404297 0.007813 0.015625
2 0.777588 0.413737 0.010254 0.018880
