2 0.842285 0.666016 0.121094 0.073242
2 0.193115 0.580729 0.082031 0.053223
2 0.345703 0.483724 0.042969 0.025391
2 0.330566 0.444987 0.027995 0.017578
2 0.627197 0.474284 0.037109 0.021973
2 0.439697 0.419271 0.016927 0.011230
2 0.560059 0.419922 0.016927 0.008789
2 0.549561 0.413086 0.012370 0.007324
2 0.574951 0.433919 0.022786 0.011230
2 0.540039 0.407552 0.009115 0.004883
2 0.466797 0.408203 0.010417 0.005859
2 0.476563 0.405599 0.010417 0.005859
2 0.320801 0.408854 0.013021 0.007813
2 0.046631 0.429688 0.019531 0.014160
