2 0.209375 0.545608 0.113750 0.199324
2 0.771875 0.505912 0.051250 0.082770
2 0.589375 0.508446 0.073750 0.114865
2 0.648750 0.477196 0.032500 0.055743
2 0.822500 0.497466 0.045000 0.069257
2 0.390625 0.462838 0.021250 0.040541
0 0.460625 0.452703 0.018750 0.033784
0 0.890625 0.487331 0.028750 0.045608
0 0.293750 0.444257 0.015000 0.030405
0 0.138125 0.434966 0.013750 0.028716
0 0.676875 0.467905 0.018750 0.037162
2 0.021875 0.440034 0.018750 0.032095
0 0.069375 0.432432 0.013750 0.027027
2 0.084375 0.444257 0.021250 0.037162
2 0.271250 0.456926 0.017500 0.038851
2 0.554375 0.475507 0.021250 0.038851
2 0.181875 0.448480 0.018750 0.038851
0 0.755625 0.472973 0.023750 0.043919
