2 0.678750 0.332813 0.078125 0.025000
2 0.815000 0.426563 0.121875 0.040000
0 0.862500 0.340625 0.068750 0.035000
0 0.807500 0.253125 0.062500 0.022500
0 0.386250 0.526563 0.134375 0.032500
0 0.420625 0.368750 0.087500 0.023750
2 0.441875 0.318750 0.062500 0.018750
2 0.600000 0.289062 0.053125 0.015000
2 0.461250 0.285938 0.046875 0.012500
0 0.581875 0.267188 0.053125 0.013750
2 0.295000 0.271875 0.062500 0.020000
2 0.192500 0.321875 0.075000 0.035000
2 0.691250 0.259375 0.043750 0.025000
2 0.470000 0.268750 0.043750 0.012500
2 0.378125 0.253125 0.031250 0.013750
0 0.496875 0.248438 0.034375 0.008750
0 0.543750 0.235937 0.028125 0.007500
0 0.033125 0.451562 0.078125 0.061250
0 0.422500 0.271875 0.031250 0.015000
1 0.485625 0.207813 0.040625 0.008750
2 0.600000 0.264062 0.040625 0.012500
