1 0.670410 0.487305 0.076172 0.032227
2 0.848145 0.632487 0.104818 0.059570
1 0.356689 0.491862 0.076172 0.033691
0 0.168701 0.653320 0.108724 0.070801
1 0.644531 0.473307 0.062500 0.024414
1 0.602783 0.456706 0.029297 0.014160
1 0.376709 0.476563 0.065104 0.024902
1 0.420166 0.456706 0.027995 0.014160
1 0.578613 0.442383 0.018880 0.012695
1 0.443359 0.439453 0.016927 0.010742
1 0.458496 0.430664 0.013672 0.007813
1 0.567139 0.431966 0.016276 0.009277
1 0.560547 0.427734 0.013021 0.007813
1 0.465332 0.426758 0.011068 0.005859
1 0.553955 0.424479 0.010417 0.005371
1 0.472900 0.422852 0.011068 0.006348
1 0.482422 0.416341 0.008464 0.004883
1 0.550293 0.421549 0.009766 0.004883
1 0.543457 0.417969 0.007813 0.004883
