2 0.093125 0.553209 0.187500 0.126250
2 0.321250 0.510980 0.106419 0.062500
2 0.471250 0.500845 0.082770 0.047500
2 0.718750 0.495777 0.052365 0.030000
2 0.586875 0.495777 0.059122 0.038750
0 0.915625 0.510980 0.082770 0.046250
2 0.883750 0.494932 0.050676 0.030000
2 0.688125 0.482264 0.028716 0.013750
0 0.976875 0.544764 0.136824 0.041250
2 0.616250 0.478885 0.025338 0.015000
2 0.549375 0.477196 0.021959 0.011250
2 0.756875 0.484797 0.023649 0.011250
2 0.850625 0.488176 0.027027 0.011250
0 0.536250 0.477196 0.018581 0.010000
2 0.405000 0.474662 0.020270 0.010000
2 0.253125 0.467061 0.018581 0.011250
2 0.210625 0.466216 0.020270 0.011250
0 0.362500 0.470439 0.018581 0.007500
0 0.282500 0.470439 0.015203 0.007500
0 0.243750 0.468750 0.015203 0.007500
0 0.665000 0.482264 0.018581 0.007500
0 0.774375 0.487331 0.021959 0.008750
