2 0.896875 0.653125 0.206250 0.078750
0 0.306875 0.687500 0.212500 0.058750
0 0.577500 0.368750 0.068750 0.020000
2 0.497500 0.306250 0.050000 0.012500
2 0.391875 0.390625 0.087500 0.023750
2 0.850000 0.334375 0.068750 0.020000
0 0.802500 0.290625 0.056250 0.015000
0 0.367500 0.323437 0.059375 0.017500
2 0.426875 0.281250 0.043750 0.008750
0 0.320000 0.298438 0.046875 0.012500
2 0.281250 0.287500 0.043750 0.012500
2 0.375625 0.268750 0.037500 0.008750
0 0.510000 0.281250 0.025000 0.012500
0 0.624375 0.259375 0.037500 0.011250
