0 0.940000 0.750000 0.218750 0.077500
2 0.331875 0.728125 0.218750 0.063750
2 0.203750 0.514062 0.115625 0.047500
0 0.121875 0.253125 0.137500 0.043750
0 0.435000 0.414062 0.065625 0.032500
2 0.767500 0.439063 0.096875 0.032500
0 0.475000 0.334375 0.050000 0.015000
2 0.413125 0.340625 0.056250 0.013750
2 0.511250 0.303125 0.037500 0.010000
0 0.715625 0.357812 0.059375 0.021250
1 0.491875 0.318750 0.043750 0.011250
1 0.547500 0.285938 0.028125 0.007500
2 0.618750 0.217188 0.059375 0.017500
2 0.571875 0.284375 0.025000 0.008750
0 0.294375 0.328125 0.056250 0.021250
2 0.532500 0.290625 0.025000 0.007500
0 0.397500 0.315625 0.043750 0.010000
2 0.751875 0.346875 0.043750 0.028750
0 0.667500 0.323437 0.040625 0.007500
0 0.713750 0.309375 0.043750 0.012500
