0 0.075439 0.646484 0.111979 0.076660
0 0.335938 0.524414 0.065755 0.037109
0 0.454346 0.485352 0.050130 0.028809
0 0.647461 0.436523 0.021484 0.011719
2 0.874023 0.496094 0.036458 0.022461
2 0.851074 0.460612 0.022786 0.014648
2 0.829346 0.435221 0.014974 0.009277
0 0.712646 0.432617 0.021484 0.011230
2 0.841797 0.446615 0.018229 0.009766
0 0.592773 0.448242 0.026693 0.014648
2 0.801758 0.420898 0.009766 0.005859
0 0.731201 0.426107 0.012370 0.008301
2 0.793457 0.414063 0.009115 0.004883
2 0.812256 0.426432 0.013021 0.007324
