2 0.796387 0.497070 0.029297 0.042318
2 0.745605 0.443685 0.015625 0.026693
0 0.436035 0.455729 0.014648 0.032552
0 0.117676 0.590495 0.057617 0.076823
2 0.740479 0.423828 0.010254 0.019531
2 0.753906 0.411784 0.009766 0.013672
0 0.558838 0.417643 0.008301 0.018880
0 0.693115 0.397461 0.005371 0.011068
2 0.779053 0.406250 0.006348 0.011719
0 0.624756 0.402669 0.008301 0.013672
0 0.734619 0.395508 0.005371 0.008464
1 0.703857 0.391602 0.009277 0.008464
2 0.809814 0.402018 0.007324 0.011068
2 0.847900 0.401367 0.007324 0.009766
1 0.869385 0.397135 0.009277 0.006510
0 0.837891 0.397461 0.004883 0.008464
