2 0.098437 0.890972 0.184722 0.087500
2 0.920703 0.638194 0.126389 0.042969
2 0.267188 0.614583 0.070833 0.026562
2 0.278906 0.512500 0.036111 0.014063
2 0.442188 0.467361 0.040278 0.012500
2 0.176953 0.495139 0.031944 0.010156
2 0.333594 0.461806 0.034722 0.010937
2 0.596875 0.499306 0.045833 0.018750
2 0.232813 0.495139 0.029167 0.010937
2 0.253125 0.470833 0.016667 0.007812
2 0.079297 0.510417 0.020833 0.008594
2 0.740625 0.431250 0.020833 0.007812
2 0.915625 0.441667 0.033333 0.017188
2 0.527344 0.426389 0.022222 0.007812
2 0.144922 0.500000 0.019444 0.008594
2 0.152344 0.485417 0.015278 0.007812
