0 0.323125 0.442188 0.140625 0.043750
0 0.385625 0.364063 0.109375 0.036250
2 0.485625 0.315625 0.087500 0.028750
0 0.715625 0.475000 0.175000 0.056250
0 0.670000 0.392188 0.134375 0.042500
0 0.873750 0.664062 0.259375 0.077500
2 0.096875 0.498437 0.196875 0.066250
2 0.240000 0.343750 0.125000 0.042500
0 0.676875 0.268750 0.075000 0.021250
2 0.965000 0.445312 0.228125 0.057500
0 0.078750 0.851562 0.284375 0.092500
2 0.328750 0.312500 0.100000 0.030000
2 0.823125 0.293750 0.087500 0.021250
2 0.758125 0.312500 0.106250 0.031250
0 0.718750 0.250000 0.062500 0.017500
1 0.859375 0.235937 0.078125 0.016250
0 0.931875 0.253125 0.081250 0.018750
