2 0.709473 0.548177 0.030273 0.059896
2 0.518555 0.500000 0.017578 0.033854
0 0.298340 0.509766 0.014648 0.032552
0 0.289551 0.557943 0.028320 0.055990
2 0.447266 0.477865 0.011719 0.023438
2 0.394043 0.470052 0.008789 0.018229
2 0.362305 0.466146 0.007812 0.015625
0 0.280762 0.491536 0.010742 0.022135
0 0.259766 0.481120 0.009766 0.016927
2 0.313477 0.462891 0.005859 0.014323
0 0.152832 0.476562 0.008789 0.015625
0 0.231445 0.478516 0.009766 0.016927
2 0.252441 0.464193 0.008789 0.016927
0 0.191406 0.476562 0.007812 0.015625
