0 0.295654 0.513346 0.052734 0.028809
2 0.680176 0.502279 0.052734 0.033203
1 0.555908 0.428385 0.032552 0.014160
0 0.401367 0.443359 0.020833 0.009766
2 0.566650 0.441081 0.024089 0.013184
1 0.411377 0.430339 0.029948 0.012207
0 0.425537 0.424154 0.013672 0.005371
0 0.431885 0.417643 0.011068 0.005371
2 0.537598 0.423177 0.014323 0.007813
2 0.527344 0.416341 0.011068 0.005859
1 0.549805 0.425130 0.028646 0.012695
1 0.415771 0.426432 0.031250 0.010254
0 0.440918 0.411458 0.010417 0.005859
0 0.456055 0.407552 0.007813 0.004883
2 0.512939 0.409180 0.009766 0.006348
