2 0.258125 0.625000 0.146250 0.256757
0 0.676250 0.494932 0.030000 0.060811
2 0.437500 0.554899 0.080000 0.143581
2 0.494375 0.527027 0.048750 0.104730
0 0.774375 0.493243 0.033750 0.064189
0 0.560000 0.495777 0.027500 0.052365
0 0.921250 0.494932 0.065000 0.091216
0 0.391875 0.505912 0.016250 0.032095
2 0.173750 0.525338 0.020000 0.030405
2 0.080625 0.525338 0.013750 0.020270
2 0.351875 0.520270 0.031250 0.054054
2 0.127500 0.525338 0.020000 0.030405
2 0.403125 0.524493 0.036250 0.072635
2 0.031875 0.534628 0.013750 0.025338
0 0.506250 0.498311 0.015000 0.043919
0 0.451250 0.500845 0.015000 0.035473
2 0.223750 0.521115 0.017500 0.038851
