2 0.872803 0.702148 0.086426 0.130859
2 0.645020 0.490560 0.025391 0.048828
2 0.243896 0.575521 0.047363 0.083333
2 0.596680 0.454753 0.017578 0.029297
2 0.575928 0.436198 0.015137 0.024740
2 0.122803 0.487956 0.021973 0.037109
2 0.281006 0.434570 0.013184 0.020182
2 0.416260 0.435547 0.014160 0.023438
2 0.401855 0.408203 0.007813 0.013021
2 0.549805 0.412109 0.007813 0.014323
2 0.535156 0.404948 0.007813 0.015625
2 0.427490 0.425130 0.009277 0.022135
2 0.299805 0.422852 0.007813 0.014974
2 0.367188 0.407227 0.005859 0.009766
2 0.320557 0.404622 0.006348 0.011068
2 0.120605 0.423828 0.008789 0.011719
2 0.033447 0.437174 0.010254 0.014974
2 0.262451 0.413411 0.007324 0.011719
2 0.488037 0.401367 0.006348 0.011068
2 0.416504 0.399740 0.004883 0.009115
2 0.214355 0.412109 0.006836 0.010417
