0 0.272656 0.756250 0.050000 0.137500
0 0.753516 0.541667 0.033594 0.083333
0 0.328125 0.586111 0.032813 0.080556
0 0.921484 0.463194 0.016406 0.054167
0 0.659375 0.495139 0.029687 0.068056
0 0.073438 0.587500 0.017188 0.047222
1 0.588281 0.460417 0.017188 0.051389
0 0.828125 0.444444 0.014063 0.047222
1 0.341016 0.524306 0.017969 0.059722
0 0.535937 0.449306 0.014063 0.037500
0 0.519141 0.435417 0.011719 0.029167
0 0.832422 0.411111 0.010156 0.030556
1 0.762109 0.427778 0.013281 0.038889
0 0.353906 0.494444 0.015625 0.038889
0 0.905078 0.420833 0.011719 0.033333
1 0.424219 0.443056 0.009375 0.025000
0 0.776953 0.405556 0.011719 0.030556
0 0.985156 0.434722 0.012500 0.038889
0 0.726172 0.397917 0.008594 0.020833
0 0.360156 0.470833 0.012500 0.033333
0 0.143359 0.537500 0.011719 0.036111
0 0.698828 0.417361 0.010156 0.031944
