2 0.902500 0.721875 0.212500 0.075000
2 0.370625 0.589063 0.159375 0.046250
2 0.395000 0.400000 0.087500 0.022500
2 0.716875 0.421875 0.100000 0.036250
0 0.571875 0.334375 0.062500 0.018750
2 0.375625 0.339062 0.059375 0.016250
2 0.650000 0.295312 0.046875 0.012500
2 0.494375 0.275000 0.037500 0.008750
2 0.554375 0.296875 0.043750 0.011250
0 0.615000 0.276562 0.040625 0.012500
2 0.386875 0.312500 0.050000 0.013750
0 0.753750 0.292187 0.046875 0.012500
0 0.428750 0.293750 0.050000 0.015000
0 0.955000 0.300000 0.043750 0.012500
2 0.975625 0.371875 0.043750 0.018750
2 0.530000 0.256250 0.018750 0.007500
2 0.680000 0.278125 0.025000 0.010000
0 0.668125 0.251563 0.021875 0.008750
2 0.805625 0.278125 0.043750 0.016250
0 0.706250 0.267188 0.028125 0.007500
2 0.695000 0.260937 0.028125 0.007500
0 0.637500 0.245312 0.021875 0.007500
