2 0.228516 0.566667 0.047222 0.016406
0 0.282031 0.601389 0.063889 0.031250
0 0.103516 0.901389 0.188889 0.105469
2 0.346094 0.523611 0.027778 0.010937
2 0.296094 0.518750 0.026389 0.007813
2 0.325781 0.505556 0.022222 0.007813
2 0.066016 0.582639 0.037500 0.014844
2 0.650781 0.488194 0.037500 0.012500
2 0.760547 0.532639 0.062500 0.024219
2 0.281250 0.523611 0.025000 0.009375
2 0.310156 0.513889 0.022222 0.009375
1 0.034766 0.601389 0.044444 0.014844
1 0.016406 0.604861 0.045833 0.015625
2 0.082031 0.561111 0.027778 0.010937
2 0.182812 0.527083 0.026389 0.009375
