0 0.227051 0.572591 0.072266 0.041016
2 0.804199 0.586263 0.080078 0.047852
0 0.399414 0.454753 0.027995 0.014648
2 0.611572 0.444987 0.027995 0.012207
0 0.469727 0.425781 0.018229 0.007813
0 0.504395 0.413737 0.014974 0.005859
2 0.602539 0.421224 0.014323 0.006836
2 0.584717 0.409505 0.011719 0.005371
0 0.507813 0.406576 0.009766 0.004883
2 0.557861 0.402018 0.008464 0.005371
2 0.543945 0.398763 0.009766 0.004883
2 0.564453 0.396159 0.007161 0.004883
0 0.493164 0.401367 0.007161 0.004883
0 0.503662 0.405599 0.010417 0.005371
2 0.597656 0.396159 0.007161 0.004883
