2 0.699707 0.559896 0.043945 0.072917
2 0.624023 0.483073 0.025391 0.045573
2 0.383301 0.453125 0.015625 0.028646
2 0.354492 0.474935 0.017578 0.035807
2 0.221436 0.440104 0.011230 0.020833
2 0.392334 0.439453 0.011230 0.023438
2 0.370850 0.419922 0.008301 0.016927
2 0.164307 0.464844 0.015137 0.029948
2 0.543701 0.417643 0.010254 0.016276
2 0.563477 0.427734 0.011719 0.020833
2 0.332520 0.415039 0.007813 0.014974
2 0.279541 0.412435 0.008301 0.013672
2 0.483154 0.410482 0.008301 0.013672
2 0.200928 0.424154 0.009277 0.013672
2 0.218750 0.415365 0.008789 0.013021
2 0.149658 0.419596 0.008301 0.013672
2 0.398682 0.406576 0.006348 0.011068
2 0.343018 0.404622 0.005371 0.008464
2 0.096191 0.431641 0.011719 0.016927
2 0.142822 0.410156 0.007324 0.013021
2 0.298340 0.403320 0.006836 0.012370
