2 0.251250 0.622466 0.319257 0.215000
2 0.476250 0.538851 0.168919 0.102500
2 0.768125 0.513514 0.081081 0.046250
2 0.653750 0.516892 0.097973 0.055000
2 0.612500 0.497466 0.042230 0.022500
2 0.361250 0.483953 0.035473 0.020000
0 0.415000 0.475507 0.035473 0.020000
0 0.811875 0.497466 0.038851 0.018750
0 0.691250 0.488176 0.040541 0.020000
2 0.518750 0.489865 0.043919 0.025000
0 0.935625 0.504223 0.045608 0.026250
0 0.338125 0.469595 0.037162 0.018750
0 0.078750 0.459459 0.033784 0.015000
2 0.142500 0.473818 0.032095 0.017500
2 0.051875 0.471284 0.033784 0.021250
2 0.240000 0.477196 0.042230 0.022500
2 0.791875 0.505912 0.069257 0.023750
2 0.755625 0.497466 0.055743 0.026250
