0 0.215576 0.654297 0.065918 0.118490
2 0.891357 0.643229 0.065918 0.108073
2 0.658203 0.477539 0.020508 0.038411
2 0.687256 0.430990 0.013184 0.023438
2 0.583740 0.417969 0.010254 0.018229
0 0.400635 0.477214 0.023926 0.039063
2 0.608154 0.435221 0.012207 0.022786
2 0.772949 0.451172 0.014648 0.029948
0 0.448242 0.436198 0.013672 0.026042
2 0.635986 0.412760 0.008301 0.015625
2 0.614502 0.403971 0.006348 0.012370
0 0.811523 0.427734 0.012695 0.019531
2 0.573486 0.407878 0.009277 0.016276
0 0.903320 0.439779 0.014648 0.025391
2 0.978516 0.482422 0.022461 0.041667
0 0.459473 0.419922 0.009766 0.018229
0 0.478027 0.403646 0.006836 0.014323
2 0.565186 0.402995 0.006348 0.013021
0 0.705811 0.404622 0.008301 0.014974
0 0.744385 0.414063 0.010254 0.016927
0 0.469238 0.410482 0.006836 0.012370
0 0.481934 0.399089 0.004883 0.011719
2 0.593750 0.397786 0.004883 0.009115
0 0.666992 0.397135 0.004883 0.007813
2 0.560059 0.399414 0.004883 0.009766
0 0.678223 0.399089 0.004883 0.009115
0 0.643066 0.396159 0.004883 0.007161
2 0.598633 0.400391 0.005859 0.010417
2 0.587402 0.396159 0.004883 0.008464
2 0.542969 0.394857 0.004883 0.008464
2 0.555664 0.396810 0.004883 0.009766
2 0.554688 0.398112 0.004883 0.009766
