0 0.223145 0.541667 0.036133 0.059896
2 0.637939 0.524740 0.034668 0.055990
2 0.728027 0.496745 0.027344 0.036458
2 0.524170 0.459635 0.015137 0.020833
2 0.474365 0.440430 0.012207 0.025391
0 0.296143 0.473633 0.019043 0.033203
0 0.276611 0.458984 0.014160 0.027344
2 0.614990 0.449219 0.014160 0.027344
0 0.176514 0.460938 0.020996 0.018229
0 0.905029 0.476888 0.015137 0.034505
0 0.758545 0.446615 0.015137 0.026042
2 0.396484 0.434896 0.009766 0.019531
2 0.318848 0.433919 0.009766 0.021484
2 0.560303 0.429036 0.010254 0.018229
2 0.528809 0.418294 0.008789 0.014974
2 0.191406 0.440755 0.010742 0.019531
0 0.617432 0.414062 0.007324 0.015625
0 0.106201 0.458333 0.018066 0.028646
0 0.667480 0.428060 0.013672 0.017578
0 0.582031 0.407878 0.004883 0.011068
0 0.564453 0.404297 0.004883 0.011719
0 0.536865 0.398112 0.005371 0.008464
2 0.489258 0.404622 0.005859 0.011068
2 0.480713 0.401367 0.005371 0.009766
2 0.046387 0.448893 0.015625 0.017578
2 0.507080 0.411784 0.007324 0.009766
0 0.549072 0.401367 0.005371 0.007161
0 0.526855 0.396484 0.004883 0.007812
0 0.516602 0.392904 0.004883 0.007161
