0 0.161133 0.573893 0.041992 0.074870
2 0.687012 0.488932 0.023438 0.044271
2 0.932617 0.639323 0.062500 0.097656
0 0.308838 0.469727 0.020996 0.035807
0 0.533691 0.411133 0.007813 0.017578
2 0.659668 0.452148 0.014648 0.025391
0 0.443359 0.432292 0.010742 0.022135
2 0.664307 0.427734 0.012207 0.019531
2 0.726074 0.405924 0.006836 0.011068
2 0.698486 0.409505 0.007324 0.013021
0 0.657227 0.398112 0.004883 0.008464
2 0.675293 0.418294 0.007813 0.013672
0 0.594238 0.402018 0.004883 0.009766
2 0.759521 0.402995 0.005371 0.010417
2 0.872314 0.405273 0.005371 0.009766
2 0.829590 0.403646 0.004883 0.009115
0 0.744141 0.398112 0.004883 0.007161
2 0.798340 0.402669 0.004883 0.008464
0 0.696777 0.397135 0.004883 0.010417
1 0.821533 0.398438 0.005371 0.010417
0 0.795410 0.400065 0.004883 0.007161
1 0.915527 0.403971 0.004883 0.009766
0 0.839355 0.402018 0.004883 0.007161
