0 0.849375 0.559966 0.140203 0.081250
2 0.191875 0.509291 0.106419 0.056250
0 0.708750 0.525338 0.081081 0.045000
2 0.274375 0.497466 0.082770 0.033750
0 0.615625 0.510980 0.062500 0.026250
0 0.528750 0.499155 0.042230 0.020000
0 0.565000 0.501689 0.043919 0.020000
0 0.454375 0.494088 0.035473 0.013750
2 0.112500 0.480574 0.042230 0.020000
0 0.161250 0.478885 0.035473 0.020000
2 0.333125 0.493243 0.060811 0.031250
2 0.351250 0.491554 0.050676 0.022500
2 0.227500 0.483108 0.037162 0.017500
2 0.013125 0.476351 0.040541 0.018750
0 0.312500 0.487331 0.028716 0.010000
0 0.251875 0.486486 0.033784 0.013750
0 0.065000 0.479730 0.030405 0.017500
