1 0.926758 0.703125 0.217448 0.110352
0 0.322266 0.521484 0.061198 0.030273
1 0.219727 0.589518 0.145182 0.063477
1 0.803223 0.600911 0.153646 0.065430
1 0.067871 0.727214 0.234375 0.104492
2 0.675537 0.506510 0.050781 0.023926
0 0.393311 0.457357 0.034505 0.015137
2 0.604980 0.461263 0.034505 0.018555
2 0.547363 0.413411 0.015625 0.008789
0 0.431641 0.423503 0.017578 0.009766
2 0.561279 0.425781 0.019531 0.011230
2 0.536865 0.407227 0.012370 0.006348
0 0.445557 0.411784 0.014974 0.007324
0 0.450195 0.405273 0.011068 0.004883
2 0.528809 0.400716 0.009766 0.004883
