0 0.843750 0.637500 0.200000 0.072500
2 0.389375 0.528125 0.131250 0.041250
0 0.260000 0.448437 0.078125 0.037500
0 0.666250 0.390625 0.087500 0.027500
0 0.481250 0.362500 0.075000 0.020000
0 0.702500 0.304688 0.046875 0.012500
0 0.555000 0.317188 0.053125 0.012500
2 0.665625 0.331250 0.062500 0.016250
2 0.328125 0.303125 0.050000 0.008750
0 0.426250 0.298438 0.046875 0.010000
0 0.888125 0.284375 0.062500 0.013750
2 0.108125 0.337500 0.056250 0.021250
0 0.227500 0.303125 0.050000 0.015000
0 0.125000 0.314063 0.046875 0.020000
2 0.772500 0.284375 0.050000 0.017500
2 0.835625 0.264062 0.053125 0.018750
2 0.935000 0.275000 0.062500 0.017500
