0 0.675000 0.545312 0.240625 0.077500
2 0.190625 0.376563 0.159375 0.041250
0 0.139375 0.306250 0.131250 0.036250
2 0.226250 0.278125 0.118750 0.030000
1 0.282500 0.254688 0.103125 0.030000
0 0.030000 0.496875 0.200000 0.060000
0 0.430000 0.229687 0.090625 0.022500
0 0.338750 0.214062 0.084375 0.025000
0 0.638125 0.392188 0.159375 0.036250
0 0.364375 0.195312 0.078125 0.021250
2 0.870000 0.306250 0.218750 0.065000
0 0.972500 0.639062 0.303125 0.052500
0 0.387500 0.182812 0.071875 0.020000
2 0.463125 0.171875 0.068750 0.018750
2 0.425000 0.150000 0.056250 0.012500
0 0.485625 0.139063 0.046875 0.011250
2 0.580625 0.114062 0.053125 0.011250
0 0.440625 0.140625 0.062500 0.016250
0 0.531875 0.128125 0.043750 0.011250
