2 0.161719 0.866667 0.175000 0.064062
2 0.272266 0.550000 0.055556 0.017969
2 0.872656 0.679167 0.105556 0.037500
2 0.513281 0.499306 0.056944 0.021875
2 0.356250 0.473611 0.027778 0.009375
2 0.225000 0.507639 0.048611 0.015625
2 0.691406 0.431250 0.023611 0.007812
2 0.678906 0.420139 0.020833 0.007812
2 0.791406 0.427083 0.023611 0.007812
2 0.528125 0.420139 0.015278 0.007812
2 0.596875 0.422917 0.023611 0.007812
2 0.278906 0.469444 0.022222 0.007812
2 0.896875 0.422917 0.020833 0.007812
2 0.741406 0.419444 0.019444 0.007812
2 0.174609 0.496528 0.023611 0.008594
2 0.780469 0.415972 0.018056 0.007812
2 0.542578 0.431250 0.023611 0.008594
2 0.455469 0.431250 0.018056 0.007812
2 0.231250 0.464583 0.018056 0.007812
