2 0.595000 0.500000 0.042500 0.077703
2 0.368750 0.417230 0.017500 0.037162
2 0.409375 0.439189 0.023750 0.047297
0 0.096875 0.425676 0.018750 0.037162
0 0.222500 0.404561 0.015000 0.028716
2 0.410000 0.399493 0.017500 0.028716
0 0.295000 0.392736 0.012500 0.025338
2 0.441250 0.379223 0.012500 0.018581
0 0.310000 0.386824 0.012500 0.023649
0 0.261875 0.385135 0.011250 0.023649
2 0.491875 0.386824 0.013750 0.027027
0 0.210625 0.382601 0.011250 0.025338
1 0.732500 0.375000 0.015000 0.016892
1 0.856250 0.363176 0.010000 0.023649
1 0.790000 0.361486 0.015000 0.027027
2 0.370000 0.379223 0.012500 0.025338
1 0.821250 0.380912 0.015000 0.018581
1 0.878125 0.359797 0.008750 0.020270
1 0.838125 0.353885 0.011250 0.018581
1 0.701875 0.356419 0.008750 0.013514
1 0.586250 0.363176 0.007500 0.016892
1 0.608125 0.364020 0.008750 0.011824
1 0.683750 0.355574 0.007500 0.015203
1 0.668750 0.360642 0.007500 0.015203
