2 0.796631 0.491211 0.050130 0.025879
0 0.140381 0.647786 0.095052 0.061035
2 0.625000 0.456055 0.035807 0.019531
2 0.284180 0.437500 0.019531 0.008789
0 0.274170 0.510417 0.046875 0.022949
2 0.488281 0.439453 0.024740 0.012695
0 0.188721 0.481120 0.036458 0.017090
2 0.379883 0.435547 0.024740 0.012695
2 0.171631 0.441081 0.018880 0.011230
2 0.196777 0.426758 0.014974 0.008789
2 0.134033 0.439453 0.016927 0.013184
0 0.054688 0.472331 0.034505 0.013672
0 0.246338 0.411784 0.012370 0.007324
2 0.260010 0.416341 0.014974 0.008301
0 0.145996 0.426107 0.012370 0.006836
2 0.353516 0.405599 0.011719 0.005859
0 0.332031 0.404297 0.011719 0.005859
2 0.443604 0.397786 0.010417 0.005371
2 0.520752 0.391927 0.009115 0.005371
0 0.554199 0.387044 0.007161 0.004883
1 0.283691 0.400716 0.008464 0.004883
0 0.054688 0.436523 0.014974 0.008789
0 0.415039 0.396159 0.008464 0.004883
0 0.483398 0.389974 0.009115 0.004883
1 0.627930 0.383464 0.009115 0.004883
1 0.636230 0.383789 0.011068 0.004883
2 0.649414 0.386393 0.007161 0.004883
2 0.591797 0.387695 0.007161 0.004883
2 0.693359 0.385742 0.008464 0.004883
1 0.670166 0.385417 0.010417 0.005371
1 0.663086 0.383789 0.012370 0.004883
0 0.718262 0.385742 0.007161 0.004883
