2 0.266357 0.567708 0.078125 0.046387
2 0.589600 0.460286 0.029948 0.017090
2 0.403076 0.466471 0.031901 0.017090
2 0.667236 0.536784 0.061849 0.034668
2 0.564941 0.440104 0.020833 0.010742
2 0.453125 0.433268 0.020182 0.011719
2 0.468262 0.428385 0.013021 0.006836
2 0.552246 0.431966 0.016276 0.007813
2 0.320068 0.443034 0.020182 0.011230
2 0.263184 0.427734 0.009115 0.004883
2 0.305664 0.434245 0.013021 0.006836
2 0.397949 0.427734 0.011719 0.006836
2 0.485107 0.422852 0.009766 0.005371
2 0.249023 0.424479 0.009115 0.004883
2 0.103516 0.445964 0.014323 0.009766
2 0.135742 0.439453 0.013021 0.007813
2 0.130127 0.432617 0.009766 0.005371
2 0.048828 0.442383 0.013672 0.007813
2 0.322754 0.421549 0.008464 0.004883
2 0.183105 0.433919 0.011068 0.006836
2 0.406250 0.421224 0.009115 0.004883
2 0.375000 0.417318 0.007813 0.004883
2 0.538818 0.422526 0.010417 0.005371
2 0.533691 0.419922 0.010417 0.004883
2 0.276367 0.420898 0.008464 0.004883
2 0.310059 0.417643 0.007161 0.004883
2 0.416016 0.412435 0.008464 0.004883
2 0.225586 0.420573 0.009115 0.005859
2 0.289063 0.412760 0.006510 0.004883
