2 0.818115 0.593099 0.078125 0.043457
2 0.379150 0.484701 0.039714 0.021973
2 0.663574 0.483073 0.045573 0.027344
2 0.055176 0.767578 0.143229 0.092773
2 0.600342 0.441081 0.022786 0.011230
2 0.580322 0.426758 0.018880 0.010254
2 0.456299 0.422526 0.016927 0.007324
2 0.673828 0.452148 0.026693 0.012695
2 0.562988 0.415039 0.013672 0.006836
2 0.430420 0.442708 0.023438 0.013184
2 0.878662 0.452799 0.025391 0.016113
2 0.808105 0.424154 0.020182 0.010742
2 0.517822 0.404948 0.010417 0.006348
2 0.485352 0.408529 0.012370 0.004883
2 0.566895 0.410156 0.011719 0.005859
2 0.462402 0.417643 0.013672 0.005859
2 0.550049 0.403320 0.009766 0.005371
2 0.632568 0.404297 0.013021 0.007324
2 0.639648 0.399740 0.010417 0.004883
2 0.592773 0.401042 0.010417 0.004883
2 0.711670 0.405599 0.011719 0.006348
2 0.687744 0.400065 0.009766 0.005371
2 0.832764 0.403320 0.012370 0.005371
2 0.464844 0.412435 0.012370 0.006836
2 0.757568 0.400716 0.009766 0.005371
2 0.784180 0.408203 0.011719 0.006836
2 0.868652 0.414388 0.013672 0.006836
