0 0.307129 0.554362 0.070964 0.041016
2 0.771973 0.547852 0.046224 0.043945
2 0.859375 0.495768 0.047526 0.028320
0 0.405762 0.464193 0.033854 0.020508
2 0.659424 0.460286 0.035156 0.020020
2 0.720215 0.441406 0.027344 0.015625
2 0.616699 0.435221 0.025391 0.014648
2 0.593506 0.421875 0.018229 0.012207
2 0.666748 0.427083 0.015625 0.011230
0 0.445312 0.435872 0.017578 0.013672
0 0.457031 0.421875 0.015625 0.008789
2 0.638916 0.416667 0.015625 0.007324
0 0.910889 0.455078 0.018229 0.021973
0 0.767334 0.421224 0.014323 0.008301
2 0.577881 0.417318 0.010417 0.008301
0 0.695312 0.412435 0.011068 0.004883
0 0.798584 0.428060 0.020182 0.012207
0 0.742432 0.417969 0.010417 0.008301
2 0.573486 0.412760 0.013021 0.007324
0 0.552734 0.406576 0.009766 0.004883
0 0.497314 0.408854 0.009115 0.008301
2 0.592285 0.410807 0.010417 0.004883
0 0.464355 0.410482 0.012370 0.004883
0 0.460449 0.413737 0.009766 0.004883
2 0.621826 0.414388 0.009766 0.008301
