2 0.166992 0.517904 0.054036 0.027344
2 0.700439 0.574870 0.076823 0.043457
2 0.591309 0.465820 0.033203 0.017578
2 0.351563 0.468099 0.032552 0.018555
2 0.155029 0.589193 0.074219 0.044434
2 0.194092 0.453451 0.025391 0.015137
2 0.399170 0.441732 0.020182 0.011230
2 0.434814 0.418620 0.015625 0.008301
2 0.334961 0.429036 0.018229 0.010742
2 0.447266 0.411784 0.012370 0.006836
2 0.555664 0.432617 0.018880 0.009766
2 0.545898 0.419596 0.016276 0.008789
2 0.268799 0.410482 0.011068 0.008301
2 0.536133 0.410482 0.011068 0.005859
2 0.462891 0.400391 0.007813 0.004883
2 0.132324 0.413086 0.012370 0.007813
2 0.528320 0.404948 0.009115 0.004883
2 0.157227 0.420898 0.014974 0.008789
2 0.180420 0.406250 0.011719 0.006348
2 0.119141 0.408529 0.011068 0.004883
