0 0.281006 0.513346 0.027832 0.046224
2 0.564209 0.444336 0.015137 0.026693
2 0.605469 0.481771 0.022461 0.039063
2 0.539795 0.423828 0.009277 0.016927
0 0.393066 0.445313 0.011719 0.023438
0 0.442139 0.417643 0.006348 0.012370
0 0.428711 0.424154 0.007813 0.013672
0 0.462891 0.408203 0.004883 0.009115
0 0.454590 0.411784 0.004883 0.009766
2 0.526367 0.411133 0.004883 0.011068
0 0.469727 0.405924 0.004883 0.007161
2 0.533447 0.415039 0.006348 0.012370
2 0.948975 0.842122 0.094238 0.201172
2 0.522949 0.407227 0.004883 0.009766
