2 0.803467 0.568034 0.078776 0.048340
2 0.378906 0.495117 0.041016 0.024414
2 0.428467 0.449870 0.029948 0.015137
2 0.596924 0.440755 0.023438 0.012207
2 0.450928 0.433268 0.018880 0.008301
2 0.554199 0.422852 0.012370 0.004883
2 0.962891 0.471029 0.034505 0.024414
2 0.604736 0.426107 0.016276 0.008301
2 0.460693 0.424154 0.014974 0.007324
2 0.881836 0.432617 0.016276 0.008789
2 0.897461 0.428060 0.012370 0.007813
2 0.846436 0.423828 0.011719 0.006348
2 0.738525 0.423177 0.013021 0.007324
2 0.669434 0.415039 0.009766 0.004883
2 0.549561 0.418945 0.011068 0.005371
2 0.598633 0.413737 0.009766 0.004883
2 0.611328 0.411133 0.008464 0.004883
2 0.751709 0.420247 0.011068 0.005371
2 0.732422 0.409831 0.009766 0.004883
2 0.662109 0.414063 0.010417 0.004883
2 0.468018 0.417969 0.013021 0.006348
2 0.537598 0.413737 0.011068 0.005859
2 0.547363 0.409831 0.008464 0.004883
