2 0.372500 0.437500 0.106250 0.025000
0 0.387500 0.345313 0.059375 0.015000
2 0.603750 0.332813 0.071875 0.020000
2 0.341875 0.309375 0.043750 0.011250
0 0.958125 0.639062 0.190625 0.058750
2 0.667500 0.373437 0.078125 0.022500
0 0.217500 0.350000 0.056250 0.017500
0 0.516250 0.293750 0.043750 0.010000
1 0.446250 0.284375 0.037500 0.010000
2 0.084375 0.353125 0.050000 0.016250
0 0.349375 0.287500 0.031250 0.008750
0 0.531250 0.270313 0.028125 0.007500
2 0.134375 0.298438 0.034375 0.011250
0 0.428750 0.265625 0.025000 0.007500
