2 0.339844 0.499023 0.024414 0.048828
2 0.709473 0.517904 0.030273 0.059245
2 0.765381 0.464193 0.020996 0.029948
2 0.404053 0.446289 0.014160 0.029297
2 0.582275 0.438802 0.014160 0.023438
2 0.558838 0.423177 0.009277 0.016927
2 0.578857 0.416016 0.008301 0.015625
2 0.541992 0.411458 0.006836 0.014323
2 0.430908 0.422852 0.009277 0.017578
2 0.714844 0.432617 0.009766 0.020182
2 0.824951 0.431641 0.011230 0.018229
2 0.704346 0.417969 0.008301 0.015625
2 0.844727 0.432617 0.009766 0.017578
2 0.443115 0.412109 0.007324 0.014323
2 0.526367 0.400391 0.004883 0.011719
2 0.470215 0.395508 0.004883 0.011068
2 0.534180 0.405599 0.007813 0.014323
2 0.976074 0.727865 0.045898 0.136719
2 0.872559 0.417643 0.006836 0.013672
2 0.639648 0.393555 0.004883 0.008464
2 0.627197 0.390299 0.005371 0.008464
2 0.748047 0.399414 0.004883 0.009766
2 0.589844 0.390951 0.004883 0.008464
2 0.580322 0.394206 0.005371 0.009766
2 0.689941 0.405273 0.006836 0.012370
