2 0.864502 0.617513 0.053223 0.091797
2 0.277344 0.559245 0.031250 0.072917
2 0.863037 0.491862 0.027832 0.050130
2 0.618652 0.451497 0.021484 0.035807
2 0.400879 0.462891 0.025391 0.045573
2 0.438477 0.427734 0.016602 0.032552
2 0.588867 0.430664 0.010742 0.020182
2 0.773438 0.443359 0.014648 0.024740
2 0.567139 0.416016 0.008301 0.015625
2 0.609619 0.420898 0.009277 0.017578
2 0.749512 0.424154 0.007813 0.014974
2 0.456787 0.415690 0.008301 0.014974
2 0.468994 0.406250 0.006348 0.011719
2 0.558105 0.409180 0.006836 0.013672
2 0.548340 0.402344 0.005859 0.010417
2 0.893066 0.440104 0.012695 0.019531
2 0.937744 0.422852 0.010254 0.016276
2 0.846680 0.408203 0.007813 0.013021
2 0.489258 0.398112 0.004883 0.009766
2 0.552734 0.399414 0.004883 0.009766
2 0.606445 0.396159 0.004883 0.009766
2 0.919434 0.442383 0.011719 0.021484
2 0.788574 0.402344 0.006836 0.011719
2 0.514648 0.395508 0.004883 0.008464
2 0.728271 0.408854 0.006348 0.013021
2 0.576660 0.392578 0.004883 0.009115
2 0.655273 0.392578 0.004883 0.009115
2 0.727539 0.398112 0.004883 0.009766
2 0.712891 0.393555 0.004883 0.008464
2 0.669922 0.395833 0.005859 0.010417
2 0.541016 0.393880 0.004883 0.009115
2 0.820557 0.399740 0.005371 0.009115
2 0.955322 0.417643 0.007324 0.013672
2 0.615723 0.392253 0.004883 0.008464
2 0.473389 0.400065 0.005371 0.009766
2 0.773438 0.395833 0.004883 0.009115
2 0.878662 0.406901 0.007324 0.013021
