2 0.229004 0.626953 0.098958 0.051758
2 0.474365 0.514648 0.054036 0.031738
2 0.518555 0.471680 0.035807 0.020508
2 0.297852 0.461263 0.030599 0.016602
2 0.222900 0.486979 0.040365 0.021973
2 0.498535 0.452799 0.029297 0.016602
2 0.485840 0.438151 0.023438 0.011719
2 0.341309 0.438802 0.019531 0.011719
2 0.216064 0.434570 0.014974 0.008301
2 0.362793 0.427734 0.015625 0.008789
2 0.069092 0.457357 0.018880 0.013184
2 0.472412 0.420898 0.017578 0.008301
2 0.390625 0.412435 0.011068 0.005859
2 0.381348 0.417643 0.013672 0.007813
2 0.302490 0.419922 0.013021 0.007324
2 0.340576 0.427083 0.015625 0.007324
2 0.234131 0.414388 0.012370 0.006348
2 0.400391 0.405599 0.009115 0.004883
2 0.406738 0.402995 0.006510 0.004883
