0 0.691250 0.457813 0.071875 0.040000
0 0.081250 0.900000 0.193750 0.092500
2 0.311875 0.440625 0.093750 0.033750
0 0.428125 0.362500 0.062500 0.016250
0 0.623125 0.370312 0.071875 0.018750
0 0.231250 0.357812 0.059375 0.015000
2 0.943750 0.725000 0.193750 0.092500
2 0.103750 0.412500 0.087500 0.027500
0 0.153750 0.339062 0.053125 0.015000
0 0.406250 0.325000 0.043750 0.012500
2 0.582500 0.326562 0.053125 0.015000
0 0.339375 0.318750 0.043750 0.011250
2 0.525625 0.290625 0.037500 0.008750
0 0.708750 0.103125 0.068750 0.022500
0 0.789375 0.101562 0.071875 0.023750
0 0.271250 0.298438 0.034375 0.010000
0 0.196875 0.306250 0.037500 0.011250
2 0.072500 0.328125 0.043750 0.015000
0 0.458750 0.278125 0.031250 0.007500
2 0.512500 0.281250 0.031250 0.007500
0 0.888750 0.095312 0.078125 0.025000
0 0.340000 0.281250 0.031250 0.007500
1 0.367500 0.259375 0.018750 0.007500
2 0.241250 0.271875 0.025000 0.007500
0 0.423750 0.259375 0.018750 0.007500
0 0.555625 0.307812 0.034375 0.013750
1 0.315000 0.262500 0.025000 0.007500
2 0.351250 0.267188 0.028125 0.007500
2 0.482500 0.262500 0.037500 0.007500
0 0.333750 0.290625 0.031250 0.007500
2 0.194375 0.273438 0.028125 0.008750
2 0.230000 0.267188 0.028125 0.007500
2 0.145000 0.281250 0.025000 0.012500
2 0.099375 0.281250 0.031250 0.011250
2 0.501250 0.264062 0.034375 0.010000
2 0.292500 0.267188 0.028125 0.010000
