2 0.687744 0.545898 0.042480 0.065755
0 0.069092 0.582031 0.049316 0.079427
2 0.655518 0.462240 0.017090 0.029948
0 0.319336 0.474284 0.020508 0.037109
0 0.369629 0.444987 0.010742 0.022786
2 0.604004 0.440430 0.010742 0.022786
2 0.558350 0.427083 0.011230 0.019531
0 0.356689 0.431966 0.007324 0.017578
2 0.505615 0.421875 0.008301 0.016927
2 0.421143 0.417643 0.008301 0.014974
2 0.354492 0.415690 0.007813 0.014974
0 0.289307 0.430339 0.007324 0.015625
2 0.291016 0.419271 0.006836 0.014323
2 0.211426 0.422526 0.007813 0.015625
0 0.185059 0.431966 0.008789 0.017578
0 0.087646 0.434245 0.007324 0.013021
2 0.164795 0.423177 0.006348 0.013021
0 0.072754 0.425130 0.004883 0.010417
2 0.197021 0.416341 0.006348 0.009766
2 0.229980 0.410807 0.004883 0.010417
2 0.297363 0.404297 0.004883 0.009115
0 0.133301 0.418294 0.004883 0.009766
0 0.202637 0.410156 0.004883 0.007813
0 0.045410 0.433594 0.007813 0.010417
0 0.286133 0.401693 0.004883 0.006510
2 0.362549 0.398763 0.005371 0.008464
