2 0.327344 0.521528 0.018750 0.051389
2 0.451172 0.468750 0.008594 0.023611
1 0.566797 0.479861 0.008594 0.026389
2 0.639844 0.465972 0.007812 0.018056
2 0.697266 0.481944 0.008594 0.025000
2 0.525000 0.462500 0.007812 0.013889
2 0.417969 0.479861 0.010937 0.026389
2 0.528906 0.454167 0.007812 0.013889
2 0.508594 0.447222 0.007812 0.013889
2 0.617188 0.461111 0.007812 0.013889
2 0.576562 0.454167 0.007812 0.013889
2 0.548438 0.463194 0.007812 0.015278
2 0.485938 0.450000 0.007812 0.013889
2 0.606250 0.458333 0.007812 0.013889
2 0.455469 0.443056 0.007812 0.013889
