2 0.660156 0.503906 0.045573 0.023438
0 0.336182 0.501953 0.042969 0.024902
0 0.164063 0.640951 0.098307 0.068359
2 0.592529 0.450195 0.030599 0.015137
2 0.851074 0.649740 0.105469 0.063477
2 0.570068 0.428385 0.020833 0.009277
2 0.558838 0.417318 0.016927 0.009277
0 0.405029 0.450521 0.024740 0.016113
0 0.438721 0.429362 0.017578 0.008301
2 0.546387 0.408203 0.013021 0.006836
0 0.449219 0.418620 0.015625 0.007813
0 0.459229 0.411133 0.011068 0.005371
2 0.540039 0.402344 0.011719 0.004883
0 0.468262 0.404948 0.009115 0.004883
