2 0.425293 0.452148 0.033203 0.016602
2 0.438721 0.436198 0.029948 0.013184
2 0.396729 0.478516 0.037760 0.020996
2 0.733643 0.510742 0.054036 0.031738
2 0.634277 0.446289 0.031901 0.016602
2 0.580811 0.413086 0.016276 0.009277
2 0.478516 0.426758 0.020182 0.011719
2 0.624268 0.431966 0.021484 0.011230
2 0.645508 0.409831 0.014974 0.007813
2 0.723389 0.420573 0.019531 0.009277
2 0.784668 0.408854 0.014323 0.007813
2 0.848633 0.421224 0.018229 0.010742
2 0.531738 0.416992 0.017578 0.009766
2 0.713867 0.409180 0.014974 0.007813
2 0.979980 0.427734 0.018229 0.013672
2 0.892090 0.411784 0.014974 0.008789
1 0.561035 0.397461 0.011068 0.004883
