2 0.201250 0.628378 0.314189 0.187500
0 0.740000 0.499155 0.082770 0.050000
0 0.931250 0.510135 0.121622 0.075000
0 0.586250 0.496622 0.060811 0.032500
0 0.532500 0.493243 0.057432 0.027500
2 0.411875 0.494088 0.045608 0.023750
2 0.504375 0.489865 0.040541 0.021250
0 0.533750 0.496622 0.057432 0.030000
0 0.673125 0.484797 0.040541 0.021250
0 0.778125 0.481419 0.040541 0.021250
2 0.804375 0.475507 0.035473 0.016250
2 0.291250 0.532095 0.114865 0.067500
2 0.709375 0.478885 0.032095 0.016250
2 0.343750 0.497466 0.045608 0.022500
0 0.890625 0.475507 0.042230 0.018750
0 0.568750 0.489865 0.054054 0.025000
0 0.988125 0.472128 0.045608 0.021250
2 0.015625 0.499155 0.028716 0.013750
2 0.248750 0.517736 0.076014 0.040000
0 0.821875 0.463682 0.021959 0.011250
2 0.101250 0.495777 0.021959 0.015000
2 0.470625 0.478041 0.016892 0.011250
0 0.060000 0.494088 0.021959 0.012500
0 0.370000 0.478885 0.018581 0.007500
2 0.622500 0.473818 0.018581 0.010000
0 0.446250 0.475507 0.015203 0.007500
0 0.139375 0.492399 0.025338 0.013750
2 0.692500 0.472973 0.023649 0.010000
2 0.878125 0.475507 0.032095 0.011250
0 0.865000 0.463682 0.021959 0.007500
0 0.611875 0.469595 0.016892 0.008750
2 0.359375 0.482264 0.018581 0.011250
2 0.551250 0.475507 0.021959 0.010000
2 0.655625 0.473818 0.025338 0.011250
2 0.791250 0.472128 0.025338 0.010000
0 0.480000 0.474662 0.013514 0.007500
