2 0.262451 0.473307 0.039063 0.025879
2 0.679199 0.599284 0.095703 0.057617
2 0.159912 0.544596 0.067057 0.046387
2 0.312012 0.437174 0.020182 0.010742
2 0.498047 0.455729 0.032552 0.017578
2 0.462646 0.428711 0.020182 0.010254
2 0.225342 0.459310 0.026693 0.014160
2 0.182129 0.437174 0.020182 0.009766
2 0.273193 0.418620 0.014323 0.007324
2 0.331787 0.423828 0.016927 0.008301
2 0.444336 0.414714 0.014323 0.006836
2 0.437500 0.407227 0.012370 0.006836
2 0.348877 0.409180 0.013672 0.006348
2 0.356689 0.404622 0.011068 0.006348
2 0.336914 0.401367 0.009766 0.004883
2 0.430664 0.400391 0.011719 0.006836
2 0.200439 0.409180 0.011068 0.007324
2 0.105225 0.419922 0.014323 0.009277
