2 0.151250 0.707812 0.209375 0.057500
0 0.060000 0.607812 0.165625 0.040000
2 0.059375 0.876563 0.240625 0.076250
2 0.225625 0.471875 0.106250 0.033750
2 0.451875 0.515625 0.150000 0.043750
0 0.596875 0.570312 0.153125 0.041250
0 0.131250 0.443750 0.100000 0.025000
0 0.663125 0.700000 0.218750 0.051250
2 0.338125 0.498437 0.103125 0.033750
1 0.683125 0.382812 0.140625 0.033750
2 0.669375 0.531250 0.131250 0.036250
2 0.486250 0.384375 0.056250 0.032500
2 0.573750 0.381250 0.100000 0.030000
2 0.845000 0.462500 0.200000 0.052500
0 0.536250 0.496875 0.087500 0.042500
2 0.800000 0.428125 0.181250 0.040000
0 0.745000 0.420312 0.159375 0.040000
0 0.023750 0.435937 0.096875 0.025000
