0 0.213379 0.539388 0.033203 0.057943
2 0.743164 0.501953 0.028320 0.050781
2 0.638428 0.455404 0.016113 0.030599
2 0.563965 0.431641 0.012695 0.024740
2 0.479736 0.422852 0.010254 0.021484
2 0.391113 0.418294 0.008789 0.016276
0 0.302490 0.467773 0.016113 0.030599
0 0.216553 0.438802 0.011230 0.019531
2 0.235840 0.421224 0.008789 0.015625
2 0.319824 0.418294 0.008789 0.014974
0 0.088135 0.444336 0.009277 0.017578
2 0.135986 0.428060 0.008301 0.016276
0 0.298828 0.444661 0.014648 0.024740
2 0.178467 0.410156 0.007324 0.011719
2 0.258545 0.401367 0.006348 0.009766
0 0.066162 0.419922 0.010254 0.010417
0 0.150879 0.409831 0.006836 0.009766
0 0.247559 0.398438 0.005859 0.009115
2 0.089111 0.427083 0.008301 0.014323
2 0.130859 0.417969 0.006836 0.011719
0 0.367188 0.387370 0.004883 0.006510
2 0.398438 0.388672 0.004883 0.007813
