2 0.125781 0.745139 0.067187 0.168056
2 0.287109 0.547917 0.021094 0.059722
2 0.226562 0.489583 0.010937 0.029167
2 0.598047 0.506250 0.014844 0.043056
2 0.277734 0.513194 0.014844 0.040278
2 0.337500 0.472917 0.007812 0.023611
2 0.166797 0.482639 0.008594 0.020833
2 0.450000 0.484722 0.012500 0.033333
2 0.067969 0.480556 0.007812 0.022222
2 0.161719 0.471528 0.007812 0.023611
2 0.685937 0.460417 0.010937 0.026389
2 0.501172 0.456250 0.008594 0.026389
2 0.239844 0.471528 0.007812 0.023611
2 0.055859 0.473611 0.008594 0.019444
2 0.464844 0.456944 0.007812 0.022222
2 0.558594 0.460417 0.009375 0.026389
2 0.107031 0.480556 0.009375 0.025000
2 0.389844 0.459722 0.007812 0.019444
2 0.579688 0.452778 0.007812 0.027778
2 0.418750 0.450694 0.007812 0.020833
2 0.358594 0.457639 0.007812 0.015278
2 0.445312 0.452778 0.007812 0.019444
2 0.406250 0.451389 0.007812 0.016667
2 0.327344 0.452778 0.007812 0.013889
