2 0.793213 0.623698 0.060059 0.102865
2 0.154785 0.479167 0.024414 0.037760
2 0.590332 0.448893 0.015625 0.029297
2 0.282715 0.544271 0.034180 0.063802
2 0.631836 0.478841 0.021484 0.039714
2 0.422607 0.432617 0.012207 0.021484
2 0.572998 0.432943 0.012207 0.023438
2 0.547852 0.410807 0.008789 0.015625
2 0.535400 0.405273 0.007324 0.012370
2 0.489258 0.401367 0.006836 0.011068
2 0.431641 0.424154 0.008789 0.017578
2 0.307861 0.421875 0.008301 0.014323
2 0.404785 0.408854 0.006836 0.011719
2 0.370850 0.406901 0.007324 0.011719
2 0.291748 0.432292 0.012207 0.018229
2 0.325684 0.405599 0.005859 0.010417
2 0.269531 0.412760 0.005859 0.011719
2 0.276367 0.407878 0.004883 0.009766
2 0.133301 0.423503 0.007813 0.013672
2 0.222168 0.412109 0.005859 0.013021
2 0.266357 0.402344 0.005371 0.009115
