0 0.300781 0.590495 0.043945 0.084635
2 0.936279 0.615885 0.056152 0.095052
2 0.677002 0.455729 0.016113 0.029948
0 0.464844 0.423503 0.009766 0.017578
2 0.623047 0.429036 0.009766 0.018229
2 0.615479 0.421549 0.008301 0.014974
0 0.436035 0.458008 0.016602 0.034505
2 0.629150 0.416341 0.007324 0.013672
0 0.529541 0.410807 0.006348 0.011719
0 0.478271 0.416341 0.006348 0.013672
2 0.653809 0.409831 0.005859 0.011068
2 0.672852 0.405924 0.006836 0.011068
0 0.632813 0.398438 0.004883 0.006510
0 0.685059 0.396484 0.004883 0.006510
0 0.585449 0.403971 0.004883 0.009766
2 0.729492 0.400391 0.004883 0.009115
2 0.700684 0.402344 0.004883 0.009115
2 0.765137 0.398112 0.004883 0.008464
0 0.720215 0.396159 0.004883 0.007161
2 0.802734 0.398438 0.004883 0.007813
1 0.714111 0.394206 0.006348 0.007161
2 0.833496 0.399089 0.004883 0.007813
