2 0.656982 0.538737 0.037598 0.063151
2 0.429199 0.437174 0.014648 0.024089
2 0.449951 0.412109 0.009277 0.016927
2 0.554932 0.425130 0.012207 0.020833
2 0.068604 0.488607 0.019043 0.034505
2 0.043457 0.495768 0.024414 0.037109
2 0.054199 0.425130 0.008789 0.015625
2 0.081299 0.449870 0.014160 0.024740
2 0.542480 0.408203 0.006836 0.016927
2 0.262451 0.417318 0.008301 0.016927
2 0.271484 0.398438 0.004883 0.010417
2 0.342285 0.397461 0.005859 0.011068
2 0.198730 0.399089 0.004883 0.009115
2 0.393311 0.398112 0.006348 0.012370
2 0.103760 0.408529 0.005371 0.009766
2 0.138428 0.411784 0.006348 0.012370
2 0.181152 0.405924 0.006836 0.011068
2 0.431396 0.403646 0.007324 0.014323
2 0.329590 0.391927 0.004883 0.009115
2 0.494385 0.393555 0.006348 0.011068
2 0.530762 0.397786 0.006836 0.013021
2 0.284668 0.393880 0.005859 0.010417
2 0.069336 0.413086 0.006836 0.011068
2 0.016602 0.419596 0.007813 0.012370
2 0.240479 0.396484 0.005371 0.010417
2 0.433105 0.391276 0.006836 0.010417
2 0.375000 0.390951 0.004883 0.009766
2 0.148926 0.403971 0.004883 0.009766
