2 0.747070 0.484701 0.042318 0.030273
2 0.570801 0.458659 0.033203 0.019531
0 0.229492 0.535156 0.061198 0.033203
0 0.209961 0.723958 0.131510 0.068359
2 0.444336 0.445964 0.028646 0.017578
2 0.319336 0.439779 0.024089 0.013672
0 0.114258 0.458659 0.026693 0.011719
0 0.139404 0.485677 0.032552 0.015137
2 0.294678 0.430664 0.018880 0.012207
2 0.371094 0.419271 0.019531 0.010742
0 0.135986 0.443034 0.017578 0.010254
0 0.184082 0.432292 0.015625 0.007812
0 0.241211 0.422852 0.012370 0.006836
2 0.445312 0.409180 0.013672 0.007812
2 0.330566 0.414062 0.011719 0.005859
2 0.552490 0.402669 0.016276 0.009277
2 0.435547 0.404622 0.012370 0.008789
2 0.658691 0.398438 0.013021 0.006836
2 0.705566 0.391602 0.009766 0.004883
2 0.642822 0.392578 0.011719 0.005371
2 0.791016 0.390951 0.011068 0.004883
2 0.752441 0.396159 0.012370 0.006836
1 0.842285 0.394531 0.011719 0.006836
