2 0.079590 0.658854 0.105469 0.078125
2 0.317383 0.503255 0.050781 0.028320
2 0.435547 0.422526 0.019531 0.010742
2 0.582031 0.438477 0.024089 0.012695
2 0.646484 0.487956 0.042318 0.027344
2 0.311523 0.453776 0.029948 0.017578
2 0.552734 0.414714 0.013021 0.007813
2 0.465576 0.409831 0.013672 0.007324
2 0.564209 0.422526 0.016927 0.009277
2 0.312256 0.413086 0.012370 0.007324
2 0.383789 0.407227 0.011068 0.005859
2 0.541504 0.409180 0.011068 0.004883
2 0.475586 0.406250 0.009115 0.004883
2 0.013672 0.435547 0.023438 0.014648
