0 0.314941 0.530924 0.060547 0.036133
2 0.699463 0.538411 0.061198 0.039551
2 0.609375 0.464193 0.033854 0.019531
0 0.404053 0.460938 0.029948 0.019043
2 0.578125 0.443034 0.022786 0.014648
0 0.426270 0.440430 0.021484 0.013672
0 0.444580 0.426432 0.016927 0.010254
2 0.558105 0.427083 0.016927 0.009766
2 0.549072 0.418620 0.013021 0.008301
2 0.536133 0.406250 0.011719 0.007812
0 0.458496 0.417969 0.011719 0.006836
0 0.469238 0.407552 0.010417 0.004883
2 0.542480 0.413086 0.012370 0.004883
0 0.474609 0.403646 0.009115 0.004883
0 0.463623 0.412435 0.011068 0.005371
