1 0.093018 0.438477 0.016276 0.008301
1 0.188721 0.436523 0.016276 0.007324
1 0.168701 0.428711 0.013672 0.008301
1 0.226318 0.420573 0.013021 0.007324
1 0.248047 0.427083 0.014323 0.007812
1 0.088379 0.452474 0.019531 0.010742
1 0.344727 0.411784 0.009766 0.004883
1 0.304688 0.417969 0.010417 0.004883
1 0.372559 0.407227 0.007161 0.004883
1 0.316650 0.408529 0.011068 0.006348
1 0.393555 0.405273 0.007161 0.004883
1 0.340332 0.404948 0.009115 0.004883
1 0.276123 0.414714 0.009115 0.005371
1 0.407715 0.402344 0.006510 0.004883
