0 0.960000 0.820312 0.328125 0.075000
0 0.933125 0.537500 0.193750 0.053750
0 0.816250 0.429688 0.140625 0.040000
2 0.268125 0.545312 0.178125 0.056250
2 0.383750 0.440625 0.137500 0.035000
0 0.841875 0.371875 0.112500 0.026250
0 0.334375 0.371875 0.118750 0.031250
2 0.763750 0.337500 0.100000 0.030000
2 0.721250 0.292187 0.078125 0.022500
2 0.705000 0.221875 0.043750 0.012500
2 0.276875 0.328125 0.081250 0.021250
0 0.460000 0.260937 0.040625 0.022500
2 0.083750 0.357812 0.096875 0.025000
0 0.036250 0.323437 0.078125 0.020000
2 0.143750 0.296875 0.075000 0.020000
2 0.360000 0.273438 0.065625 0.017500
0 0.795625 0.239063 0.059375 0.013750
0 0.588125 0.234375 0.056250 0.011250
0 0.171875 0.270313 0.059375 0.013750
2 0.873750 0.268750 0.087500 0.017500
0 0.330625 0.290625 0.068750 0.016250
2 0.313125 0.251563 0.053125 0.013750
2 0.262500 0.243750 0.050000 0.012500
2 0.097500 0.256250 0.050000 0.012500
2 0.025625 0.725000 0.262500 0.051250
0 0.138125 0.256250 0.050000 0.013750
2 0.232500 0.239063 0.046875 0.012500
1 0.245000 0.226562 0.040625 0.010000
1 0.334375 0.235937 0.046875 0.011250
2 0.078750 0.239063 0.046875 0.012500
0 0.068750 0.246875 0.050000 0.012500
2 0.990625 0.242188 0.059375 0.013750
0 0.780000 0.225000 0.056250 0.015000
1 0.974375 0.231250 0.056250 0.013750
1 0.500625 0.226562 0.040625 0.008750
2 0.451250 0.229687 0.040625 0.010000
0 0.343750 0.226562 0.040625 0.012500
