2 0.661133 0.493490 0.024414 0.040365
0 0.334229 0.512044 0.028809 0.044922
0 0.427490 0.452474 0.011230 0.022135
0 0.460938 0.432943 0.008789 0.015625
2 0.604736 0.451823 0.013184 0.024740
2 0.580322 0.433594 0.008301 0.016927
0 0.484863 0.415039 0.004883 0.008464
0 0.479004 0.416992 0.004883 0.009766
2 0.569580 0.421224 0.008301 0.013021
0 0.473877 0.421875 0.006348 0.011719
2 0.642578 0.407227 0.004883 0.009766
2 0.562988 0.417318 0.004883 0.010417
2 0.578613 0.414388 0.004883 0.009766
2 0.600586 0.411458 0.004883 0.007813
2 0.617188 0.409505 0.005859 0.010417
0 0.557617 0.409505 0.004883 0.009115
