2 0.871094 0.621745 0.096354 0.053711
2 0.652100 0.464518 0.035807 0.019043
2 0.339600 0.543294 0.068359 0.038574
2 0.431152 0.447591 0.026693 0.011719
2 0.452637 0.428060 0.017578 0.008789
2 0.464844 0.418945 0.013672 0.006836
2 0.471191 0.413411 0.011719 0.005859
2 0.549072 0.412109 0.011719 0.005371
2 0.575928 0.421549 0.016276 0.009277
2 0.588867 0.415039 0.013672 0.006836
2 0.816162 0.416341 0.012370 0.006348
2 0.838867 0.413737 0.013672 0.005859
2 0.823486 0.434896 0.020833 0.011230
2 0.721924 0.409505 0.011719 0.005371
2 0.582031 0.408203 0.010417 0.004883
2 0.802734 0.410482 0.011068 0.004883
2 0.795410 0.407552 0.010417 0.004883
2 0.705566 0.411784 0.009766 0.004883
2 0.476563 0.409505 0.010417 0.004883
2 0.756348 0.407552 0.009115 0.004883
2 0.654297 0.406250 0.007813 0.004883
2 0.649658 0.407552 0.007813 0.005371
2 0.536621 0.406250 0.009115 0.004883
2 0.610840 0.399740 0.006510 0.004883
1 0.118408 0.427734 0.010417 0.012207
2 0.885254 0.413411 0.013021 0.005859
2 0.604004 0.403320 0.007161 0.004883
