2 0.730957 0.505534 0.047526 0.024414
2 0.611328 0.442057 0.024740 0.010742
0 0.349854 0.509115 0.046875 0.023926
0 0.446533 0.443034 0.022786 0.010254
1 0.456787 0.429688 0.029948 0.010254
1 0.600342 0.430990 0.029948 0.011230
2 0.581299 0.422852 0.016276 0.007324
0 0.469238 0.422526 0.015625 0.005859
1 0.593506 0.425781 0.028646 0.010254
2 0.570068 0.416016 0.013021 0.005371
2 0.555176 0.408854 0.010417 0.004883
0 0.474609 0.416667 0.010417 0.004883
1 0.460693 0.425456 0.026693 0.009277
0 0.483887 0.410807 0.009115 0.004883
0 0.498047 0.406901 0.006510 0.004883
2 0.566895 0.405599 0.007813 0.004883
0 0.512207 0.404297 0.006510 0.004883
