1 0.199219 0.618490 0.164062 0.072266
1 0.848389 0.630859 0.169271 0.085449
2 0.689209 0.513346 0.054036 0.030762
2 0.608887 0.462240 0.036458 0.020508
0 0.316162 0.533854 0.061198 0.033691
0 0.389160 0.461914 0.033203 0.018555
2 0.560059 0.427409 0.018880 0.010742
0 0.427002 0.425781 0.018229 0.011230
2 0.544678 0.414714 0.014323 0.008301
1 0.047119 0.839193 0.250000 0.093262
2 0.533447 0.407227 0.012370 0.006348
0 0.441406 0.412109 0.013021 0.006836
0 0.445557 0.406250 0.011719 0.006348
2 0.525146 0.401367 0.011068 0.005371
0 0.451904 0.401367 0.012370 0.005371
1 0.970703 0.800456 0.151693 0.058594
