0 0.357031 0.562500 0.021875 0.058333
1 0.673047 0.447917 0.019531 0.073611
0 0.586719 0.451389 0.010937 0.030556
0 0.044531 0.918750 0.078125 0.156944
0 0.418359 0.497222 0.011719 0.038889
0 0.457422 0.461111 0.008594 0.025000
1 0.431641 0.452778 0.016406 0.055556
1 0.727344 0.450694 0.017188 0.065278
0 0.617969 0.469444 0.012500 0.033333
1 0.390234 0.463889 0.013281 0.041667
0 0.572266 0.434722 0.007031 0.022222
0 0.778906 0.468056 0.012500 0.030556
0 0.970313 0.481944 0.012500 0.041667
0 0.920703 0.441667 0.007031 0.022222
0 0.901172 0.427778 0.007031 0.016667
0 0.478125 0.440278 0.007812 0.022222
1 0.465234 0.415972 0.007031 0.026389
1 0.446875 0.414583 0.007812 0.026389
0 0.792578 0.435417 0.007031 0.020833
