0 0.075625 0.807813 0.228125 0.076250
0 0.175000 0.545312 0.128125 0.045000
0 0.390625 0.414062 0.078125 0.021250
2 0.500625 0.471875 0.075000 0.038750
0 0.219375 0.410938 0.071875 0.026250
2 0.470625 0.362500 0.056250 0.016250
2 0.523125 0.278125 0.056250 0.016250
0 0.547500 0.176563 0.078125 0.020000
0 0.509375 0.378125 0.062500 0.018750
2 0.073125 0.417187 0.071875 0.023750
2 0.015000 0.487500 0.087500 0.025000
1 0.793125 0.354687 0.115625 0.028750
0 0.469375 0.271875 0.050000 0.013750
2 0.500000 0.284375 0.068750 0.020000
2 0.397500 0.292187 0.071875 0.030000
0 0.223125 0.332813 0.034375 0.008750
2 0.104375 0.375000 0.050000 0.016250
2 0.434375 0.267188 0.040625 0.013750
0 0.223125 0.376563 0.053125 0.016250
0 0.210000 0.353125 0.043750 0.010000
0 0.199375 0.323437 0.034375 0.008750
2 0.119375 0.326562 0.034375 0.011250
2 0.171250 0.307812 0.028125 0.010000
0 0.206250 0.329688 0.028125 0.010000
0 0.231250 0.307812 0.028125 0.007500
0 0.262500 0.301563 0.028125 0.007500
0 0.290000 0.300000 0.025000 0.007500
2 0.150625 0.317188 0.034375 0.011250
0 0.305000 0.296875 0.025000 0.007500
2 0.107500 0.335938 0.034375 0.012500
2 0.468750 0.114062 0.046875 0.012500
2 0.083750 0.351562 0.040625 0.010000
2 0.415000 0.306250 0.068750 0.020000
2 0.091250 0.353125 0.037500 0.010000
0 0.456875 0.340625 0.037500 0.008750
2 0.047500 0.325000 0.025000 0.007500
0 0.071250 0.312500 0.025000 0.007500
2 0.093125 0.309375 0.025000 0.008750
0 0.178125 0.295312 0.028125 0.008750
2 0.207500 0.300000 0.025000 0.007500
0 0.203750 0.293750 0.018750 0.007500
0 0.040000 0.320312 0.034375 0.007500
0 0.104375 0.303125 0.025000 0.008750
0 0.128750 0.300000 0.018750 0.007500
