2 0.178125 0.612331 0.268581 0.151250
2 0.294375 0.543919 0.131757 0.073750
2 0.462500 0.525338 0.091216 0.052500
0 0.876875 0.521115 0.076014 0.043750
0 0.776250 0.510135 0.057432 0.032500
0 0.668750 0.500845 0.048986 0.027500
0 0.577500 0.495777 0.045608 0.020000
0 0.514375 0.492399 0.045608 0.018750
2 0.433750 0.502534 0.062500 0.027500
3 0.597500 0.469595 0.064189 0.020000
0 0.615625 0.487331 0.032095 0.016250
2 0.378750 0.496622 0.054054 0.025000
2 0.328125 0.491554 0.047297 0.023750
0 0.311250 0.475507 0.028716 0.015000
2 0.243125 0.483108 0.040541 0.021250
2 0.135625 0.473818 0.038851 0.021250
0 0.085000 0.461993 0.028716 0.017500
2 0.035625 0.466216 0.037162 0.023750
0 0.391875 0.481419 0.033784 0.013750
