0 0.438672 0.334722 0.033333 0.010156
0 0.263672 0.309722 0.033333 0.014844
2 0.626953 0.377083 0.029167 0.011719
2 0.453906 0.339583 0.031944 0.012500
0 0.489063 0.302778 0.019444 0.007813
2 0.497656 0.304861 0.018056 0.007813
0 0.022266 0.640972 0.137500 0.038281
0 0.394922 0.284722 0.016667 0.008594
0 0.435156 0.280556 0.013889 0.007813
2 0.587500 0.325000 0.019444 0.007813
2 0.769531 0.379861 0.026389 0.009375
2 0.573438 0.312500 0.013889 0.007813
0 0.503125 0.294444 0.013889 0.007813
2 0.517188 0.290278 0.013889 0.007813
0 0.460938 0.280556 0.013889 0.007813
2 0.510156 0.295833 0.013889 0.007813
2 0.568750 0.304167 0.013889 0.007813
2 0.565625 0.301389 0.013889 0.007813
0 0.513281 0.290278 0.013889 0.007813
2 0.950000 0.473611 0.013889 0.007813
2 0.928906 0.456944 0.013889 0.007813
2 0.059375 0.670139 0.140278 0.048438
