1 0.063281 0.660648 0.057813 0.156481
1 0.796094 0.631944 0.045312 0.147222
1 0.335677 0.400926 0.022396 0.046296
1 0.623437 0.401852 0.018750 0.046296
1 0.562240 0.356944 0.013021 0.034259
1 0.505990 0.330093 0.009896 0.026852
1 0.361979 0.373611 0.013542 0.043519
1 0.331510 0.359722 0.013021 0.032407
1 0.227865 0.359722 0.010937 0.026852
1 0.284115 0.358796 0.014063 0.028704
1 0.277344 0.322222 0.007812 0.018519
1 0.591146 0.299537 0.006250 0.019444
1 0.107813 0.367130 0.008333 0.023148
1 0.423438 0.320370 0.008333 0.022222
1 0.155469 0.339352 0.008854 0.021296
1 0.710417 0.319444 0.010417 0.038889
1 0.668750 0.299074 0.006250 0.022222
1 0.690104 0.314352 0.010417 0.017593
1 0.627344 0.297222 0.005729 0.016667
1 0.733073 0.336111 0.010937 0.024074
1 0.581510 0.291204 0.006771 0.015741
1 0.821094 0.336111 0.007812 0.022222
1 0.808333 0.331019 0.007292 0.021296
1 0.006510 0.383796 0.007812 0.023148
1 0.044531 0.355093 0.007812 0.019444
1 0.797135 0.326852 0.005729 0.016667
1 0.784896 0.321759 0.007292 0.019444
