0 0.682500 0.476351 0.060811 0.027500
2 0.955000 0.436655 0.035473 0.020000
2 0.791875 0.417230 0.027027 0.013750
2 0.706250 0.408784 0.023649 0.010000
0 0.644375 0.434122 0.033784 0.016250
2 0.633750 0.404561 0.025338 0.012500
0 0.590000 0.418919 0.030405 0.015000
2 0.584375 0.399493 0.021959 0.011250
0 0.535625 0.413007 0.021959 0.011250
0 0.484375 0.408784 0.020270 0.011250
0 0.367500 0.405405 0.010135 0.007500
0 0.310000 0.404561 0.011824 0.007500
2 0.336250 0.394426 0.018581 0.007500
2 0.423125 0.395270 0.016892 0.011250
0 0.434375 0.409628 0.021959 0.013750
