0 0.247500 0.634375 0.181250 0.062500
2 0.628750 0.417187 0.096875 0.030000
2 0.350625 0.387500 0.068750 0.021250
2 0.430000 0.342187 0.053125 0.015000
2 0.573125 0.348438 0.065625 0.023750
2 0.965625 0.735938 0.234375 0.066250
2 0.613750 0.298438 0.046875 0.012500
2 0.591875 0.306250 0.062500 0.018750
2 0.110000 0.339062 0.046875 0.017500
2 0.495000 0.300000 0.050000 0.012500
0 0.645000 0.284375 0.031250 0.012500
2 0.657500 0.265625 0.037500 0.010000
2 0.537500 0.287500 0.037500 0.012500
0 0.203750 0.304688 0.040625 0.010000
0 0.230625 0.307812 0.034375 0.008750
0 0.094375 0.325000 0.037500 0.011250
