0 0.136475 0.697591 0.065918 0.119141
0 0.151123 0.575846 0.038574 0.070964
0 0.165771 0.482747 0.017090 0.030599
0 0.178955 0.456055 0.010254 0.021484
2 0.399414 0.451172 0.013672 0.029948
2 0.334717 0.439453 0.011230 0.019531
2 0.567871 0.497721 0.028320 0.050130
2 0.275635 0.423177 0.005371 0.011719
2 0.294434 0.428060 0.007813 0.014974
2 0.257324 0.419271 0.004883 0.010417
2 0.249023 0.416667 0.004883 0.009115
0 0.182861 0.444010 0.008301 0.015625
2 0.242188 0.416016 0.004883 0.007813
0 0.184082 0.433919 0.004883 0.011068
0 0.185059 0.428385 0.004883 0.007813
2 0.233398 0.414714 0.004883 0.006510
