2 0.450439 0.449544 0.017090 0.030599
2 0.470703 0.421224 0.011719 0.022135
2 0.574951 0.423503 0.011230 0.020182
2 0.798584 0.624674 0.062012 0.095703
2 0.683594 0.415365 0.009766 0.018229
2 0.568359 0.403971 0.007813 0.014974
2 0.988037 0.495768 0.021973 0.038411
2 0.718506 0.406250 0.008301 0.014323
2 0.937988 0.484049 0.022461 0.033203
2 0.968750 0.434896 0.010742 0.016927
2 0.626465 0.394531 0.005859 0.010417
2 0.822510 0.404297 0.005371 0.010417
2 0.798828 0.394206 0.004883 0.009766
2 0.790771 0.396159 0.005371 0.011068
2 0.490479 0.397461 0.007324 0.013672
2 0.952881 0.421875 0.009277 0.016927
2 0.896240 0.413086 0.009277 0.013672
2 0.833496 0.397786 0.006836 0.011719
2 0.552734 0.388346 0.004883 0.007161
2 0.544922 0.386719 0.004883 0.006510
