1 0.095052 0.863426 0.204630 0.083854
1 0.227604 0.545833 0.093519 0.040625
1 0.239844 0.389352 0.043519 0.018229
1 0.609375 0.393519 0.050000 0.017708
1 0.410677 0.344907 0.032407 0.013021
1 0.200260 0.354630 0.027778 0.010937
1 0.321094 0.317130 0.023148 0.008854
1 0.114062 0.343056 0.021296 0.007292
1 0.227344 0.314352 0.019444 0.006771
1 0.155990 0.316667 0.016667 0.007813
1 0.097656 0.316204 0.013889 0.005729
1 0.058854 0.322222 0.009259 0.005208
1 0.033073 0.337037 0.012963 0.005729
1 0.072396 0.337963 0.014815 0.005208
