1 0.348438 0.565972 0.035937 0.087500
0 0.301953 0.702083 0.053906 0.126389
0 0.794922 0.565972 0.042969 0.098611
1 0.675391 0.500000 0.025781 0.091667
1 0.883203 0.456250 0.025781 0.059722
1 0.468750 0.445833 0.015625 0.036111
0 0.604688 0.470833 0.021875 0.055556
0 0.963672 0.688194 0.055469 0.145833
0 0.972266 0.486806 0.019531 0.065278
0 0.374609 0.520833 0.022656 0.066667
0 0.042578 0.617361 0.022656 0.059722
0 0.391016 0.487500 0.013281 0.044444
0 0.581641 0.450000 0.014844 0.041667
0 0.137891 0.553472 0.016406 0.040278
0 0.880469 0.423611 0.014063 0.030556
0 0.948828 0.433333 0.014844 0.038889
0 0.394531 0.463194 0.014063 0.034722
0 0.606250 0.384722 0.007812 0.016667
0 0.419531 0.414583 0.007812 0.015278
0 0.453906 0.409722 0.007812 0.013889
