0 0.165771 0.693034 0.111328 0.049316
0 0.412842 0.467773 0.033203 0.016113
2 0.679688 0.472005 0.037760 0.019531
0 0.451416 0.430664 0.017578 0.009277
2 0.585693 0.416667 0.015625 0.005371
2 0.608154 0.429688 0.020833 0.010254
2 0.621582 0.403971 0.009766 0.004883
0 0.474121 0.410482 0.016276 0.006836
0 0.463623 0.413737 0.013672 0.006348
2 0.597656 0.408529 0.011068 0.005859
0 0.515381 0.405273 0.008464 0.005371
2 0.638672 0.400716 0.008464 0.004883
0 0.563965 0.400065 0.008464 0.004883
0 0.607422 0.394857 0.008464 0.004883
2 0.666504 0.398112 0.009766 0.004883
2 0.694336 0.396159 0.008464 0.004883
