1 0.733594 0.400694 0.018750 0.076389
1 0.683984 0.405556 0.017969 0.066667
1 0.660547 0.410417 0.016406 0.059722
1 0.617188 0.414583 0.021875 0.068056
0 0.603906 0.429861 0.010937 0.031944
0 0.154688 0.525000 0.012500 0.030556
0 0.218750 0.486111 0.007812 0.019444
0 0.247656 0.479861 0.007812 0.023611
0 0.590234 0.420833 0.010156 0.030556
0 0.551172 0.415972 0.008594 0.023611
0 0.493750 0.416667 0.007812 0.019444
0 0.286719 0.459028 0.007812 0.018056
0 0.121484 0.531250 0.010156 0.026389
0 0.521875 0.415278 0.007812 0.022222
0 0.971875 0.408333 0.010937 0.030556
0 0.318750 0.452778 0.007812 0.019444
0 0.993750 0.415278 0.010937 0.033333
0 0.964063 0.400000 0.010937 0.027778
0 0.950391 0.394444 0.008594 0.025000
0 0.329688 0.441667 0.007812 0.013889
