0 0.206299 0.668294 0.120443 0.076660
2 0.967041 0.620768 0.098307 0.061035
2 0.679932 0.464844 0.029948 0.017090
2 0.647705 0.441406 0.023438 0.013184
0 0.417969 0.450521 0.027344 0.015625
0 0.447021 0.430664 0.018880 0.010254
0 0.520264 0.418620 0.016927 0.006348
0 0.588135 0.408854 0.013021 0.008301
2 0.656006 0.428060 0.017578 0.009277
2 0.678955 0.418294 0.013672 0.007324
0 0.642090 0.401367 0.009766 0.004883
2 0.696777 0.412435 0.012370 0.005859
2 0.725098 0.407878 0.011068 0.005859
2 0.755127 0.405273 0.009766 0.005371
2 0.831299 0.403320 0.008464 0.005371
2 0.791504 0.403971 0.009766 0.005859
0 0.700195 0.399414 0.009766 0.004883
0 0.738281 0.399089 0.007813 0.004883
0 0.837891 0.402018 0.008464 0.004883
