2 0.696777 0.468099 0.022461 0.044271
2 0.606201 0.437174 0.014160 0.027995
0 0.201172 0.583984 0.039063 0.072917
0 0.319580 0.479492 0.022949 0.038411
0 0.231445 0.444010 0.011719 0.024740
2 0.844971 0.530599 0.031738 0.058594
0 0.317139 0.449219 0.015137 0.027344
2 0.417725 0.420247 0.010254 0.017578
2 0.511719 0.425781 0.011719 0.020833
2 0.153320 0.429688 0.008789 0.015625
0 0.098633 0.446615 0.013672 0.022135
2 0.254150 0.423177 0.008301 0.018229
2 0.106201 0.428711 0.010254 0.014974
2 0.199219 0.411133 0.007813 0.012370
2 0.341797 0.419922 0.009766 0.018229
2 0.280273 0.401693 0.005859 0.010417
0 0.086426 0.421224 0.006836 0.010417
0 0.172119 0.410156 0.007324 0.010417
2 0.358643 0.395182 0.005371 0.010417
2 0.422607 0.388021 0.005371 0.011719
