2 0.713135 0.512370 0.050781 0.031738
0 0.413330 0.452799 0.030599 0.017090
0 0.250488 0.512370 0.054688 0.033203
2 0.664795 0.436523 0.022786 0.012207
0 0.450928 0.432943 0.020833 0.012207
2 0.705811 0.454427 0.027344 0.017090
2 0.623291 0.424154 0.018880 0.008301
2 0.574707 0.416992 0.014974 0.008789
0 0.437256 0.422852 0.016276 0.007324
0 0.375244 0.419271 0.014323 0.008301
2 0.494873 0.411458 0.014323 0.008301
2 0.300781 0.408854 0.013021 0.006836
2 0.432617 0.407552 0.013021 0.005859
2 0.259033 0.408529 0.011068 0.005371
2 0.285400 0.404622 0.009766 0.006348
0 0.281738 0.418294 0.014974 0.008789
0 0.196533 0.417643 0.014974 0.007324
2 0.313965 0.399740 0.009115 0.004883
0 0.158691 0.415365 0.010417 0.005859
0 0.177246 0.409180 0.009766 0.006836
2 0.376465 0.395182 0.009115 0.004883
2 0.373535 0.408203 0.013021 0.004883
0 0.228027 0.403971 0.008464 0.004883
0 0.364258 0.391927 0.006510 0.004883
2 0.437500 0.392253 0.008464 0.004883
0 0.288574 0.398438 0.006510 0.004883
0 0.426758 0.389323 0.006510 0.004883
2 0.493652 0.388997 0.008464 0.004883
0 0.465820 0.387370 0.006510 0.004883
