2 0.305176 0.510091 0.031250 0.059245
2 0.654785 0.494466 0.023438 0.044922
2 0.584961 0.440755 0.013672 0.024740
2 0.304688 0.456380 0.020508 0.033854
2 0.565918 0.423503 0.010742 0.020182
2 0.030273 0.693034 0.058594 0.133464
2 0.476074 0.408203 0.004883 0.009115
2 0.434814 0.424805 0.008301 0.018880
2 0.554199 0.415690 0.006836 0.013672
2 0.541992 0.409831 0.004883 0.009766
2 0.381348 0.406576 0.004883 0.012370
2 0.465332 0.409831 0.005859 0.012370
2 0.421875 0.404948 0.004883 0.009115
2 0.430176 0.402344 0.004883 0.007813
2 0.483887 0.402344 0.004883 0.009115
2 0.308594 0.412760 0.007813 0.013021
2 0.228516 0.403320 0.004883 0.007161
2 0.263428 0.408529 0.006348 0.012370
2 0.147217 0.410807 0.005371 0.010417
2 0.208008 0.406576 0.004883 0.008464
