2 0.592529 0.466471 0.016113 0.027995
0 0.291260 0.521484 0.029785 0.050781
2 0.658447 0.516927 0.029785 0.050781
0 0.372070 0.471354 0.016602 0.028646
2 0.572754 0.451172 0.010742 0.019531
2 0.558838 0.440755 0.009277 0.015625
0 0.439941 0.442383 0.007813 0.016276
0 0.416504 0.453451 0.010742 0.020182
2 0.547607 0.433919 0.007324 0.012370
0 0.451416 0.434245 0.005371 0.011719
0 0.460449 0.429688 0.004883 0.011719
0 0.468994 0.426432 0.005371 0.010417
2 0.541748 0.428711 0.005371 0.011068
2 0.534180 0.425456 0.004883 0.009766
2 0.530762 0.421875 0.004883 0.007813
0 0.478516 0.420573 0.004883 0.007813
0 0.474609 0.424154 0.004883 0.007161
0 0.639648 0.417969 0.004883 0.006510
