2 0.907227 0.708659 0.133464 0.074219
2 0.947754 0.551107 0.059245 0.035156
2 0.985107 0.495117 0.033203 0.019043
0 0.439697 0.485677 0.044271 0.027832
0 0.598389 0.466797 0.035156 0.019043
0 0.748291 0.456380 0.028646 0.017090
0 0.816650 0.447917 0.018229 0.009277
0 0.846924 0.443685 0.018880 0.010254
2 0.978271 0.473307 0.023438 0.015137
2 0.971436 0.456380 0.015625 0.010254
2 0.951904 0.451497 0.014974 0.009277
2 0.903564 0.444336 0.012370 0.008301
2 0.778564 0.429036 0.013021 0.006348
0 0.836426 0.438151 0.013021 0.005859
0 0.787598 0.432292 0.011719 0.005859
0 0.752197 0.428060 0.012370 0.007324
0 0.670898 0.419271 0.010417 0.005859
2 0.637695 0.415690 0.011068 0.004883
0 0.603760 0.413737 0.009766 0.006348
0 0.855225 0.441081 0.017578 0.008301
2 0.981689 0.462240 0.019531 0.012207
2 0.701904 0.420573 0.011719 0.006348
2 0.573242 0.410156 0.010417 0.004883
0 0.494141 0.406250 0.009115 0.004883
0 0.555176 0.410156 0.009115 0.004883
