0 0.298125 0.512669 0.069257 0.036250
2 0.753750 0.477196 0.062500 0.037500
2 0.657500 0.437500 0.043919 0.025000
2 0.595000 0.415541 0.030405 0.017500
0 0.367500 0.461993 0.045608 0.025000
2 0.504375 0.381757 0.023649 0.011250
2 0.561875 0.396115 0.025338 0.011250
2 0.527500 0.386824 0.023649 0.010000
0 0.369375 0.411318 0.028716 0.013750
0 0.368750 0.426520 0.028716 0.015000
0 0.347500 0.385135 0.016892 0.007500
0 0.246250 0.377534 0.018581 0.007500
0 0.360000 0.390203 0.016892 0.007500
0 0.362500 0.400338 0.016892 0.007500
0 0.340000 0.376689 0.013514 0.007500
0 0.203750 0.383446 0.016892 0.007500
0 0.146250 0.393581 0.016892 0.007500
2 0.448125 0.374155 0.015203 0.008750
0 0.091875 0.406250 0.021959 0.008750
2 0.161250 0.370777 0.018581 0.010000
0 0.280000 0.371622 0.010135 0.007500
0 0.325000 0.371622 0.013514 0.007500
0 0.298750 0.368243 0.010135 0.007500
