1 0.385010 0.467773 0.022949 0.052734
1 0.367432 0.461263 0.020996 0.048828
2 0.307617 0.445964 0.013672 0.022135
1 0.155762 0.494466 0.024414 0.061849
2 0.278809 0.432943 0.008789 0.015625
2 0.338623 0.454102 0.013184 0.026693
0 0.173340 0.456380 0.010742 0.019531
2 0.265625 0.427083 0.004883 0.011719
1 0.159912 0.480794 0.021973 0.051432
2 0.256104 0.423503 0.005371 0.009766
2 0.247803 0.419922 0.005371 0.009115
0 0.177734 0.439453 0.006836 0.015625
0 0.180420 0.430990 0.006348 0.013021
2 0.242432 0.416341 0.005371 0.009766
