0 0.348633 0.508789 0.048828 0.027344
2 0.610840 0.442057 0.023438 0.011719
1 0.600098 0.428711 0.030599 0.012695
2 0.731201 0.506185 0.051432 0.031738
0 0.469482 0.423503 0.016276 0.008301
0 0.446045 0.442708 0.022135 0.011230
1 0.456299 0.428060 0.031901 0.011230
2 0.581299 0.423828 0.014323 0.007324
0 0.474609 0.416341 0.009766 0.006836
1 0.593506 0.425456 0.029297 0.008301
0 0.482910 0.410156 0.007813 0.004883
2 0.569824 0.416341 0.012370 0.006836
2 0.554932 0.409180 0.009766 0.005371
0 0.497559 0.405924 0.008464 0.004883
0 0.542480 0.400391 0.006510 0.004883
0 0.535645 0.399740 0.006510 0.004883
0 0.511230 0.403971 0.007161 0.004883
2 0.567383 0.405924 0.009766 0.004883
2 0.556152 0.402995 0.006510 0.004883
