2 0.709473 0.585612 0.081380 0.050781
2 0.555176 0.429688 0.023438 0.016602
2 0.419434 0.444336 0.027995 0.015625
2 0.441406 0.415039 0.017578 0.010742
2 0.239746 0.420898 0.018880 0.008789
2 0.419922 0.404948 0.015625 0.008789
2 0.381104 0.399089 0.013021 0.007324
2 0.327881 0.397461 0.012370 0.006348
2 0.538818 0.409831 0.017578 0.011230
2 0.486572 0.394531 0.013021 0.006348
2 0.034424 0.456706 0.024089 0.013184
2 0.016357 0.428060 0.017578 0.009277
2 0.111816 0.413411 0.011719 0.007812
2 0.178467 0.400716 0.013672 0.008301
2 0.525146 0.398763 0.014974 0.008301
2 0.222656 0.397135 0.009115 0.004883
