2 0.168750 0.373437 0.140625 0.040000
2 0.256250 0.323437 0.121875 0.035000
2 0.407500 0.287500 0.106250 0.027500
0 0.701250 0.253125 0.100000 0.030000
0 0.908125 0.235937 0.084375 0.026250
2 0.855625 0.175000 0.062500 0.016250
2 0.595000 0.178125 0.062500 0.017500
2 0.696250 0.179688 0.059375 0.022500
0 0.460625 0.173437 0.059375 0.016250
1 0.718750 0.162500 0.056250 0.012500
0 0.620000 0.162500 0.056250 0.010000
0 0.511250 0.157812 0.053125 0.012500
2 0.361875 0.160938 0.053125 0.011250
0 0.985625 0.409375 0.181250 0.026250
0 0.980625 0.562500 0.187500 0.036250
2 0.834375 0.156250 0.056250 0.016250
2 0.976875 0.154688 0.053125 0.016250
