0 0.627500 0.478125 0.125000 0.035000
0 0.811875 0.356250 0.093750 0.033750
2 0.215625 0.884375 0.225000 0.096250
1 0.883125 0.439063 0.103125 0.061250
2 0.391875 0.471875 0.156250 0.038750
2 0.435625 0.376563 0.084375 0.026250
0 0.556250 0.360938 0.078125 0.020000
2 0.396250 0.337500 0.068750 0.017500
0 0.826875 0.901563 0.184375 0.111250
0 0.496250 0.309375 0.056250 0.012500
0 0.439375 0.289062 0.046875 0.008750
2 0.738125 0.223438 0.034375 0.008750
2 0.628125 0.195312 0.034375 0.008750
0 0.853125 0.235937 0.046875 0.013750
2 0.685625 0.217188 0.034375 0.008750
