1 0.287240 0.451389 0.025521 0.073148
1 0.762500 0.513889 0.030208 0.083333
1 0.445573 0.385185 0.025521 0.055556
1 0.568750 0.374537 0.019792 0.041667
1 0.726823 0.375926 0.011979 0.027778
1 0.840365 0.462963 0.020313 0.057407
1 0.378125 0.328241 0.011458 0.026852
1 0.593229 0.335648 0.010417 0.025000
1 0.429688 0.311574 0.011458 0.025000
1 0.899219 0.413889 0.009896 0.029630
1 0.796094 0.385648 0.013021 0.034259
1 0.970573 0.464815 0.013021 0.035185
1 0.286719 0.320833 0.009896 0.021296
1 0.362760 0.306481 0.010937 0.018519
1 0.205990 0.313426 0.007812 0.019444
