2 0.119141 0.431966 0.013672 0.008789
0 0.182373 0.434245 0.015625 0.009277
0 0.112061 0.446289 0.016276 0.011230
0 0.237549 0.422852 0.012370 0.007324
2 0.184814 0.421549 0.011068 0.006348
2 0.232910 0.412760 0.009115 0.004883
2 0.265625 0.407878 0.009766 0.005859
0 0.276123 0.417318 0.010417 0.005371
0 0.302734 0.411458 0.009115 0.004883
2 0.291504 0.403320 0.009766 0.004883
2 0.314941 0.400391 0.007813 0.004883
0 0.330078 0.407227 0.008464 0.004883
2 0.007080 0.448568 0.019531 0.013184
2 0.336914 0.399414 0.007161 0.004883
0 0.349121 0.404948 0.007813 0.004883
2 0.351074 0.398438 0.006510 0.004883
0 0.362305 0.401693 0.006510 0.004883
