2 0.747803 0.472656 0.028646 0.016113
2 0.906006 0.581380 0.072917 0.044434
0 0.369141 0.504232 0.050130 0.027344
0 0.470947 0.457357 0.026693 0.016113
2 0.708008 0.446940 0.021484 0.011719
2 0.649658 0.418945 0.013672 0.007324
2 0.673828 0.429688 0.016927 0.009766
0 0.565918 0.426432 0.015625 0.008789
0 0.550293 0.439779 0.021484 0.012695
2 0.634277 0.412760 0.013021 0.006836
0 0.557129 0.417969 0.011719 0.006836
2 0.620605 0.405924 0.009766 0.004883
2 0.606445 0.401693 0.007813 0.004883
2 0.592285 0.400391 0.006510 0.004883
0 0.547363 0.402669 0.009766 0.004883
2 0.597412 0.400391 0.007813 0.005371
0 0.548584 0.406576 0.009766 0.005371
0 0.552490 0.412109 0.010417 0.006348
2 0.587402 0.399740 0.006510 0.004883
2 0.581543 0.398438 0.006510 0.004883
2 0.577637 0.396810 0.007161 0.004883
0 0.542480 0.400065 0.007161 0.004883
