2 0.720000 0.353125 0.193750 0.057500
0 0.650000 0.284375 0.162500 0.045000
2 0.155625 0.265625 0.143750 0.033750
2 0.118125 0.337500 0.187500 0.051250
2 0.050000 0.440625 0.225000 0.062500
0 0.271250 0.210938 0.109375 0.030000
2 0.725625 0.193750 0.162500 0.036250
2 0.076875 0.223438 0.140625 0.036250
1 0.220000 0.054688 0.109375 0.027500
0 0.300625 0.051562 0.103125 0.033750
0 0.483125 0.171875 0.106250 0.028750
2 0.821875 0.164062 0.109375 0.023750
2 0.368750 0.042188 0.084375 0.030000
0 0.650000 0.100000 0.081250 0.020000
