2 0.969238 0.656901 0.104167 0.054688
0 0.162842 0.600911 0.091146 0.050293
2 0.890625 0.452799 0.022786 0.013672
0 0.493164 0.475260 0.039062 0.021484
0 0.615967 0.439779 0.025391 0.014160
2 0.906494 0.487305 0.035807 0.020020
0 0.688965 0.428060 0.018880 0.009766
0 0.751709 0.425130 0.015625 0.009277
0 0.771484 0.419271 0.014323 0.007812
2 0.882324 0.438151 0.016927 0.008789
2 0.869629 0.427409 0.014974 0.007812
2 0.846191 0.413086 0.011068 0.005859
2 0.836914 0.407227 0.008464 0.004883
2 0.820801 0.401042 0.006510 0.004883
2 0.856201 0.419596 0.013672 0.007324
2 0.828125 0.402995 0.010417 0.005859
0 0.768066 0.408529 0.008464 0.004883
2 0.816895 0.400716 0.007161 0.004883
2 0.807617 0.399414 0.007161 0.004883
2 0.812500 0.400391 0.006510 0.004883
