0 0.335205 0.515951 0.033691 0.052734
0 0.390869 0.464844 0.019043 0.032552
0 0.423828 0.437174 0.015625 0.027995
2 0.691650 0.519857 0.027832 0.052734
2 0.613037 0.465495 0.018066 0.035156
0 0.444824 0.423177 0.009766 0.016927
2 0.555420 0.423177 0.008301 0.016927
2 0.572998 0.438151 0.012207 0.020833
2 0.535400 0.407552 0.005371 0.011719
2 0.546387 0.415039 0.007812 0.013672
2 0.526367 0.400065 0.004883 0.009766
0 0.451172 0.415690 0.007812 0.016276
0 0.463867 0.404948 0.004883 0.011719
0 0.457520 0.408854 0.004883 0.010417
