0 0.256348 0.579427 0.038086 0.062500
2 0.740723 0.574219 0.038086 0.070312
2 0.520020 0.511068 0.026367 0.050781
0 0.280762 0.516276 0.020508 0.035156
2 0.443359 0.482422 0.015625 0.027344
2 0.389648 0.472005 0.011719 0.022135
0 0.268066 0.492839 0.012695 0.024740
0 0.250000 0.481771 0.009766 0.018229
0 0.143555 0.475911 0.009766 0.016927
0 0.180664 0.476562 0.009766 0.015625
0 0.222168 0.477865 0.010742 0.018229
2 0.308105 0.463542 0.010742 0.020833
0 0.109863 0.475911 0.010742 0.016927
2 0.357910 0.468099 0.008789 0.016927
