2 0.165625 0.618750 0.225000 0.083750
1 0.874375 0.618750 0.237500 0.088750
0 0.800000 0.515625 0.193750 0.057500
2 0.078125 0.859375 0.268750 0.063750
0 0.711875 0.414062 0.140625 0.041250
2 0.386875 0.381250 0.112500 0.041250
2 0.323750 0.407813 0.140625 0.042500
2 0.381250 0.470313 0.159375 0.055000
2 0.364375 0.351562 0.109375 0.031250
2 0.401250 0.267188 0.096875 0.025000
2 0.413125 0.323437 0.128125 0.033750
0 0.693750 0.354687 0.115625 0.022500
2 0.781250 0.451562 0.171875 0.050000
2 0.968750 0.882812 0.228125 0.060000
