2 0.729980 0.503581 0.032227 0.052734
0 0.348633 0.510417 0.024414 0.048177
0 0.445068 0.440755 0.010254 0.020833
1 0.456055 0.428385 0.010742 0.029948
2 0.611816 0.442383 0.011719 0.021484
1 0.599854 0.428711 0.011230 0.030599
1 0.593506 0.425456 0.009277 0.030599
0 0.469482 0.423828 0.009277 0.015625
2 0.580566 0.423503 0.007813 0.013672
0 0.474365 0.416667 0.005371 0.011719
2 0.570068 0.416667 0.006348 0.013021
2 0.555176 0.409180 0.004883 0.009766
0 0.482910 0.411133 0.004883 0.011068
0 0.499023 0.407878 0.004883 0.007161
2 0.567871 0.405924 0.004883 0.008464
2 0.556641 0.403971 0.004883 0.008464
1 0.458984 0.425781 0.010742 0.028646
0 0.507813 0.402995 0.004883 0.006510
0 0.512695 0.404297 0.004883 0.006510
