1 0.243490 0.561111 0.100000 0.040104
1 0.344010 0.473611 0.075000 0.027604
1 0.913021 0.693519 0.144444 0.061458
1 0.730990 0.463889 0.068519 0.024479
1 0.633073 0.375000 0.044444 0.016146
1 0.513802 0.343056 0.034259 0.013021
1 0.338542 0.415741 0.051852 0.018750
1 0.288542 0.398611 0.041667 0.016667
1 0.236458 0.388426 0.036111 0.014583
1 0.126562 0.378704 0.027778 0.014583
1 0.204687 0.342593 0.027778 0.012500
1 0.339844 0.326852 0.031481 0.011979
1 0.911979 0.371296 0.040741 0.011458
1 0.103906 0.351852 0.018519 0.005729
1 0.748177 0.330093 0.026852 0.009896
1 0.952344 0.401389 0.032407 0.013021
1 0.039583 0.387963 0.025926 0.010417
1 0.874740 0.359722 0.025000 0.016146
