2 0.401875 0.479687 0.121875 0.036250
2 0.669375 0.554688 0.178125 0.046250
0 0.166250 0.678125 0.206250 0.055000
2 0.096250 0.543750 0.156250 0.047500
2 0.535625 0.523438 0.134375 0.038750
0 0.851875 0.646875 0.168750 0.046250
2 0.948750 0.582812 0.178125 0.050000
2 0.240625 0.854688 0.265625 0.078750
0 0.189375 0.592187 0.153125 0.041250
0 0.195000 0.434375 0.100000 0.025000
1 0.973125 0.401562 0.184375 0.043750
0 0.968125 0.854688 0.265625 0.058750
0 0.303750 0.443750 0.118750 0.030000
2 0.820000 0.381250 0.131250 0.032500
0 0.112500 0.432812 0.090625 0.022500
