1 0.759033 0.545898 0.064453 0.035645
1 0.326660 0.528971 0.061849 0.038086
1 0.618652 0.443685 0.029297 0.017578
1 0.666016 0.478190 0.041016 0.024414
1 0.397461 0.469727 0.034505 0.018555
1 0.435547 0.442057 0.022135 0.013672
1 0.450928 0.424805 0.017578 0.010254
1 0.467285 0.412760 0.014323 0.007812
1 0.595459 0.428060 0.018880 0.010254
1 0.574707 0.415690 0.016276 0.008789
1 0.474609 0.405599 0.011719 0.006836
1 0.482666 0.400716 0.011068 0.005371
1 0.566650 0.407552 0.011719 0.006348
1 0.555176 0.397786 0.010417 0.004883
1 0.488770 0.397135 0.009115 0.004883
1 0.563477 0.402018 0.011068 0.004883
1 0.547852 0.393880 0.007812 0.004883
1 0.544434 0.391276 0.006510 0.004883
1 0.494629 0.388672 0.007812 0.004883
1 0.492188 0.392253 0.007161 0.004883
1 0.498535 0.387044 0.007161 0.004883
1 0.541016 0.388997 0.007161 0.004883
