0 0.240625 0.693750 0.200000 0.066250
2 0.629375 0.351562 0.090625 0.023750
2 0.368750 0.435937 0.109375 0.032500
2 0.834375 0.529687 0.178125 0.068750
2 0.418750 0.340625 0.068750 0.020000
2 0.760625 0.287500 0.062500 0.031250
0 0.597500 0.306250 0.062500 0.017500
2 0.440000 0.303125 0.056250 0.015000
2 0.156250 0.331250 0.087500 0.032500
1 0.710625 0.237500 0.031250 0.018750
0 0.616875 0.276562 0.046875 0.016250
0 0.373750 0.310937 0.046875 0.017500
0 0.480000 0.270313 0.046875 0.010000
0 0.980625 0.318750 0.087500 0.023750
2 0.424375 0.278125 0.037500 0.011250
1 0.466875 0.215625 0.037500 0.008750
0 0.490625 0.207813 0.034375 0.008750
2 0.510000 0.204687 0.034375 0.007500
2 0.315000 0.279687 0.046875 0.015000
2 0.775625 0.225000 0.043750 0.016250
0 0.542500 0.246875 0.031250 0.007500
2 0.638750 0.231250 0.037500 0.010000
2 0.533125 0.198437 0.040625 0.008750
