2 0.744629 0.546224 0.074219 0.035156
0 0.245117 0.570638 0.072266 0.048828
0 0.271484 0.501953 0.046875 0.021484
2 0.629395 0.474935 0.041016 0.021484
2 0.766602 0.455404 0.030599 0.017578
0 0.103516 0.481120 0.032552 0.018555
0 0.184570 0.481771 0.032552 0.020508
2 0.918701 0.526693 0.054688 0.034668
2 0.407715 0.443359 0.026042 0.012695
2 0.701172 0.428711 0.021484 0.009766
2 0.250244 0.446289 0.030599 0.014160
2 0.509766 0.450521 0.028646 0.015625
2 0.666504 0.415039 0.017578 0.008789
2 0.641113 0.404948 0.014323 0.006836
0 0.939697 0.456706 0.029297 0.020020
0 0.825928 0.428385 0.022135 0.012207
0 0.766113 0.414388 0.016276 0.008789
0 0.715820 0.402344 0.014323 0.007813
0 0.737061 0.407552 0.013021 0.005371
0 0.696777 0.397135 0.010417 0.005859
2 0.109863 0.450846 0.020182 0.011719
2 0.628662 0.399089 0.009115 0.007324
