0 0.583750 0.445312 0.096875 0.022500
0 0.633750 0.610938 0.178125 0.045000
2 0.301875 0.457813 0.115625 0.036250
2 0.386250 0.382812 0.096875 0.022500
2 0.455000 0.339062 0.071875 0.022500
0 0.596875 0.376563 0.071875 0.016250
2 0.647500 0.270313 0.040625 0.012500
2 0.100625 0.771875 0.218750 0.073750
2 0.533125 0.306250 0.043750 0.013750
1 0.811250 0.235937 0.040625 0.012500
2 0.867500 0.239063 0.065625 0.025000
1 0.918125 0.257812 0.071875 0.038750
2 0.569375 0.282813 0.046875 0.008750
2 0.703750 0.259375 0.043750 0.007500
0 0.771875 0.226562 0.028125 0.008750
2 0.532500 0.256250 0.031250 0.010000
