0 0.296875 0.514323 0.050781 0.027344
0 0.401123 0.444010 0.022135 0.011230
2 0.679199 0.502604 0.050781 0.030273
1 0.411377 0.429688 0.031250 0.014160
0 0.426514 0.423828 0.015625 0.007324
2 0.537598 0.422201 0.014974 0.007813
1 0.556152 0.428060 0.030599 0.011719
2 0.566650 0.441406 0.022135 0.010254
2 0.528076 0.416016 0.013021 0.006348
0 0.431885 0.417318 0.013021 0.005371
2 0.512939 0.408529 0.009766 0.005371
0 0.441162 0.410807 0.010417 0.005371
0 0.456055 0.407227 0.009766 0.004883
0 0.525391 0.405924 0.009766 0.004883
0 0.470703 0.404622 0.007161 0.004883
0 0.502441 0.401042 0.006510 0.004883
0 0.515137 0.402669 0.007161 0.004883
1 0.549561 0.424479 0.027344 0.008301
0 0.466309 0.402995 0.006510 0.004883
0 0.520020 0.398438 0.006510 0.004883
