2 0.400391 0.487305 0.043620 0.023438
2 0.447021 0.445313 0.026042 0.013184
2 0.642822 0.468424 0.035807 0.018066
2 0.835205 0.634766 0.100260 0.065918
2 0.764160 0.455078 0.026042 0.015625
2 0.591064 0.425130 0.018229 0.010254
2 0.468994 0.425456 0.018880 0.011230
2 0.483154 0.414063 0.015625 0.008301
2 0.584961 0.414714 0.014323 0.007813
2 0.636719 0.414388 0.012370 0.007813
2 0.609375 0.405924 0.011068 0.005859
2 0.507568 0.402669 0.012370 0.007324
2 0.587646 0.396810 0.009766 0.005371
2 0.650879 0.405599 0.010417 0.004883
2 0.685547 0.411458 0.011719 0.004883
2 0.539307 0.398438 0.009115 0.006348
2 0.829590 0.425781 0.014323 0.006836
2 0.916748 0.439128 0.016276 0.010254
2 0.817627 0.415690 0.011068 0.006348
2 0.653320 0.398112 0.009766 0.005859
2 0.942139 0.429036 0.016927 0.008301
2 0.988037 0.423177 0.014323 0.009277
2 0.924316 0.416667 0.013021 0.007813
2 0.842285 0.409831 0.011068 0.005859
2 0.753418 0.409180 0.009766 0.004883
2 0.995361 0.438151 0.016927 0.008301
