2 0.628662 0.510091 0.052734 0.028809
2 0.385254 0.459310 0.030599 0.016602
2 0.418457 0.431315 0.018880 0.009766
2 0.231689 0.569661 0.071615 0.039551
2 0.437988 0.420247 0.014974 0.007813
2 0.532715 0.429036 0.018229 0.009766
2 0.521973 0.419922 0.013021 0.006836
2 0.214355 0.448242 0.024089 0.011719
2 0.123779 0.428385 0.010417 0.006348
2 0.171387 0.432943 0.015625 0.007813
2 0.451172 0.414714 0.010417 0.004883
2 0.458984 0.413737 0.008464 0.004883
2 0.516602 0.416341 0.011068 0.004883
2 0.512207 0.414714 0.009115 0.004883
2 0.468750 0.412435 0.007161 0.004883
2 0.218262 0.421549 0.008464 0.004883
2 0.163086 0.421549 0.007161 0.004883
2 0.375244 0.416992 0.012370 0.005371
2 0.350586 0.416341 0.009766 0.004883
2 0.408203 0.414714 0.009115 0.004883
2 0.026123 0.433594 0.013021 0.008301
2 0.101563 0.426432 0.011719 0.005859
2 0.226074 0.419596 0.008464 0.004883
2 0.235352 0.414388 0.009766 0.004883
