2 0.501250 0.471875 0.075000 0.040000
0 0.176250 0.546875 0.125000 0.045000
0 0.076250 0.814063 0.228125 0.072500
2 0.421250 0.481250 0.075000 0.042500
0 0.218125 0.414062 0.078125 0.026250
0 0.510625 0.379688 0.065625 0.016250
2 0.485000 0.379688 0.053125 0.025000
0 0.548125 0.173437 0.078125 0.018750
2 0.102500 0.371875 0.050000 0.017500
2 0.151250 0.314063 0.034375 0.012500
2 0.523125 0.278125 0.062500 0.016250
0 0.416250 0.428125 0.068750 0.027500
1 0.792500 0.353125 0.131250 0.030000
0 0.223750 0.334375 0.043750 0.012500
2 0.171250 0.304688 0.028125 0.010000
2 0.072500 0.418750 0.068750 0.022500
2 0.090625 0.350000 0.037500 0.013750
0 0.211250 0.359375 0.043750 0.012500
0 0.468750 0.271875 0.043750 0.012500
0 0.261250 0.303125 0.025000 0.010000
0 0.458125 0.339062 0.040625 0.013750
2 0.015625 0.485938 0.090625 0.026250
2 0.106250 0.334375 0.031250 0.012500
2 0.119375 0.326562 0.034375 0.011250
0 0.288750 0.300000 0.025000 0.007500
0 0.230625 0.306250 0.031250 0.008750
0 0.133750 0.301563 0.021875 0.007500
2 0.046250 0.326562 0.028125 0.007500
0 0.223125 0.375000 0.056250 0.018750
0 0.206875 0.329688 0.034375 0.008750
0 0.200000 0.321875 0.031250 0.007500
2 0.083750 0.351562 0.040625 0.010000
2 0.467500 0.107813 0.046875 0.012500
2 0.410000 0.443750 0.062500 0.035000
2 0.209375 0.298438 0.028125 0.008750
0 0.040000 0.321875 0.018750 0.007500
2 0.091875 0.310937 0.028125 0.008750
0 0.012500 0.334375 0.025000 0.007500
0 0.105000 0.301563 0.021875 0.007500
2 0.217500 0.292187 0.021875 0.007500
0 0.203125 0.296875 0.018750 0.008750
0 0.128750 0.301563 0.021875 0.007500
0 0.305000 0.293750 0.018750 0.007500
0 0.070000 0.310937 0.028125 0.007500
2 0.240000 0.296875 0.018750 0.007500
1 0.638750 0.337500 0.043750 0.012500
2 0.177500 0.295312 0.028125 0.007500
