2 0.077393 0.439453 0.008301 0.015625
2 0.151855 0.427734 0.006836 0.013021
0 0.164795 0.436849 0.008301 0.013021
2 0.203125 0.419922 0.006836 0.011719
0 0.054932 0.456706 0.013184 0.021484
0 0.228271 0.422852 0.008301 0.014974
2 0.243896 0.412760 0.006348 0.010417
2 0.273682 0.407227 0.005371 0.008464
0 0.269775 0.416667 0.006348 0.011719
0 0.318848 0.408854 0.006836 0.011719
2 0.297363 0.403971 0.004883 0.007161
0 0.295166 0.411458 0.005371 0.010417
2 0.315430 0.400391 0.004883 0.007812
0 0.335938 0.405599 0.005859 0.009115
