0 0.386250 0.607812 0.165625 0.042500
2 0.452500 0.385937 0.078125 0.022500
0 0.601875 0.479687 0.109375 0.033750
1 0.433125 0.437500 0.093750 0.026250
2 0.460000 0.329688 0.046875 0.017500
2 0.036875 0.514062 0.121875 0.038750
0 0.040625 0.360938 0.059375 0.016250
0 0.056875 0.318750 0.043750 0.011250
0 0.136250 0.323437 0.046875 0.012500
0 0.540000 0.290625 0.043750 0.012500
0 0.494375 0.264062 0.028125 0.008750
2 0.117500 0.295312 0.034375 0.010000
2 0.270000 0.281250 0.025000 0.007500
2 0.151250 0.282813 0.034375 0.007500
2 0.332500 0.276562 0.028125 0.010000
2 0.224375 0.298438 0.034375 0.011250
2 0.471875 0.304688 0.046875 0.011250
0 0.251250 0.262500 0.025000 0.007500
0 0.296250 0.267188 0.028125 0.007500
1 0.160000 0.278125 0.018750 0.007500
0 0.206250 0.264062 0.021875 0.007500
0 0.088750 0.271875 0.018750 0.007500
1 0.025625 0.706250 0.168750 0.046250
2 0.266250 0.256250 0.018750 0.007500
0 0.315000 0.253125 0.018750 0.007500
0 0.047500 0.281250 0.018750 0.007500
2 0.290000 0.256250 0.018750 0.007500
2 0.280000 0.256250 0.018750 0.007500
2 0.485000 0.275000 0.031250 0.007500
