1 0.210938 0.430013 0.014974 0.007813
1 0.185791 0.423177 0.013021 0.005371
1 0.049805 0.464193 0.022135 0.016602
1 0.039307 0.445964 0.018229 0.011230
1 0.132568 0.446940 0.018880 0.012207
1 0.219971 0.415690 0.016276 0.007324
1 0.286865 0.414388 0.016276 0.006348
1 0.294189 0.413737 0.016276 0.006348
1 0.133789 0.432292 0.015625 0.009766
1 0.257813 0.422201 0.013672 0.006836
1 0.229980 0.415039 0.014974 0.008789
2 0.310059 0.409831 0.008464 0.004883
2 0.327637 0.407552 0.007813 0.004883
0 0.316406 0.414714 0.007813 0.004883
0 0.353516 0.409505 0.006510 0.004883
2 0.341797 0.405599 0.006510 0.004883
0 0.334229 0.411784 0.009766 0.005371
