2 0.604248 0.437174 0.024089 0.013184
0 0.470703 0.419922 0.016927 0.008789
2 0.756348 0.546224 0.066406 0.034180
0 0.270752 0.537435 0.061849 0.033691
0 0.407715 0.445964 0.027344 0.014648
2 0.581299 0.405273 0.012370 0.006348
0 0.507813 0.402018 0.008464 0.004883
2 0.556885 0.398438 0.010417 0.006348
0 0.504150 0.408854 0.011719 0.006348
2 0.598145 0.416016 0.016927 0.007813
0 0.503418 0.400716 0.011068 0.004883
2 0.542480 0.394531 0.009115 0.004883
0 0.513184 0.391927 0.006510 0.004883
2 0.596191 0.392253 0.007161 0.004883
0 0.575684 0.391276 0.006510 0.004883
