2 0.705000 0.550676 0.107500 0.172297
0 0.957500 0.520270 0.047500 0.081081
2 0.210625 0.669764 0.301250 0.491554
2 0.512500 0.500000 0.055000 0.097973
2 0.586250 0.479730 0.020000 0.040541
2 0.481250 0.486486 0.037500 0.064189
0 0.775625 0.496622 0.023750 0.047297
0 0.796875 0.505068 0.031250 0.054054
0 0.860625 0.502534 0.023750 0.038851
2 0.911250 0.502534 0.017500 0.032095
2 0.663750 0.486486 0.020000 0.037162
2 0.568125 0.470439 0.011250 0.018581
2 0.627500 0.477196 0.012500 0.018581
2 0.316250 0.449324 0.010000 0.020270
0 0.991250 0.512669 0.015000 0.038851
2 0.441250 0.460304 0.010000 0.021959
