2 0.676758 0.479818 0.022461 0.037760
0 0.297119 0.572917 0.047363 0.074219
2 0.817139 0.568034 0.033691 0.070964
0 0.413086 0.470703 0.013672 0.032552
0 0.442139 0.444010 0.013184 0.024740
2 0.846924 0.495117 0.022949 0.042318
2 0.627197 0.449219 0.011230 0.024740
2 0.726807 0.454427 0.013184 0.024740
2 0.676270 0.436523 0.009766 0.017578
2 0.600830 0.433919 0.007324 0.017578
0 0.451172 0.431966 0.008789 0.016276
0 0.457764 0.423828 0.006348 0.016927
2 0.591309 0.428060 0.007813 0.014974
2 0.648926 0.429036 0.007813 0.015625
0 0.903809 0.462240 0.013672 0.024740
0 0.731934 0.429362 0.007813 0.013672
2 0.612793 0.426107 0.008789 0.014974
0 0.797363 0.436849 0.007813 0.014323
0 0.838379 0.444987 0.010742 0.017578
0 0.562988 0.418945 0.005859 0.011068
0 0.646240 0.421875 0.005371 0.010417
0 0.495361 0.420573 0.007324 0.011719
