2 0.266016 0.695833 0.041406 0.105556
2 0.253906 0.554167 0.018750 0.047222
2 0.685937 0.570833 0.026562 0.075000
2 0.345703 0.489583 0.013281 0.029167
2 0.670703 0.437500 0.011719 0.030556
2 0.439453 0.500000 0.014844 0.041667
2 0.723437 0.422917 0.007812 0.029167
2 0.220312 0.525000 0.010937 0.025000
2 0.940625 0.415972 0.009375 0.026389
2 0.855859 0.438194 0.013281 0.031944
2 0.973047 0.430556 0.010156 0.030556
2 0.895312 0.418750 0.007812 0.026389
2 0.821875 0.421528 0.007812 0.026389
2 0.560937 0.434722 0.007812 0.022222
2 0.640625 0.420833 0.007812 0.016667
