0 0.950781 0.463889 0.020313 0.055556
0 0.908984 0.435417 0.016406 0.045833
0 0.831250 0.408333 0.012500 0.036111
0 0.020703 0.627778 0.021094 0.063889
0 0.781250 0.398611 0.014063 0.033333
0 0.281250 0.495139 0.015625 0.037500
1 0.060547 0.561806 0.014844 0.037500
0 0.054297 0.584028 0.019531 0.043056
0 0.414844 0.443056 0.012500 0.030556
0 0.473438 0.414583 0.007812 0.020833
0 0.737500 0.395139 0.012500 0.026389
0 0.509766 0.411806 0.008594 0.023611
0 0.384375 0.440278 0.007812 0.025000
0 0.567187 0.395139 0.007812 0.018056
0 0.529687 0.399306 0.007812 0.015278
0 0.255078 0.485417 0.011719 0.034722
1 0.976953 0.445833 0.041406 0.125000
0 0.662109 0.392361 0.008594 0.023611
0 0.069531 0.545139 0.012500 0.029167
1 0.233984 0.481944 0.014844 0.030556
1 0.352734 0.441667 0.010156 0.022222
0 0.610156 0.392361 0.007812 0.020833
1 0.445312 0.415972 0.007812 0.018056
0 0.086719 0.513889 0.007812 0.019444
0 0.082812 0.520833 0.007812 0.022222
0 0.078125 0.529861 0.007812 0.026389
