0 0.403125 0.586149 0.213750 0.351351
0 0.268750 0.485642 0.075000 0.140203
2 0.139375 0.451014 0.033750 0.064189
0 0.550000 0.452703 0.032500 0.064189
0 0.751875 0.449324 0.031250 0.057432
0 0.855625 0.444257 0.026250 0.047297
2 0.776875 0.435811 0.013750 0.033784
0 0.912500 0.442568 0.022500 0.040541
0 0.968125 0.440878 0.016250 0.033784
2 0.589375 0.439189 0.021250 0.043919
0 0.940000 0.441723 0.017500 0.035473
2 0.683125 0.435811 0.011250 0.030405
2 0.663750 0.437500 0.017500 0.040541
2 0.634375 0.435811 0.008750 0.023649
2 0.467500 0.444257 0.025000 0.050676
2 0.301250 0.447635 0.022500 0.060811
0 0.620000 0.435811 0.007500 0.020270
2 0.068750 0.431588 0.012500 0.021959
0 0.022500 0.429899 0.010000 0.018581
0 0.159375 0.430743 0.011250 0.020270
2 0.515000 0.434966 0.010000 0.025338
0 0.083125 0.432432 0.011250 0.016892
0 0.797500 0.438345 0.007500 0.021959
2 0.434375 0.435811 0.011250 0.027027
