0 0.229492 0.611654 0.091797 0.055664
2 0.870117 0.595378 0.083984 0.046875
2 0.648926 0.456706 0.027995 0.014648
2 0.623291 0.436198 0.019531 0.011230
0 0.402588 0.444336 0.024089 0.011230
2 0.634033 0.425130 0.016927 0.008301
0 0.435791 0.427409 0.017578 0.008301
0 0.503174 0.416667 0.013021 0.005371
2 0.657715 0.415690 0.014974 0.004883
0 0.570313 0.406250 0.010417 0.006836
2 0.674561 0.409505 0.013021 0.006348
2 0.734131 0.402995 0.009115 0.005371
2 0.704346 0.405273 0.011068 0.007324
0 0.623535 0.399740 0.009115 0.004883
0 0.684326 0.397786 0.007813 0.005371
