2 0.955469 0.865278 0.188889 0.073438
2 0.265234 0.623611 0.077778 0.030469
2 0.344922 0.514583 0.045833 0.014844
2 0.595313 0.477778 0.036111 0.010937
2 0.741797 0.540278 0.058333 0.022656
2 0.479687 0.454167 0.025000 0.007812
2 0.333594 0.486806 0.031944 0.010937
2 0.286328 0.464583 0.023611 0.008594
2 0.382031 0.444444 0.019444 0.007812
2 0.231250 0.461111 0.019444 0.007812
2 0.177344 0.463889 0.019444 0.007812
2 0.293750 0.446528 0.018056 0.007812
2 0.223047 0.451389 0.019444 0.007031
2 0.078516 0.474306 0.018056 0.007031
2 0.142187 0.466667 0.019444 0.007812
2 0.700000 0.436806 0.020833 0.007812
