1 0.853516 0.628581 0.177734 0.083984
1 0.200928 0.617513 0.173828 0.072754
0 0.316895 0.530599 0.066406 0.033203
2 0.690186 0.513672 0.057292 0.029785
2 0.610596 0.463542 0.037760 0.018066
0 0.389648 0.461263 0.033203 0.020508
0 0.427002 0.424154 0.021484 0.011230
2 0.560059 0.426432 0.018229 0.010742
2 0.544189 0.414388 0.016276 0.009277
1 0.047607 0.833333 0.252604 0.092285
2 0.533447 0.407552 0.013021 0.006348
2 0.524902 0.401042 0.011719 0.005859
0 0.440918 0.412109 0.013021 0.006836
0 0.445801 0.405924 0.012370 0.005859
0 0.451416 0.400391 0.010417 0.005371
