0 0.158594 0.753472 0.042188 0.118056
0 0.916016 0.589583 0.038281 0.081944
0 0.415234 0.466667 0.013281 0.036111
0 0.358203 0.525694 0.017969 0.051389
0 0.810156 0.495833 0.020313 0.047222
1 0.635156 0.422222 0.015625 0.044444
0 0.791016 0.454861 0.013281 0.034722
1 0.599609 0.425000 0.011719 0.038889
0 0.562500 0.432639 0.007812 0.020833
0 0.459375 0.431944 0.007812 0.019444
1 0.439844 0.425000 0.010937 0.041667
1 0.411328 0.430556 0.010156 0.030556
0 0.438672 0.446528 0.008594 0.023611
0 0.669141 0.431944 0.008594 0.022222
0 0.548438 0.425000 0.007812 0.019444
0 0.536719 0.408333 0.007812 0.013889
0 0.471094 0.420833 0.007812 0.013889
0 0.792969 0.437500 0.007812 0.022222
0 0.479687 0.412500 0.007812 0.013889
1 0.457813 0.406250 0.007812 0.018056
0 0.540625 0.415972 0.007812 0.015278
0 0.704688 0.415278 0.007812 0.016667
0 0.722656 0.406944 0.007812 0.013889
