2 0.166250 0.534375 0.137500 0.050000
2 0.614375 0.392188 0.090625 0.023750
0 0.388750 0.381250 0.081250 0.025000
2 0.431875 0.323437 0.065625 0.018750
2 0.730625 0.687500 0.218750 0.081250
0 0.580625 0.317188 0.053125 0.013750
2 0.535625 0.285938 0.040625 0.008750
2 0.816875 0.300000 0.056250 0.023750
0 0.403125 0.307812 0.053125 0.013750
0 0.601875 0.270313 0.034375 0.011250
2 0.568125 0.254688 0.034375 0.008750
0 0.251875 0.292187 0.034375 0.011250
0 0.229375 0.279687 0.034375 0.013750
0 0.153125 0.298438 0.040625 0.016250
2 0.785625 0.262500 0.043750 0.013750
