1 0.183838 0.506510 0.076823 0.037598
1 0.195313 0.486654 0.067057 0.026367
1 0.459229 0.475911 0.062500 0.025879
1 0.440430 0.467122 0.059245 0.024414
2 0.408936 0.455729 0.027344 0.018066
2 0.375977 0.442057 0.023438 0.011719
2 0.337891 0.419596 0.013672 0.006836
0 0.232422 0.448893 0.025391 0.011719
0 0.214600 0.472982 0.031901 0.013184
2 0.348389 0.426107 0.014974 0.007324
2 0.329102 0.414714 0.011719 0.005859
2 0.322266 0.410807 0.010417 0.004883
0 0.245850 0.430664 0.014974 0.008301
0 0.251953 0.423828 0.010417 0.004883
0 0.253906 0.419271 0.010417 0.004883
0 0.256348 0.414714 0.007813 0.004883
0 0.260742 0.409831 0.007161 0.004883
2 0.318359 0.406901 0.007813 0.004883
2 0.315430 0.404297 0.007813 0.004883
