0 0.643750 0.432432 0.033784 0.017500
0 0.681250 0.476351 0.060811 0.032500
2 0.704375 0.407939 0.025338 0.013750
2 0.790625 0.416385 0.032095 0.016250
0 0.485625 0.408784 0.020270 0.008750
0 0.588750 0.420608 0.027027 0.012500
2 0.953125 0.434966 0.038851 0.023750
0 0.535625 0.412162 0.027027 0.008750
0 0.367500 0.402872 0.018581 0.007500
2 0.633750 0.403716 0.020270 0.012500
0 0.310000 0.403716 0.016892 0.007500
0 0.261250 0.403716 0.020270 0.007500
1 0.704375 0.374155 0.018581 0.011250
0 0.434375 0.404561 0.018581 0.008750
