0 0.385254 0.508138 0.025391 0.047526
2 0.741211 0.516602 0.034180 0.039714
2 0.628906 0.458659 0.020508 0.033203
2 0.753662 0.470052 0.018066 0.035156
2 0.926270 0.524089 0.025391 0.050781
0 0.428467 0.454427 0.021973 0.029948
0 0.724609 0.438477 0.013672 0.018880
2 0.578857 0.439128 0.015137 0.025391
2 0.671631 0.445964 0.017090 0.029948
2 0.542725 0.430990 0.012207 0.016927
0 0.798828 0.449870 0.010742 0.023438
0 0.443604 0.440104 0.011230 0.022135
0 0.312744 0.428385 0.010254 0.016927
0 0.936279 0.477539 0.028809 0.031901
2 0.339600 0.424154 0.008301 0.018880
2 0.517090 0.425456 0.007812 0.017578
