2 0.759277 0.593750 0.085938 0.044922
2 0.781738 0.477865 0.036458 0.021484
0 0.325439 0.491211 0.048828 0.025879
0 0.679688 0.424479 0.018229 0.008789
0 0.563232 0.437500 0.023438 0.012207
2 0.855957 0.435547 0.016927 0.008789
2 0.834473 0.452474 0.022135 0.013672
0 0.728027 0.421224 0.019531 0.008789
2 0.864990 0.426107 0.013672 0.006348
0 0.769287 0.416667 0.011719 0.006348
0 0.796387 0.415039 0.009766 0.004883
1 0.801758 0.411784 0.013672 0.004883
1 0.804688 0.411784 0.013672 0.004883
0 0.811523 0.413411 0.006510 0.004883
0 0.817383 0.412760 0.006510 0.004883
2 0.869141 0.422852 0.008464 0.004883
0 0.828125 0.412109 0.006510 0.004883
