2 0.769531 0.493815 0.048828 0.026367
2 0.688721 0.447591 0.030599 0.016113
1 0.398682 0.424805 0.017578 0.019043
0 0.450928 0.467773 0.037109 0.018066
0 0.509766 0.437826 0.018880 0.014648
0 0.608154 0.418620 0.022135 0.008301
1 0.149902 0.445638 0.021484 0.024414
0 0.556885 0.424805 0.020182 0.010254
2 0.681396 0.430013 0.018880 0.014160
0 0.654541 0.416016 0.015625 0.010254
1 0.596924 0.410156 0.016927 0.008301
2 0.788574 0.421875 0.013021 0.009766
0 0.780029 0.416016 0.011719 0.010254
2 0.726562 0.421224 0.018229 0.008789
2 0.700684 0.424154 0.020182 0.010742
