2 0.565918 0.441081 0.024089 0.012695
0 0.296875 0.513997 0.047526 0.024414
2 0.680176 0.500000 0.046875 0.030273
0 0.399414 0.444661 0.023438 0.009766
1 0.554443 0.428060 0.029297 0.012207
0 0.426025 0.424479 0.014323 0.007324
2 0.527832 0.416016 0.011719 0.004883
0 0.431396 0.417318 0.011719 0.005371
1 0.411621 0.430990 0.029948 0.010742
1 0.548828 0.425130 0.027344 0.008789
2 0.537598 0.422526 0.014323 0.006836
0 0.441406 0.411133 0.009766 0.004883
2 0.513184 0.409180 0.009766 0.004883
0 0.455811 0.407227 0.009766 0.005371
1 0.416260 0.426758 0.029297 0.008301
