2 0.272266 0.759722 0.053906 0.136111
2 0.951172 0.681944 0.038281 0.130556
2 0.625391 0.490972 0.014844 0.043056
2 0.392578 0.511806 0.014844 0.037500
2 0.625781 0.456944 0.010937 0.025000
2 0.478125 0.461806 0.009375 0.026389
2 0.541797 0.441667 0.008594 0.019444
2 0.591406 0.431250 0.007812 0.015278
2 0.651563 0.439583 0.007812 0.015278
2 0.685937 0.427778 0.007812 0.013889
2 0.628125 0.419444 0.007812 0.013889
2 0.707031 0.417361 0.007812 0.015278
2 0.730469 0.409722 0.007812 0.013889
2 0.657813 0.407639 0.007812 0.015278
2 0.675781 0.401389 0.007812 0.013889
2 0.743750 0.408333 0.007812 0.013889
