0 0.211250 0.560811 0.094595 0.050000
2 0.633125 0.419764 0.045608 0.023750
2 0.751875 0.474662 0.064189 0.033750
0 0.375000 0.429899 0.042230 0.020000
0 0.309375 0.414696 0.028716 0.016250
2 0.521875 0.403716 0.027027 0.011250
0 0.247500 0.407939 0.025338 0.010000
2 0.266875 0.398649 0.020270 0.008750
2 0.335625 0.397804 0.021959 0.011250
0 0.185625 0.407095 0.020270 0.008750
2 0.408750 0.398649 0.027027 0.012500
0 0.053125 0.407939 0.021959 0.008750
0 0.120625 0.405405 0.020270 0.008750
2 0.127500 0.398649 0.016892 0.010000
2 0.213750 0.397804 0.018581 0.010000
