0 0.755625 0.528716 0.056250 0.094595
0 0.643750 0.509291 0.035000 0.065878
2 0.280000 0.516892 0.067500 0.111486
2 0.065625 0.603885 0.131250 0.322635
0 0.515625 0.499155 0.026250 0.055743
0 0.434375 0.492399 0.023750 0.042230
0 0.478125 0.488176 0.018750 0.040541
2 0.171875 0.484797 0.036250 0.060811
2 0.365625 0.483108 0.013750 0.027027
0 0.587500 0.491554 0.010000 0.027027
2 0.406875 0.478885 0.011250 0.025338
0 0.543125 0.491554 0.016250 0.037162
2 0.216250 0.478885 0.020000 0.042230
0 0.573125 0.486486 0.011250 0.023649
2 0.345000 0.476351 0.012500 0.027027
0 0.598125 0.488176 0.013750 0.030405
0 0.383750 0.478041 0.007500 0.020270
0 0.323125 0.475507 0.008750 0.018581
0 0.113125 0.468750 0.011250 0.025338
2 0.393125 0.466216 0.011250 0.023649
2 0.193125 0.472128 0.008750 0.025338
2 0.190000 0.480574 0.017500 0.048986
