2 0.928467 0.561198 0.042480 0.066406
2 0.353027 0.515951 0.024414 0.055339
2 0.714600 0.504557 0.027832 0.054688
2 0.640625 0.456055 0.020508 0.031901
2 0.437012 0.444336 0.013672 0.025391
2 0.485596 0.416992 0.008301 0.017578
2 0.449707 0.431966 0.007813 0.021484
2 0.598145 0.420898 0.008789 0.014974
1 0.598633 0.431315 0.009766 0.017578
2 0.528320 0.411133 0.007813 0.012370
2 0.623535 0.405599 0.005859 0.011719
2 0.784668 0.413411 0.006836 0.014323
2 0.742188 0.403971 0.004883 0.013672
2 0.980225 0.449544 0.018066 0.026693
2 0.455811 0.423828 0.007324 0.019531
2 0.569580 0.407878 0.006348 0.012370
2 0.681396 0.412435 0.008301 0.014974
2 0.884521 0.417643 0.009277 0.017578
2 0.832031 0.406576 0.006836 0.012370
2 0.933350 0.411133 0.008301 0.013672
1 0.557617 0.395508 0.004883 0.009766
