2 0.434326 0.432292 0.012207 0.023438
2 0.453125 0.410156 0.006836 0.014323
2 0.637939 0.516276 0.033691 0.058594
2 0.100830 0.477865 0.018066 0.031250
2 0.080078 0.484701 0.019531 0.031901
2 0.552734 0.422201 0.012695 0.020182
2 0.541260 0.405924 0.008301 0.016276
2 0.434326 0.402344 0.008301 0.015625
2 0.271729 0.414388 0.009277 0.017578
2 0.530518 0.396484 0.007324 0.013021
2 0.277588 0.396810 0.005371 0.011068
2 0.103027 0.444661 0.012695 0.023438
2 0.346924 0.395833 0.005371 0.011719
2 0.396729 0.397786 0.007324 0.014323
2 0.290039 0.392578 0.005859 0.010417
2 0.333496 0.390625 0.004883 0.010417
2 0.245850 0.394531 0.005371 0.010417
2 0.070557 0.421875 0.008301 0.014323
2 0.149170 0.409831 0.005371 0.011068
2 0.377930 0.389974 0.004883 0.009115
2 0.032715 0.416992 0.009766 0.013672
2 0.082031 0.410482 0.005859 0.011068
2 0.114014 0.406576 0.005371 0.011068
2 0.157227 0.402018 0.004883 0.009766
2 0.189941 0.403971 0.005859 0.011068
2 0.206055 0.397786 0.004883 0.009115
2 0.495117 0.392578 0.004883 0.011719
2 0.435059 0.390951 0.004883 0.011068
