2 0.308984 0.536806 0.025781 0.059722
2 0.636328 0.472222 0.025781 0.050000
2 0.316797 0.459028 0.021094 0.040278
2 0.861719 0.618056 0.042188 0.113889
2 0.505859 0.421528 0.011719 0.029167
2 0.282813 0.440278 0.012500 0.027778
2 0.230859 0.441667 0.010156 0.022222
2 0.384375 0.409028 0.007812 0.020833
2 0.297656 0.413194 0.007812 0.018056
2 0.139844 0.452083 0.007812 0.020833
2 0.026953 0.477083 0.008594 0.023611
2 0.060937 0.454861 0.007812 0.015278
2 0.859766 0.426389 0.010156 0.027778
2 0.204687 0.426389 0.007812 0.019444
