1 0.529948 0.423611 0.021354 0.050926
1 0.789583 0.454630 0.018750 0.040741
1 0.717187 0.386111 0.011458 0.027778
1 0.554167 0.366204 0.010417 0.026852
1 0.685156 0.355556 0.007812 0.020370
1 0.560156 0.343056 0.007812 0.021296
1 0.659375 0.339352 0.007292 0.017593
1 0.536458 0.318981 0.008333 0.019444
1 0.607031 0.319907 0.005729 0.017593
1 0.635677 0.327778 0.005729 0.014815
1 0.506771 0.314815 0.008333 0.014815
1 0.560937 0.327315 0.010417 0.021296
1 0.794792 0.338889 0.005208 0.014815
1 0.725521 0.330093 0.005208 0.013889
1 0.471354 0.312500 0.005208 0.010185
