2 0.684814 0.498047 0.046875 0.029785
2 0.317871 0.536133 0.063151 0.037109
2 0.417969 0.452148 0.031901 0.016602
2 0.878906 0.470703 0.036458 0.020508
2 0.618408 0.452799 0.030599 0.017090
2 0.447266 0.428711 0.020182 0.010742
2 0.584717 0.427409 0.020182 0.011230
2 0.570801 0.417969 0.016927 0.009766
2 0.810547 0.437500 0.019531 0.011719
2 0.639648 0.434896 0.020833 0.010742
2 0.489746 0.403646 0.010417 0.004883
2 0.465088 0.414063 0.013021 0.006348
2 0.469238 0.410482 0.011068 0.004883
2 0.518555 0.400716 0.009766 0.004883
2 0.557861 0.409505 0.011719 0.006348
2 0.621826 0.400065 0.009766 0.005371
2 0.769531 0.416992 0.013672 0.006836
2 0.693848 0.400391 0.010417 0.004883
2 0.562012 0.403971 0.013672 0.005859
2 0.547852 0.398763 0.009766 0.004883
2 0.758789 0.402995 0.011719 0.005859
2 0.674316 0.396484 0.009115 0.004883
2 0.630371 0.395833 0.009115 0.004883
2 0.587158 0.397461 0.009766 0.005371
2 0.831299 0.408854 0.011719 0.007324
2 0.903809 0.415690 0.013672 0.006836
2 0.936279 0.412109 0.013021 0.007324
