2 0.687012 0.595703 0.040039 0.069010
2 0.472656 0.475260 0.009766 0.020833
2 0.393066 0.472005 0.008789 0.016927
2 0.557129 0.498698 0.018555 0.031250
0 0.326172 0.511068 0.015625 0.032552
2 0.346191 0.468099 0.008789 0.016927
0 0.308105 0.486979 0.010742 0.020833
0 0.275879 0.481120 0.008789 0.016927
0 0.208496 0.475911 0.008789 0.011719
2 0.303711 0.467448 0.007812 0.015625
0 0.172852 0.478516 0.007812 0.014323
0 0.241211 0.477214 0.007812 0.014323
2 0.224609 0.468099 0.005859 0.011719
1 0.449219 0.441406 0.005859 0.007812
2 0.103516 0.475260 0.007812 0.015625
2 0.272949 0.467448 0.006836 0.013021
0 0.126953 0.479818 0.005859 0.011719
