2 0.346680 0.506510 0.030273 0.050781
2 0.418213 0.436523 0.014160 0.025391
2 0.588867 0.466797 0.019531 0.039063
2 0.556152 0.428060 0.010742 0.021484
2 0.399170 0.420573 0.009277 0.019531
2 0.537109 0.411133 0.008789 0.016276
2 0.412842 0.402344 0.007324 0.013021
2 0.149414 0.445638 0.016602 0.025391
2 0.355225 0.412435 0.009277 0.017578
2 0.342285 0.401693 0.006836 0.013021
2 0.489502 0.405599 0.007324 0.015625
2 0.295166 0.410156 0.007324 0.015625
2 0.209473 0.412760 0.007813 0.014323
2 0.091064 0.421875 0.010254 0.015625
2 0.288818 0.403320 0.006348 0.012370
2 0.181885 0.409180 0.007324 0.012370
2 0.128418 0.413086 0.006836 0.012370
2 0.022461 0.431966 0.009766 0.017578
2 0.061768 0.419271 0.008301 0.015625
