2 0.341553 0.514648 0.054036 0.032715
2 0.666260 0.484701 0.039714 0.026855
2 0.610840 0.445964 0.026042 0.015625
2 0.423584 0.445638 0.026693 0.016113
2 0.449463 0.425130 0.018229 0.010254
2 0.633057 0.430664 0.020182 0.012207
2 0.568115 0.415365 0.015625 0.008301
2 0.580566 0.424154 0.018880 0.010742
2 0.852051 0.465820 0.033203 0.019531
2 0.796387 0.434245 0.022135 0.011719
2 0.983398 0.455404 0.024089 0.016602
2 0.466309 0.412435 0.013672 0.007813
2 0.556396 0.406901 0.013021 0.007324
2 0.517578 0.398438 0.010417 0.004883
2 0.546875 0.397135 0.009115 0.004883
2 0.584961 0.395508 0.008464 0.004883
2 0.618652 0.399089 0.010417 0.005859
2 0.489014 0.401693 0.011719 0.005371
2 0.469971 0.407227 0.012370 0.005371
2 0.472168 0.404297 0.010417 0.004883
2 0.760254 0.413737 0.013672 0.006836
2 0.822021 0.406901 0.010417 0.005371
2 0.688477 0.399414 0.009766 0.004883
2 0.751953 0.402018 0.009766 0.004883
2 0.732910 0.395833 0.009115 0.004883
