2 0.386328 0.522917 0.027344 0.065278
2 0.728906 0.479167 0.021875 0.052778
2 0.605859 0.439583 0.011719 0.034722
2 0.397656 0.459722 0.012500 0.033333
2 0.072266 0.919444 0.055469 0.158333
2 0.579297 0.418750 0.011719 0.029167
2 0.067187 0.543056 0.017188 0.055556
2 0.449219 0.427778 0.007813 0.025000
2 0.491406 0.411806 0.007813 0.020833
2 0.597656 0.407639 0.007813 0.020833
2 0.578906 0.402778 0.007813 0.013889
0 0.475781 0.408333 0.007813 0.013889
0 0.572656 0.395833 0.007813 0.013889
0 0.514062 0.398611 0.007813 0.013889
0 0.629687 0.386111 0.007813 0.013889
2 0.084375 0.534028 0.015625 0.048611
