2 0.826904 0.638021 0.104167 0.068848
0 0.199219 0.636068 0.105469 0.057617
0 0.359375 0.494141 0.037760 0.022461
2 0.646240 0.486003 0.039714 0.022949
1 0.600586 0.443359 0.041667 0.018555
1 0.573730 0.433268 0.017578 0.009766
1 0.410889 0.447266 0.042969 0.017090
1 0.441406 0.434245 0.018229 0.009766
1 0.588623 0.438151 0.037760 0.014160
1 0.420410 0.440430 0.042318 0.013672
1 0.465820 0.419922 0.011719 0.004883
1 0.455566 0.425456 0.013672 0.008789
1 0.560547 0.425456 0.016276 0.009766
1 0.554932 0.420247 0.012370 0.006348
1 0.471436 0.418294 0.009766 0.005371
1 0.477539 0.415690 0.008464 0.004883
1 0.551270 0.418620 0.013021 0.004883
1 0.547852 0.415039 0.007161 0.004883
