2 0.753750 0.778125 0.105000 0.193750
2 0.585625 0.451562 0.033750 0.078125
0 0.247500 0.542188 0.047500 0.134375
0 0.400625 0.410938 0.023750 0.084375
2 0.498125 0.367188 0.016250 0.065625
0 0.709375 0.220312 0.031250 0.096875
0 0.630000 0.309375 0.027500 0.087500
0 0.552500 0.353125 0.015000 0.056250
2 0.411250 0.346875 0.015000 0.050000
2 0.477500 0.301563 0.007500 0.034375
2 0.463750 0.285938 0.007500 0.028125
1 0.455000 0.281250 0.007500 0.025000
2 0.427500 0.282813 0.007500 0.034375
2 0.397500 0.284375 0.007500 0.025000
0 0.311875 0.315625 0.018750 0.050000
0 0.515625 0.284375 0.011250 0.037500
2 0.594375 0.296875 0.013750 0.037500
0 0.341875 0.343750 0.018750 0.056250
