2 0.591309 0.467448 0.037760 0.018555
0 0.202637 0.500977 0.038411 0.018555
0 0.217773 0.458008 0.025391 0.011719
2 0.801758 0.500326 0.050130 0.028320
2 0.441650 0.446289 0.031901 0.016113
0 0.256836 0.439779 0.018880 0.010742
0 0.312500 0.428060 0.016276 0.008789
2 0.423828 0.434245 0.023438 0.012695
2 0.514404 0.420247 0.018880 0.010254
2 0.595703 0.413086 0.016276 0.007813
0 0.210205 0.632161 0.095052 0.049316
0 0.469482 0.413086 0.012370 0.005371
0 0.576416 0.407552 0.010417 0.005371
2 0.718750 0.410807 0.014323 0.006836
0 0.710205 0.403320 0.011068 0.005371
0 0.372559 0.420247 0.018880 0.008789
2 0.849854 0.410482 0.016276 0.008301
0 0.825684 0.402995 0.011719 0.006836
0 0.904541 0.402018 0.012370 0.005371
2 0.973877 0.408854 0.015625 0.007324
1 0.638184 0.394206 0.009766 0.004883
