0 0.165283 0.657552 0.063965 0.111979
2 0.869141 0.537109 0.033203 0.052083
2 0.749512 0.466471 0.014648 0.026693
0 0.441895 0.483073 0.021484 0.037760
0 0.508301 0.449219 0.013672 0.023438
2 0.680176 0.430339 0.009766 0.015625
2 0.713623 0.445638 0.011230 0.020182
0 0.581055 0.425781 0.007813 0.014323
2 0.657471 0.421224 0.007324 0.011719
2 0.641357 0.414388 0.006348 0.012370
2 0.628174 0.408203 0.005371 0.010417
0 0.571533 0.436523 0.011230 0.022786
2 0.614258 0.403971 0.004883 0.008464
0 0.570313 0.417318 0.007813 0.011719
0 0.563965 0.412435 0.006836 0.011068
2 0.604004 0.402669 0.004883 0.007161
2 0.598633 0.401693 0.004883 0.006510
0 0.559570 0.407552 0.004883 0.010417
2 0.592773 0.401693 0.004883 0.007813
