2 0.203125 0.419271 0.004883 0.013021
0 0.151367 0.437826 0.008789 0.016276
2 0.146240 0.427734 0.006348 0.013021
2 0.061035 0.440755 0.008789 0.015625
0 0.019531 0.461589 0.011719 0.020833
0 0.271973 0.416341 0.005859 0.008464
0 0.300537 0.411133 0.005371 0.009766
2 0.248291 0.411133 0.006348 0.011068
2 0.280273 0.406576 0.005859 0.009766
2 0.306152 0.402018 0.004883 0.008464
0 0.224609 0.424154 0.006836 0.012370
2 0.341309 0.396484 0.004883 0.010417
0 0.326416 0.406576 0.005371 0.008464
2 0.325684 0.398763 0.004883 0.007161
0 0.375000 0.398112 0.004883 0.007161
0 0.344482 0.404622 0.005371 0.007161
2 0.356934 0.392904 0.004883 0.008464
