2 0.930176 0.563802 0.066406 0.041016
2 0.542236 0.462240 0.035156 0.016113
0 0.236328 0.541992 0.052734 0.035156
2 0.657471 0.538737 0.068359 0.036621
2 0.697021 0.479167 0.048177 0.024902
0 0.323975 0.470703 0.032552 0.018066
0 0.339355 0.450195 0.024089 0.012695
2 0.602295 0.450846 0.031901 0.014160
2 0.490967 0.441732 0.024089 0.015137
2 0.455566 0.432943 0.020833 0.013672
0 0.181396 0.447266 0.024740 0.011230
0 0.246094 0.445964 0.019531 0.010742
0 0.315918 0.444336 0.022786 0.010742
2 0.119141 0.443359 0.019531 0.013672
0 0.741455 0.448568 0.024740 0.017090
0 0.875977 0.474284 0.034505 0.018555
2 0.555176 0.437174 0.022786 0.010742
2 0.499756 0.420573 0.016927 0.008301
2 0.522705 0.427734 0.018229 0.010254
0 0.662354 0.436523 0.021484 0.010254
0 0.571777 0.417969 0.018229 0.009766
0 0.605713 0.425130 0.018229 0.011230
