2 0.845947 0.630534 0.062012 0.099609
0 0.220215 0.637044 0.061523 0.100911
2 0.649902 0.466797 0.020508 0.037760
0 0.401123 0.468750 0.020020 0.039062
0 0.431641 0.434570 0.013672 0.025391
2 0.750488 0.453776 0.018555 0.033854
2 0.604736 0.430664 0.012207 0.026693
2 0.940918 0.506836 0.031250 0.051432
2 0.664551 0.422526 0.013672 0.024740
2 0.803955 0.422526 0.011230 0.022135
2 0.919678 0.446615 0.019043 0.029948
2 0.582764 0.413737 0.012207 0.021484
0 0.450195 0.417643 0.008789 0.020182
2 0.571533 0.406576 0.007324 0.014974
0 0.465088 0.408854 0.007324 0.015625
2 0.555908 0.399089 0.005371 0.011719
0 0.562988 0.402018 0.006836 0.012370
2 0.631836 0.407878 0.008789 0.016276
2 0.741943 0.409505 0.008301 0.015625
2 0.609619 0.401693 0.006348 0.013021
2 0.684326 0.398763 0.005371 0.011068
0 0.495605 0.396159 0.004883 0.008464
2 0.601074 0.398112 0.005859 0.013672
2 0.591797 0.396810 0.004883 0.011068
2 0.571533 0.397461 0.005371 0.011068
0 0.542480 0.395182 0.004883 0.007812
2 0.654785 0.396810 0.004883 0.007161
2 0.703857 0.402669 0.006348 0.012370
0 0.470947 0.402995 0.005371 0.011719
2 0.696289 0.400716 0.004883 0.008464
