0 0.135156 0.671528 0.031250 0.079167
0 0.168359 0.606944 0.022656 0.061111
0 0.183984 0.571528 0.021094 0.048611
0 0.079297 0.779861 0.044531 0.109722
1 0.738281 0.388194 0.014063 0.056944
0 0.893359 0.682639 0.041406 0.118056
0 0.837109 0.569444 0.033594 0.088889
1 0.775391 0.388194 0.011719 0.056944
1 0.152734 0.558333 0.035156 0.102778
1 0.107031 0.563889 0.037500 0.100000
0 0.793750 0.495139 0.021875 0.054167
0 0.782031 0.458333 0.015625 0.041667
0 0.764453 0.431250 0.011719 0.031944
0 0.767969 0.413889 0.009375 0.027778
1 0.528125 0.403472 0.014063 0.043056
1 0.558984 0.400000 0.011719 0.044444
0 0.746875 0.404167 0.009375 0.027778
1 0.485547 0.414583 0.011719 0.037500
1 0.514062 0.404167 0.012500 0.047222
