0 0.673125 0.523438 0.203125 0.061250
2 0.445625 0.395313 0.159375 0.046250
0 0.747500 0.307812 0.121875 0.035000
2 0.578750 0.251563 0.096875 0.030000
2 0.883125 0.843750 0.306250 0.106250
0 0.818750 0.239063 0.096875 0.027500
2 0.159375 0.359375 0.137500 0.043750
0 0.735625 0.182812 0.046875 0.023750
2 0.694375 0.160938 0.046875 0.013750
2 0.070625 0.271875 0.100000 0.023750
2 0.598750 0.178125 0.050000 0.015000
0 0.298750 0.187500 0.056250 0.015000
2 0.376250 0.203125 0.062500 0.017500
2 0.429375 0.185938 0.053125 0.013750
2 0.331875 0.171875 0.050000 0.011250
2 0.846250 0.159375 0.050000 0.012500
2 0.153750 0.243750 0.056250 0.025000
0 0.170000 0.182812 0.053125 0.012500
2 0.121250 0.193750 0.062500 0.015000
2 0.968750 0.134375 0.043750 0.012500
2 0.822500 0.143750 0.043750 0.010000
2 0.562500 0.170313 0.046875 0.015000
2 0.015000 0.195312 0.053125 0.012500
0 0.439375 0.168750 0.050000 0.011250
2 0.810625 0.148438 0.034375 0.016250
