0 0.762500 0.704688 0.215625 0.075000
2 0.735000 0.431250 0.125000 0.040000
2 0.340000 0.407813 0.096875 0.027500
0 0.596875 0.396875 0.081250 0.026250
0 0.449375 0.351562 0.059375 0.013750
0 0.566875 0.329688 0.053125 0.013750
2 0.428750 0.301563 0.046875 0.012500
0 0.476875 0.309375 0.037500 0.008750
2 0.461250 0.282813 0.034375 0.007500
2 0.587500 0.298438 0.034375 0.010000
2 0.601250 0.284375 0.031250 0.007500
0 0.570000 0.267188 0.028125 0.007500
0 0.560000 0.275000 0.031250 0.007500
2 0.674375 0.296875 0.031250 0.016250
0 0.630000 0.276562 0.021875 0.007500
0 0.507500 0.284375 0.018750 0.007500
1 0.606250 0.265625 0.018750 0.007500
