2 0.748047 0.494466 0.024414 0.043620
0 0.398438 0.498047 0.025391 0.046875
2 0.630127 0.430339 0.009277 0.018229
2 0.644287 0.442383 0.015137 0.024089
0 0.451904 0.434245 0.008301 0.019531
0 0.468994 0.424154 0.007324 0.016276
0 0.527100 0.416016 0.006348 0.011719
0 0.587891 0.408203 0.004883 0.009115
2 0.641113 0.423828 0.007813 0.016927
2 0.665283 0.415690 0.006348 0.012370
2 0.684082 0.410807 0.004883 0.010417
2 0.711426 0.406901 0.004883 0.009115
2 0.741211 0.404948 0.004883 0.007813
0 0.637695 0.402018 0.004883 0.007161
2 0.775635 0.402995 0.005371 0.007813
2 0.814941 0.402995 0.004883 0.006510
2 0.846680 0.404297 0.004883 0.006510
0 0.823730 0.402344 0.004883 0.006510
0 0.866455 0.402995 0.007324 0.006510
1 0.858398 0.400716 0.004883 0.008464
2 0.890137 0.404948 0.004883 0.007813
1 0.955078 0.404297 0.004883 0.009115
2 0.930176 0.404297 0.004883 0.006510
2 0.963867 0.408854 0.004883 0.006510
0 0.692383 0.399740 0.004883 0.006510
1 0.720703 0.398438 0.007813 0.006510
0 0.728516 0.399740 0.004883 0.006510
