2 0.427734 0.517253 0.057943 0.032227
2 0.766846 0.527995 0.055990 0.029785
2 0.686279 0.422201 0.017578 0.009277
2 0.772949 0.459961 0.027995 0.015625
2 0.601807 0.456706 0.034505 0.020996
2 0.706299 0.412435 0.012370 0.007324
2 0.730713 0.400391 0.010417 0.005371
2 0.777344 0.418945 0.014974 0.008789
2 0.788818 0.408529 0.012370 0.007324
2 0.876953 0.419922 0.014323 0.009766
2 0.993896 0.460286 0.022135 0.010254
2 0.929199 0.416667 0.013021 0.008789
2 0.853271 0.404297 0.010417 0.007324
2 0.792725 0.402995 0.009115 0.006348
2 0.736572 0.397135 0.010417 0.005371
