0 0.366455 0.470703 0.037760 0.019043
2 0.847168 0.554362 0.064453 0.044922
2 0.723877 0.464844 0.033854 0.020020
2 0.697998 0.430339 0.020833 0.011230
0 0.498535 0.420573 0.020833 0.010742
1 0.588867 0.397461 0.009766 0.011719
2 0.710938 0.417643 0.017578 0.008789
0 0.588867 0.406576 0.016276 0.008789
2 0.732422 0.409180 0.013672 0.007813
0 0.635010 0.402344 0.011719 0.005371
0 0.685791 0.400391 0.010417 0.005371
2 0.793701 0.405273 0.011068 0.005371
2 0.764404 0.405924 0.013672 0.006348
2 0.832764 0.406250 0.010417 0.005371
2 0.907959 0.409831 0.009766 0.006348
0 0.737793 0.400716 0.008464 0.004883
1 0.750244 0.397786 0.010417 0.005371
2 0.973877 0.413737 0.011068 0.005371
0 0.783447 0.402018 0.008464 0.005371
1 0.449707 0.399089 0.009115 0.010742
2 0.847656 0.403971 0.009766 0.004883
0 0.994629 0.413411 0.009115 0.005859
0 0.920410 0.408854 0.009115 0.004883
0 0.916504 0.405273 0.007161 0.004883
1 0.760254 0.400065 0.008464 0.009766
1 0.839355 0.400391 0.010417 0.004883
