2 0.500625 0.475000 0.075000 0.041250
0 0.175625 0.543750 0.137500 0.046250
0 0.073750 0.814063 0.228125 0.075000
2 0.073125 0.415625 0.075000 0.023750
2 0.420625 0.478125 0.075000 0.041250
0 0.218750 0.409375 0.075000 0.025000
2 0.016250 0.479687 0.090625 0.030000
0 0.510000 0.376563 0.065625 0.020000
2 0.481875 0.354687 0.053125 0.018750
1 0.791875 0.356250 0.106250 0.028750
0 0.548750 0.176563 0.071875 0.017500
2 0.522500 0.279687 0.059375 0.015000
0 0.470000 0.271875 0.043750 0.012500
2 0.107500 0.332813 0.034375 0.012500
2 0.120000 0.325000 0.031250 0.012500
2 0.151250 0.315625 0.031250 0.012500
0 0.418750 0.423438 0.053125 0.020000
2 0.102500 0.373437 0.046875 0.020000
0 0.223750 0.379688 0.053125 0.020000
0 0.223125 0.334375 0.037500 0.013750
0 0.261250 0.301563 0.028125 0.007500
0 0.206250 0.329688 0.034375 0.010000
0 0.289375 0.300000 0.025000 0.008750
0 0.230625 0.309375 0.031250 0.008750
0 0.198750 0.325000 0.031250 0.007500
0 0.211250 0.354687 0.046875 0.010000
0 0.306250 0.296875 0.018750 0.007500
0 0.105000 0.306250 0.031250 0.007500
0 0.128750 0.301563 0.021875 0.007500
2 0.170625 0.307812 0.028125 0.008750
0 0.458125 0.340625 0.043750 0.013750
2 0.408750 0.440625 0.056250 0.035000
2 0.047500 0.326562 0.028125 0.007500
2 0.093125 0.309375 0.025000 0.008750
2 0.178750 0.295312 0.021875 0.007500
0 0.201250 0.296875 0.025000 0.007500
2 0.208750 0.300000 0.025000 0.010000
2 0.085000 0.351562 0.040625 0.007500
2 0.090625 0.353125 0.043750 0.011250
0 0.071250 0.312500 0.018750 0.007500
2 0.467500 0.110937 0.046875 0.012500
0 0.040000 0.325000 0.025000 0.007500
1 0.640000 0.337500 0.056250 0.017500
0 0.012500 0.335938 0.021875 0.007500
2 0.484375 0.379688 0.046875 0.023750
2 0.240000 0.295312 0.021875 0.007500
2 0.136250 0.300000 0.025000 0.007500
