0 0.347168 0.511393 0.031250 0.055339
2 0.758301 0.532878 0.038086 0.052734
0 0.451172 0.448242 0.012695 0.026693
2 0.644775 0.449219 0.016113 0.026042
2 0.634521 0.432943 0.008301 0.018229
0 0.484131 0.428711 0.010254 0.020182
0 0.540283 0.421224 0.008301 0.014323
2 0.683838 0.427734 0.010254 0.019531
2 0.773438 0.429688 0.010742 0.019531
0 0.698730 0.419271 0.006836 0.011719
2 0.911621 0.434570 0.011719 0.017578
0 0.612549 0.418620 0.008301 0.015625
0 0.785400 0.421875 0.007324 0.010417
0 0.746094 0.419596 0.004883 0.011068
0 0.878662 0.425781 0.008301 0.013021
