2 0.235352 0.605469 0.088542 0.057617
2 0.396240 0.465820 0.033203 0.018066
2 0.016357 0.507813 0.041667 0.027832
2 0.440186 0.436198 0.020833 0.010254
2 0.588867 0.458659 0.029297 0.014648
2 0.562012 0.434570 0.018880 0.007813
2 0.465576 0.422526 0.013021 0.005371
2 0.056152 0.457031 0.022135 0.012695
2 0.033691 0.436523 0.012370 0.007813
2 0.365479 0.427083 0.014323 0.006348
2 0.342285 0.422852 0.011068 0.004883
2 0.550537 0.426758 0.014974 0.007324
2 0.476074 0.419271 0.010417 0.004883
2 0.415527 0.419271 0.009115 0.004883
2 0.123047 0.428060 0.008464 0.004883
2 0.177979 0.429688 0.011719 0.006348
2 0.182617 0.420898 0.007161 0.004883
2 0.196289 0.425781 0.010417 0.004883
2 0.220215 0.417969 0.007813 0.004883
2 0.230469 0.423177 0.007813 0.005859
2 0.257324 0.413737 0.007161 0.004883
2 0.283203 0.412109 0.006510 0.004883
2 0.280273 0.417318 0.006510 0.004883
2 0.296875 0.419271 0.007813 0.004883
2 0.302246 0.413737 0.007161 0.004883
2 0.340332 0.408854 0.006510 0.004883
2 0.326172 0.410807 0.006510 0.004883
2 0.330078 0.412109 0.006510 0.004883
2 0.344727 0.415365 0.006510 0.004883
2 0.542969 0.421224 0.011719 0.005859
2 0.534668 0.416341 0.008464 0.004883
2 0.531250 0.415039 0.007161 0.004883
2 0.489258 0.416667 0.007813 0.004883
2 0.491699 0.411458 0.006510 0.004883
