0 0.163574 0.682617 0.116536 0.073242
0 0.359131 0.496419 0.050130 0.028809
2 0.669434 0.489909 0.044922 0.024414
2 0.914551 0.688477 0.121745 0.064453
2 0.759521 0.465820 0.041016 0.020996
0 0.416992 0.450195 0.027995 0.016602
0 0.447266 0.429688 0.020833 0.013672
0 0.834229 0.440430 0.031901 0.021973
2 0.616699 0.446940 0.035807 0.019531
2 0.578125 0.420573 0.016927 0.008789
2 0.569336 0.414714 0.013021 0.007813
0 0.969482 0.470703 0.037760 0.022949
2 0.593750 0.429036 0.022135 0.012695
2 0.678467 0.432617 0.020182 0.012207
2 0.639893 0.421875 0.015625 0.008301
2 0.623291 0.415365 0.011719 0.006348
0 0.493408 0.410807 0.010417 0.005371
0 0.548828 0.408529 0.009766 0.004883
0 0.760010 0.424479 0.015625 0.006348
2 0.609131 0.413086 0.011068 0.005371
0 0.459473 0.420898 0.014974 0.007813
0 0.462402 0.415690 0.011068 0.004883
0 0.465820 0.412109 0.010417 0.004883
2 0.583984 0.411458 0.011719 0.006836
0 0.740479 0.419596 0.012370 0.006348
0 0.680420 0.412760 0.011719 0.006348
0 0.615234 0.409831 0.009766 0.005859
2 0.565674 0.412760 0.013021 0.006348
0 0.721924 0.416341 0.012370 0.008301
