0 0.124756 0.735677 0.074707 0.138021
0 0.262695 0.547201 0.035156 0.063151
0 0.186523 0.500000 0.023438 0.041667
2 0.595703 0.467773 0.018555 0.035807
2 0.771484 0.519531 0.029297 0.054688
2 0.290771 0.450195 0.017090 0.030599
2 0.942627 0.486654 0.024902 0.043620
2 0.468506 0.451497 0.017090 0.034505
2 0.825928 0.442057 0.016113 0.029948
0 0.105225 0.493490 0.020996 0.036458
2 0.149170 0.450195 0.013184 0.021484
2 0.055176 0.452148 0.012695 0.018880
2 0.737305 0.408529 0.008789 0.016276
2 0.772705 0.421875 0.009277 0.019531
0 0.895508 0.424479 0.008789 0.019531
0 0.852051 0.414388 0.007813 0.014974
0 0.822510 0.407552 0.006348 0.014323
2 0.720703 0.402018 0.007813 0.009766
0 0.797363 0.401693 0.005859 0.011719
0 0.992676 0.445313 0.012695 0.023438
0 0.779297 0.397461 0.004883 0.009766
0 0.730469 0.386393 0.004883 0.007161
2 0.700439 0.390951 0.005371 0.009766
2 0.696289 0.388346 0.004883 0.008464
0 0.763428 0.393229 0.005371 0.009115
0 0.740479 0.387695 0.005371 0.009766
0 0.753418 0.389648 0.004883 0.007161
