2 0.945801 0.623047 0.095052 0.069336
2 0.814941 0.524740 0.057292 0.035156
2 0.769775 0.484049 0.039714 0.021973
2 0.532959 0.458659 0.034505 0.018066
2 0.130371 0.675781 0.122396 0.083008
2 0.717041 0.427409 0.017578 0.009277
2 0.568848 0.441406 0.024740 0.012695
2 0.587158 0.429362 0.020182 0.011230
2 0.875977 0.446289 0.021484 0.012695
2 0.853760 0.425781 0.018229 0.009277
2 0.609131 0.419271 0.015625 0.008301
2 0.624756 0.408529 0.012370 0.006348
2 0.710449 0.414714 0.013021 0.006836
2 0.829102 0.411784 0.011068 0.005859
2 0.632080 0.404948 0.010417 0.005371
2 0.702148 0.404622 0.011068 0.005859
2 0.988281 0.423828 0.015625 0.008789
1 0.312012 0.408854 0.009115 0.009766
2 0.091064 0.436523 0.013672 0.020996
