2 0.847500 0.489063 0.196875 0.057500
2 0.721250 0.376563 0.165625 0.050000
0 0.579375 0.364063 0.146875 0.038750
0 0.475000 0.267188 0.109375 0.027500
0 0.186250 0.632812 0.240625 0.070000
2 0.107500 0.446875 0.331250 0.105000
0 0.223750 0.470313 0.178125 0.050000
0 0.313125 0.346875 0.150000 0.041250
0 0.015000 0.468750 0.168750 0.030000
1 0.188750 0.132812 0.121875 0.032500
2 0.524375 0.315625 0.131250 0.038750
2 0.048125 0.140625 0.137500 0.053750
0 0.102500 0.129688 0.096875 0.025000
2 0.276250 0.321875 0.143750 0.035000
0 0.563750 0.150000 0.112500 0.032500
2 0.404375 0.192188 0.078125 0.021250
1 0.142500 0.392188 0.153125 0.045000
