0 0.531875 0.342187 0.053125 0.016250
2 0.926875 0.518750 0.131250 0.043750
0 0.680625 0.385937 0.071875 0.021250
2 0.121875 0.431250 0.081250 0.028750
0 0.177500 0.367188 0.059375 0.020000
2 0.664375 0.326562 0.053125 0.013750
0 0.441250 0.331250 0.043750 0.012500
2 0.412500 0.307812 0.040625 0.010000
2 0.392500 0.310937 0.040625 0.010000
0 0.233125 0.337500 0.043750 0.013750
0 0.567500 0.296875 0.037500 0.012500
0 0.618125 0.309375 0.043750 0.011250
2 0.526875 0.290625 0.037500 0.011250
0 0.197500 0.315625 0.031250 0.010000
2 0.368125 0.304688 0.034375 0.008750
2 0.359375 0.301563 0.028125 0.011250
2 0.489375 0.281250 0.031250 0.008750
0 0.326250 0.301563 0.021875 0.012500
0 0.145625 0.320312 0.028125 0.008750
2 0.220000 0.300000 0.025000 0.007500
0 0.070000 0.337500 0.037500 0.010000
0 0.035625 0.359375 0.037500 0.011250
2 0.015000 0.375000 0.043750 0.012500
2 0.275000 0.295312 0.028125 0.007500
0 0.205000 0.298438 0.028125 0.007500
0 0.136250 0.309375 0.025000 0.007500
0 0.348750 0.198437 0.021875 0.007500
0 0.321250 0.196875 0.018750 0.007500
0 0.300000 0.298438 0.028125 0.007500
0 0.373750 0.196875 0.025000 0.007500
2 0.175000 0.329688 0.034375 0.012500
