1 0.771615 0.549074 0.111111 0.042188
1 0.228906 0.606481 0.127778 0.053646
1 0.576042 0.347685 0.028704 0.009375
1 0.378906 0.401852 0.053704 0.024479
1 0.633333 0.388889 0.040741 0.014583
1 0.412500 0.348611 0.026852 0.009375
1 0.298698 0.335648 0.021296 0.007812
1 0.387240 0.334722 0.023148 0.007812
1 0.346875 0.333796 0.019444 0.007292
1 0.538802 0.330556 0.020370 0.007812
1 0.434635 0.313426 0.017593 0.006771
1 0.417708 0.338889 0.022222 0.008333
1 0.097917 0.360185 0.016667 0.005208
1 0.497656 0.317593 0.014815 0.005729
1 0.191406 0.345370 0.018519 0.006771
1 0.210938 0.328704 0.014815 0.005208
1 0.313542 0.314815 0.014815 0.005208
1 0.106250 0.344444 0.014815 0.005208
1 0.663281 0.318519 0.014815 0.005729
1 0.634635 0.307407 0.014815 0.009896
1 0.648177 0.309259 0.022222 0.007812
1 0.618229 0.296759 0.019444 0.006250
