2 0.817871 0.625651 0.054688 0.102865
2 0.240479 0.517904 0.029785 0.054036
2 0.444092 0.412760 0.010254 0.018229
2 0.476074 0.429362 0.014648 0.025391
2 0.552490 0.469076 0.025879 0.038411
2 0.326172 0.423177 0.010742 0.020833
2 0.166260 0.446615 0.019043 0.033854
2 0.339111 0.407878 0.009277 0.014974
2 0.226807 0.408203 0.007324 0.014323
2 0.408447 0.396159 0.005371 0.011068
0 0.396973 0.391276 0.004883 0.009115
2 0.058350 0.422526 0.008301 0.015625
2 0.163330 0.406901 0.005371 0.011719
2 0.345215 0.392904 0.004883 0.013672
2 0.095947 0.406901 0.006348 0.013021
2 0.266602 0.396159 0.004883 0.008464
2 0.293457 0.395182 0.004883 0.009115
2 0.309082 0.394206 0.004883 0.008464
2 0.341309 0.398438 0.005859 0.011719
2 0.401367 0.392253 0.004883 0.009766
2 0.392090 0.390625 0.004883 0.007813
2 0.278320 0.393229 0.004883 0.006510
