2 0.721875 0.589063 0.153125 0.048750
0 0.608750 0.429688 0.090625 0.027500
2 0.286250 0.614062 0.171875 0.055000
2 0.351250 0.439063 0.090625 0.027500
2 0.536250 0.356250 0.062500 0.017500
1 0.400000 0.359375 0.062500 0.017500
0 0.507500 0.332813 0.046875 0.015000
2 0.374375 0.339062 0.046875 0.013750
0 0.366250 0.320312 0.040625 0.010000
2 0.343750 0.304688 0.040625 0.010000
2 0.408750 0.279687 0.034375 0.007500
2 0.424375 0.304688 0.034375 0.011250
0 0.383125 0.289062 0.021875 0.011250
0 0.451250 0.268750 0.025000 0.007500
0 0.427500 0.273438 0.028125 0.007500
2 0.500000 0.292187 0.034375 0.010000
2 0.480000 0.262500 0.025000 0.007500
0 0.518750 0.257812 0.034375 0.007500
2 0.501250 0.268750 0.031250 0.007500
0 0.366250 0.142187 0.034375 0.012500
2 0.507500 0.278125 0.025000 0.007500
