0 0.767500 0.512500 0.106250 0.035000
0 0.451250 0.589063 0.159375 0.050000
0 0.791250 0.885938 0.221875 0.102500
0 0.463125 0.400000 0.081250 0.021250
2 0.644375 0.384375 0.075000 0.018750
0 0.611250 0.340625 0.056250 0.015000
0 0.760000 0.412500 0.075000 0.027500
2 0.279375 0.328125 0.050000 0.011250
0 0.243750 0.407813 0.078125 0.027500
2 0.042500 0.407813 0.071875 0.020000
2 0.546875 0.284375 0.031250 0.008750
0 0.199375 0.315625 0.043750 0.011250
2 0.134375 0.906250 0.181250 0.106250
0 0.227500 0.379688 0.046875 0.025000
2 0.588125 0.271875 0.043750 0.011250
0 0.163125 0.298438 0.028125 0.008750
2 0.053750 0.335938 0.040625 0.012500
0 0.508750 0.268750 0.031250 0.007500
0 0.109375 0.300000 0.037500 0.011250
0 0.555000 0.267188 0.028125 0.007500
0 0.417500 0.276562 0.028125 0.010000
0 0.340000 0.285938 0.028125 0.007500
0 0.606875 0.303125 0.050000 0.013750
0 0.526250 0.268750 0.031250 0.007500
