2 0.706875 0.654687 0.068750 0.209375
2 0.586875 0.387500 0.021250 0.081250
0 0.359375 0.396875 0.021250 0.075000
2 0.116250 0.576562 0.057500 0.140625
2 0.400625 0.328125 0.016250 0.056250
0 0.549375 0.320312 0.016250 0.053125
0 0.368125 0.310937 0.013750 0.046875
2 0.291875 0.303125 0.013750 0.043750
0 0.197500 0.304688 0.012500 0.034375
0 0.085625 0.318750 0.013750 0.031250
0 0.353750 0.282813 0.007500 0.028125
2 0.503125 0.285938 0.008750 0.040625
0 0.567500 0.268750 0.007500 0.031250
0 0.445625 0.282813 0.008750 0.034375
0 0.243125 0.284375 0.013750 0.025000
2 0.271875 0.287500 0.008750 0.031250
2 0.836250 0.256250 0.015000 0.043750
2 0.759375 0.298438 0.018750 0.034375
2 0.171250 0.293750 0.010000 0.037500
2 0.733125 0.264062 0.011250 0.034375
0 0.584375 0.256250 0.008750 0.037500
0 0.135000 0.278125 0.010000 0.025000
0 0.306250 0.260937 0.007500 0.021875
