1 0.153906 0.591667 0.048438 0.118519
1 0.371094 0.382870 0.019271 0.045370
1 0.392708 0.361574 0.015625 0.037963
1 0.774479 0.575926 0.048958 0.112963
1 0.637240 0.385648 0.017188 0.045370
1 0.363542 0.345833 0.013542 0.032407
1 0.582031 0.346296 0.011979 0.031481
1 0.528646 0.320370 0.008333 0.024074
1 0.315104 0.343981 0.011458 0.026852
1 0.260937 0.344907 0.011458 0.025000
1 0.448698 0.310185 0.008854 0.022222
1 0.143750 0.350000 0.008333 0.024074
1 0.726823 0.315741 0.008854 0.027778
1 0.186979 0.324537 0.009375 0.028704
1 0.305469 0.308796 0.008854 0.028704
1 0.747396 0.330093 0.008333 0.026852
1 0.646875 0.292593 0.006250 0.016667
1 0.611198 0.295833 0.007813 0.015741
1 0.687240 0.296296 0.005729 0.022222
1 0.707031 0.310648 0.010937 0.021296
1 0.044271 0.364352 0.008333 0.023148
1 0.079948 0.342593 0.008854 0.022222
