2 0.022656 0.450000 0.108333 0.032813
2 0.837500 0.839583 0.181944 0.073438
2 0.716406 0.506944 0.077778 0.026562
2 0.711719 0.440972 0.054167 0.018750
2 0.308984 0.329861 0.048611 0.016406
2 0.618359 0.340278 0.025000 0.010156
2 0.483984 0.321528 0.031944 0.011719
2 0.756250 0.424306 0.043056 0.014063
2 0.833594 0.405556 0.019444 0.007813
2 0.851172 0.433333 0.025000 0.011719
2 0.800781 0.383333 0.013889 0.007813
2 0.758594 0.358333 0.013889 0.007813
2 0.713281 0.352083 0.015278 0.007813
2 0.702344 0.356250 0.023611 0.010937
