2 0.765625 0.615625 0.181250 0.068750
2 0.208125 0.570312 0.146875 0.051250
0 0.358750 0.395313 0.078125 0.025000
0 0.561875 0.403125 0.081250 0.028750
2 0.841875 0.392188 0.090625 0.036250
0 0.412500 0.343750 0.056250 0.022500
0 0.691250 0.353125 0.062500 0.020000
0 0.578750 0.315625 0.050000 0.012500
0 0.362500 0.312500 0.037500 0.012500
0 0.740625 0.295312 0.046875 0.013750
0 0.443750 0.318750 0.043750 0.010000
2 0.870000 0.321875 0.056250 0.020000
0 0.477500 0.278125 0.031250 0.007500
0 0.775000 0.270313 0.040625 0.012500
0 0.636250 0.296875 0.050000 0.015000
0 0.856875 0.276562 0.040625 0.021250
0 0.790625 0.140625 0.031250 0.011250
0 0.750625 0.129688 0.028125 0.011250
1 0.138750 0.326562 0.040625 0.012500
2 0.281875 0.307812 0.034375 0.008750
2 0.550000 0.268750 0.031250 0.007500
2 0.580000 0.268750 0.031250 0.007500
2 0.096875 0.340625 0.043750 0.016250
0 0.191875 0.310937 0.028125 0.008750
0 0.526250 0.254688 0.028125 0.007500
1 0.261875 0.298438 0.034375 0.008750
0 0.110625 0.323437 0.034375 0.008750
2 0.505000 0.256250 0.037500 0.010000
2 0.695625 0.268750 0.037500 0.011250
0 0.769375 0.142187 0.034375 0.011250
2 0.954375 0.289062 0.034375 0.021250
2 0.933125 0.254688 0.040625 0.011250
2 0.430000 0.275000 0.031250 0.007500
0 0.402500 0.275000 0.037500 0.007500
2 0.318750 0.281250 0.031250 0.007500
0 0.637500 0.270313 0.021875 0.010000
0 0.360000 0.268750 0.031250 0.012500
