2 0.594238 0.497396 0.048177 0.026367
0 0.268311 0.512695 0.048828 0.029785
2 0.460938 0.441081 0.025391 0.012695
0 0.308594 0.466471 0.031901 0.016602
0 0.284424 0.456380 0.026042 0.015137
2 0.673340 0.480143 0.031901 0.026367
2 0.853760 0.537760 0.063802 0.038574
0 0.189941 0.460938 0.019531 0.022461
2 0.506104 0.456055 0.026693 0.020996
2 0.585938 0.447917 0.028646 0.014648
2 0.389404 0.436523 0.021484 0.012207
2 0.316895 0.437826 0.021484 0.015625
2 0.059082 0.454102 0.018880 0.013672
2 0.197266 0.444010 0.020833 0.011719
0 0.830566 0.467122 0.031901 0.014648
0 0.126953 0.462240 0.029948 0.019531
0 0.714111 0.445312 0.032552 0.014160
0 0.638672 0.430990 0.027344 0.011719
2 0.539551 0.431315 0.022786 0.009766
2 0.510498 0.422201 0.020182 0.009277
