2 0.323730 0.592122 0.078776 0.045898
2 0.438232 0.467448 0.036458 0.020020
2 0.660400 0.459961 0.030599 0.017090
2 0.471436 0.434245 0.020833 0.012207
2 0.510742 0.410482 0.016276 0.007813
2 0.552734 0.403971 0.013672 0.005859
2 0.630615 0.432943 0.019531 0.011230
2 0.653564 0.416341 0.016276 0.008301
2 0.704102 0.431641 0.019531 0.010742
2 0.614746 0.401693 0.013021 0.006836
2 0.698730 0.402018 0.012370 0.006836
2 0.763916 0.424479 0.016927 0.009277
2 0.758545 0.412760 0.013021 0.007324
2 0.706787 0.414063 0.013021 0.007324
2 0.753906 0.405273 0.009766 0.005859
2 0.942627 0.427083 0.015625 0.010254
2 0.953613 0.416341 0.014974 0.007813
2 0.824463 0.409505 0.013021 0.007324
2 0.844238 0.418620 0.014323 0.006836
