0 0.376875 0.403125 0.150000 0.043750
2 0.563125 0.312500 0.106250 0.031250
0 0.625625 0.248438 0.090625 0.023750
2 0.436250 0.496875 0.193750 0.067500
0 0.518750 0.287500 0.093750 0.027500
2 0.939375 0.282813 0.109375 0.036250
2 0.868750 0.218750 0.087500 0.027500
2 0.838125 0.185938 0.071875 0.021250
2 0.675000 0.206250 0.062500 0.017500
0 0.885000 0.203125 0.075000 0.022500
1 0.850625 0.164062 0.065625 0.018750
0 0.532500 0.245312 0.084375 0.020000
2 0.699375 0.151562 0.046875 0.011250
2 0.660625 0.185938 0.059375 0.013750
2 0.684375 0.164062 0.053125 0.013750
0 0.797500 0.134375 0.043750 0.010000
2 0.813125 0.154688 0.053125 0.013750
0 0.935000 0.248438 0.096875 0.025000
