0 0.674375 0.370312 0.146875 0.051250
2 0.384375 0.515625 0.206250 0.061250
2 0.131875 0.312500 0.118750 0.036250
2 0.472500 0.217188 0.084375 0.025000
0 0.544375 0.192188 0.071875 0.021250
2 0.856875 0.273438 0.115625 0.031250
0 0.666250 0.170313 0.065625 0.017500
0 0.733125 0.150000 0.062500 0.013750
0 0.857500 0.206250 0.087500 0.022500
0 0.836875 0.129688 0.046875 0.011250
2 0.117500 0.859375 0.275000 0.067500
1 0.381250 0.162500 0.062500 0.015000
0 0.917500 0.114062 0.046875 0.012500
0 0.886875 0.118750 0.043750 0.011250
0 0.805000 0.107813 0.040625 0.010000
2 0.857500 0.109375 0.043750 0.010000
2 0.945625 0.157812 0.078125 0.018750
2 0.225000 0.123438 0.046875 0.010000
0 0.170000 0.131250 0.043750 0.010000
0 0.081875 0.142187 0.053125 0.013750
0 0.751875 0.106250 0.037500 0.011250
0 0.785000 0.100000 0.037500 0.012500
2 0.683125 0.107813 0.040625 0.011250
2 0.234375 0.118750 0.037500 0.008750
2 0.305625 0.118750 0.043750 0.008750
2 0.363125 0.114062 0.040625 0.008750
2 0.342500 0.118750 0.043750 0.010000
2 0.211250 0.126562 0.046875 0.007500
2 0.572500 0.109375 0.037500 0.010000
0 0.655000 0.109375 0.031250 0.010000
0 0.455625 0.109375 0.031250 0.013750
2 0.962500 0.104688 0.053125 0.010000
2 0.866875 0.176563 0.071875 0.016250
