0 0.243896 0.560221 0.037598 0.069661
2 0.866943 0.595703 0.051270 0.080729
2 0.730713 0.485352 0.022949 0.038411
0 0.454102 0.451172 0.012695 0.027344
2 0.707275 0.446289 0.012207 0.024089
0 0.540283 0.431315 0.009277 0.018880
1 0.427490 0.415365 0.010254 0.024740
1 0.446777 0.419596 0.015625 0.013672
0 0.625977 0.420247 0.005859 0.013672
2 0.763184 0.432943 0.010742 0.016927
0 0.708740 0.418620 0.006348 0.010417
2 0.822754 0.432943 0.007813 0.014323
0 0.782715 0.421875 0.004883 0.010417
2 0.887939 0.435547 0.008301 0.013021
0 0.839355 0.424805 0.004883 0.008464
0 0.874023 0.426432 0.004883 0.009115
1 0.587891 0.401693 0.004883 0.011719
0 0.809082 0.415365 0.004883 0.006510
1 0.550049 0.404948 0.007324 0.015625
0 0.765625 0.409505 0.004883 0.009115
2 0.907959 0.423828 0.005371 0.010417
2 0.571777 0.399740 0.004883 0.010417
0 0.855469 0.420898 0.004883 0.008464
2 0.800781 0.411133 0.004883 0.009766
0 0.753906 0.405599 0.004883 0.006510
0 0.745117 0.406250 0.004883 0.006510
0 0.882813 0.424805 0.004883 0.007161
0 0.581543 0.399089 0.004883 0.010417
0 0.600586 0.399740 0.004883 0.007813
2 0.944824 0.429036 0.004883 0.009115
2 0.966797 0.440430 0.006836 0.012370
2 0.989502 0.440430 0.005371 0.011068
2 0.842285 0.412760 0.004883 0.006510
2 0.868652 0.420247 0.004883 0.008464
2 0.892578 0.416341 0.004883 0.007161
2 0.820313 0.412109 0.004883 0.006510
