0 0.309766 0.681250 0.041406 0.104167
1 0.349219 0.559028 0.023438 0.073611
0 0.776953 0.552778 0.032031 0.083333
0 0.939063 0.662500 0.046875 0.130556
1 0.665234 0.486806 0.024219 0.062500
0 0.375000 0.513889 0.020313 0.047222
0 0.387891 0.477778 0.013281 0.041667
0 0.596094 0.463889 0.018750 0.041667
0 0.576172 0.445139 0.013281 0.034722
0 0.959375 0.482639 0.020313 0.054167
1 0.465625 0.448611 0.010937 0.025000
1 0.869922 0.450000 0.014844 0.041667
0 0.048047 0.615972 0.019531 0.051389
0 0.140234 0.549306 0.017969 0.037500
0 0.392969 0.460417 0.010937 0.026389
0 0.869141 0.420139 0.010156 0.026389
0 0.937891 0.430556 0.013281 0.033333
