1 0.586328 0.469444 0.013281 0.052778
1 0.525000 0.475000 0.014063 0.047222
1 0.543750 0.472222 0.017188 0.050000
1 0.486719 0.475694 0.017188 0.054167
0 0.470313 0.490278 0.009375 0.025000
0 0.430469 0.482639 0.007813 0.023611
0 0.464844 0.484722 0.009375 0.027778
0 0.054688 0.545833 0.010937 0.027778
0 0.109375 0.525000 0.007813 0.019444
0 0.014063 0.546528 0.009375 0.029167
0 0.145313 0.520139 0.009375 0.020833
0 0.172656 0.509722 0.007813 0.016667
0 0.375000 0.486806 0.007813 0.023611
0 0.281250 0.493056 0.007813 0.019444
0 0.206250 0.506250 0.007813 0.018056
0 0.246875 0.497222 0.007813 0.016667
0 0.321094 0.489583 0.007813 0.018056
1 0.073438 0.525694 0.009375 0.023611
0 0.601563 0.469444 0.007813 0.019444
0 0.593750 0.473611 0.009375 0.019444
0 0.039453 0.531944 0.008594 0.019444
0 0.085938 0.520139 0.007813 0.015278
