2 0.169189 0.424154 0.013672 0.005371
2 0.116455 0.430990 0.013021 0.007324
1 0.354492 0.400391 0.013021 0.004883
0 0.241455 0.420247 0.013672 0.006348
1 0.312988 0.400391 0.013021 0.004883
2 0.277344 0.407552 0.010417 0.004883
1 0.777100 0.437174 0.020182 0.010254
2 0.014648 0.445638 0.018880 0.011719
0 0.109863 0.445312 0.020833 0.011719
0 0.198242 0.428060 0.017578 0.008789
2 0.226807 0.415039 0.013672 0.005371
1 0.318115 0.400065 0.012370 0.005371
2 0.295898 0.404622 0.011068 0.004883
0 0.327393 0.406901 0.007812 0.005371
0 0.287598 0.414388 0.012370 0.004883
1 0.359863 0.399740 0.014323 0.004883
