1 0.258333 0.509259 0.036458 0.090741
1 0.439844 0.354167 0.013021 0.030556
1 0.461198 0.328241 0.008854 0.021296
1 0.761458 0.533333 0.037500 0.087037
1 0.656510 0.370370 0.015104 0.035185
1 0.623958 0.329167 0.008333 0.021296
1 0.591406 0.309722 0.005729 0.015741
1 0.528646 0.302315 0.005208 0.013889
1 0.430729 0.317593 0.007292 0.016667
1 0.267708 0.325926 0.005208 0.012963
1 0.470313 0.301389 0.006250 0.012037
1 0.367188 0.317593 0.006250 0.016667
1 0.324219 0.311111 0.005729 0.011111
1 0.401562 0.304630 0.006250 0.016667
1 0.623958 0.303241 0.005208 0.012037
