1 0.891406 0.653241 0.056771 0.136111
1 0.660156 0.418981 0.021354 0.050926
1 0.396094 0.420370 0.025521 0.055556
1 0.422917 0.360185 0.013542 0.033333
1 0.595833 0.363426 0.011458 0.026852
1 0.524479 0.323611 0.006250 0.015741
1 0.554948 0.335648 0.006771 0.021296
1 0.489844 0.313889 0.005729 0.012963
1 0.428385 0.333333 0.007812 0.020370
1 0.628385 0.318519 0.005729 0.014815
1 0.324479 0.322222 0.009375 0.020370
1 0.402083 0.322685 0.005208 0.017593
1 0.435417 0.308333 0.007292 0.014815
1 0.367448 0.322685 0.007812 0.015741
1 0.227865 0.326389 0.007812 0.017593
1 0.537500 0.299074 0.005208 0.011111
1 0.529167 0.293519 0.005208 0.012963
1 0.616667 0.310648 0.005208 0.015741
1 0.604167 0.308333 0.006250 0.011111
1 0.327604 0.308333 0.005208 0.012963
1 0.039323 0.338426 0.005729 0.013889
1 0.591146 0.299537 0.005208 0.013889
1 0.430208 0.325926 0.006250 0.016667
1 0.561458 0.298148 0.005208 0.009259
1 0.700521 0.322222 0.005208 0.014815
