2 0.574463 0.451497 0.014160 0.034505
0 0.217041 0.547526 0.031738 0.062500
0 0.379883 0.451497 0.013672 0.026693
2 0.626465 0.500977 0.029297 0.050130
2 0.544678 0.424154 0.009277 0.017578
0 0.423584 0.425781 0.006348 0.015625
0 0.439941 0.417318 0.004883 0.011719
2 0.535645 0.414388 0.005859 0.012370
0 0.453613 0.411458 0.004883 0.010417
0 0.463867 0.407878 0.004883 0.008464
2 0.529541 0.410156 0.005371 0.010417
2 0.525879 0.406901 0.004883 0.010417
0 0.469727 0.404622 0.004883 0.007161
0 0.473145 0.402995 0.004883 0.006510
0 0.477051 0.401367 0.004883 0.007161
0 0.496582 0.401042 0.004883 0.006510
2 0.536133 0.401693 0.004883 0.006510
