0 0.164551 0.513997 0.036133 0.034505
0 0.241211 0.575521 0.044922 0.074219
0 0.085449 0.501953 0.022461 0.037760
2 0.833252 0.551758 0.038574 0.069661
2 0.294189 0.453125 0.017090 0.028646
2 0.480469 0.459310 0.019531 0.031901
2 0.620361 0.477539 0.025879 0.042318
2 0.152832 0.453125 0.013672 0.015625
2 0.875488 0.447266 0.016602 0.026042
2 0.813232 0.426432 0.012207 0.015625
2 0.772949 0.409180 0.007812 0.014974
2 0.066895 0.452148 0.009766 0.017578
2 0.755127 0.401042 0.006348 0.013021
0 0.836426 0.400716 0.004883 0.011068
2 0.732910 0.389648 0.004883 0.009766
0 0.815918 0.396159 0.005859 0.009766
0 0.797852 0.391276 0.004883 0.009115
0 0.948242 0.426432 0.007812 0.018229
0 0.899170 0.416341 0.007324 0.017578
0 0.773193 0.386393 0.005371 0.008464
2 0.727051 0.386393 0.004883 0.009766
0 0.786377 0.388346 0.007324 0.009766
