2 0.374375 0.507812 0.084375 0.046250
0 0.641250 0.653125 0.181250 0.050000
0 0.673125 0.448437 0.096875 0.028750
2 0.698750 0.403125 0.075000 0.017500
0 0.705000 0.371875 0.043750 0.030000
0 0.243125 0.401562 0.121875 0.041250
2 0.426250 0.390625 0.056250 0.025000
2 0.579375 0.320312 0.053125 0.013750
2 0.475000 0.345313 0.040625 0.015000
0 0.211875 0.242188 0.103125 0.031250
2 0.681875 0.318750 0.050000 0.013750
0 0.619375 0.307812 0.040625 0.013750
0 0.503750 0.298438 0.034375 0.007500
2 0.296250 0.932813 0.128125 0.070000
2 0.592500 0.295312 0.034375 0.010000
0 0.491250 0.276562 0.028125 0.007500
1 0.564375 0.287500 0.037500 0.008750
