0 0.312891 0.620139 0.109722 0.039844
2 0.354297 0.611111 0.088889 0.028906
0 0.435156 0.494444 0.033333 0.012500
2 0.450781 0.495139 0.034722 0.012500
0 0.118359 0.530556 0.033333 0.013281
0 0.268359 0.504167 0.033333 0.011719
2 0.656641 0.484722 0.038889 0.013281
2 0.596875 0.466667 0.022222 0.009375
0 0.057813 0.543056 0.047222 0.015625
2 0.469141 0.472917 0.026389 0.008594
0 0.371094 0.472222 0.019444 0.007813
0 0.393750 0.467361 0.015278 0.007813
0 0.459766 0.470833 0.025000 0.008594
2 0.575000 0.461111 0.022222 0.007813
0 0.353125 0.478472 0.018056 0.007813
