1 0.198486 0.620443 0.169271 0.077637
2 0.688965 0.514974 0.053385 0.034180
1 0.850830 0.629883 0.175130 0.092285
0 0.388672 0.461914 0.030599 0.018555
2 0.610107 0.464193 0.032552 0.020996
0 0.316162 0.530924 0.064453 0.034668
2 0.559814 0.426758 0.018880 0.010254
2 0.544678 0.414062 0.014323 0.007324
2 0.533691 0.407227 0.012370 0.006836
0 0.427246 0.424154 0.020182 0.010742
0 0.440674 0.412435 0.013672 0.007324
2 0.524902 0.400716 0.011068 0.006836
0 0.451172 0.400716 0.011068 0.005859
1 0.045166 0.845052 0.236979 0.089355
0 0.446045 0.406901 0.013021 0.006348
0 0.457764 0.396159 0.009766 0.005371
2 0.512695 0.389323 0.009115 0.004883
2 0.517578 0.392578 0.009115 0.004883
2 0.520020 0.396810 0.011068 0.004883
2 0.510254 0.386068 0.006510 0.004883
