2 0.426270 0.463542 0.018555 0.035156
2 0.680664 0.484701 0.025391 0.044922
2 0.323730 0.546224 0.041992 0.070313
2 0.620117 0.436198 0.012695 0.023438
2 0.583252 0.412109 0.007324 0.013021
2 0.469238 0.427083 0.009766 0.018229
2 0.482910 0.416667 0.007813 0.014323
2 0.774902 0.419922 0.009766 0.015625
2 0.049561 0.829427 0.091309 0.186198
2 0.891357 0.457031 0.019043 0.032552
2 0.492432 0.411133 0.005371 0.012370
2 0.498047 0.406901 0.004883 0.010417
2 0.566895 0.407227 0.004883 0.007161
2 0.563965 0.405273 0.004883 0.008464
2 0.947266 0.414714 0.008789 0.014323
2 0.914551 0.409505 0.007813 0.011719
2 0.797119 0.408854 0.006348 0.011719
2 0.598633 0.407878 0.004883 0.009766
2 0.620605 0.400391 0.004883 0.006510
