1 0.288086 0.556966 0.043945 0.068359
1 0.409180 0.461914 0.021484 0.034505
1 0.437500 0.435872 0.016602 0.024089
1 0.667480 0.463867 0.022461 0.035807
1 0.839355 0.557943 0.048828 0.067708
1 0.608643 0.433594 0.013184 0.022135
1 0.583496 0.417643 0.011719 0.017578
1 0.454102 0.419596 0.011719 0.017578
1 0.566895 0.409180 0.007812 0.013672
1 0.467773 0.404948 0.007812 0.013021
1 0.463623 0.410156 0.006348 0.014323
1 0.479980 0.400716 0.004883 0.009766
1 0.555908 0.402669 0.006348 0.011068
1 0.548828 0.400065 0.004883 0.009766
1 0.542236 0.397786 0.007324 0.011719
