1 0.800521 0.626389 0.046875 0.141667
1 0.070573 0.671759 0.065104 0.147222
1 0.366146 0.370833 0.015625 0.037963
1 0.340625 0.393519 0.021875 0.046296
1 0.627344 0.398148 0.018229 0.048148
1 0.565625 0.355093 0.015625 0.037963
1 0.425521 0.314352 0.010417 0.026852
1 0.286198 0.354167 0.009896 0.028704
1 0.334896 0.356019 0.012500 0.032407
1 0.230469 0.355093 0.011979 0.025000
1 0.508333 0.327778 0.012500 0.029630
1 0.109635 0.362037 0.009896 0.022222
1 0.007031 0.379167 0.007812 0.023148
1 0.279167 0.317593 0.008333 0.022222
1 0.593490 0.298148 0.008854 0.020370
1 0.156250 0.334259 0.007292 0.016667
1 0.712240 0.318981 0.008854 0.026852
1 0.690625 0.311574 0.011458 0.015741
1 0.044010 0.350926 0.005729 0.016667
1 0.669531 0.299074 0.006771 0.020370
1 0.582292 0.287963 0.007292 0.014815
1 0.628385 0.294444 0.007812 0.014815
1 0.734115 0.333796 0.007812 0.021296
1 0.797656 0.325463 0.006771 0.021296
1 0.820573 0.334722 0.008854 0.023148
1 0.808594 0.330093 0.006771 0.021296
1 0.785677 0.321759 0.006771 0.019444
1 0.750260 0.307407 0.005729 0.014815
