1 0.199463 0.619141 0.078613 0.165365
1 0.848145 0.627279 0.089844 0.175130
0 0.316162 0.532552 0.031738 0.058594
2 0.609619 0.463216 0.018066 0.033203
2 0.691406 0.515299 0.031250 0.060547
0 0.389160 0.460938 0.017578 0.033854
2 0.559814 0.426758 0.009277 0.018880
2 0.544189 0.415039 0.009277 0.016276
1 0.047119 0.842773 0.094238 0.229818
1 0.973145 0.804688 0.053711 0.139323
0 0.427002 0.424479 0.010254 0.016927
0 0.441162 0.413086 0.008301 0.013672
2 0.533691 0.407552 0.006836 0.011719
2 0.524658 0.400716 0.005371 0.009766
2 0.517578 0.392904 0.004883 0.009766
0 0.451172 0.400391 0.004883 0.009115
0 0.445801 0.405924 0.004883 0.009766
