2 0.860352 0.676432 0.105469 0.054688
0 0.093262 0.636719 0.083333 0.049805
2 0.561523 0.487630 0.032552 0.015625
2 0.516602 0.457682 0.019531 0.009766
0 0.348633 0.477865 0.026042 0.013672
0 0.269043 0.526042 0.046875 0.024414
0 0.362793 0.460286 0.016927 0.006836
2 0.502930 0.445312 0.015625 0.007812
0 0.237305 0.462240 0.023438 0.011719
0 0.323730 0.451172 0.011719 0.006836
0 0.080566 0.492839 0.027344 0.014648
2 0.104980 0.462240 0.020833 0.010742
2 0.369141 0.435547 0.014323 0.005859
2 0.266602 0.441406 0.015625 0.007812
0 0.365723 0.450521 0.015625 0.008789
2 0.481445 0.440755 0.011719 0.005859
2 0.321289 0.438151 0.014323 0.005859
