0 0.271875 0.554167 0.066667 0.020313
1 0.601172 0.454167 0.055556 0.019531
0 0.382422 0.478472 0.026389 0.008594
0 0.520312 0.467361 0.023611 0.009375
0 0.353516 0.497222 0.036111 0.013281
1 0.560937 0.459722 0.036111 0.012500
0 0.638281 0.462500 0.022222 0.007813
0 0.406250 0.465278 0.022222 0.007813
1 0.385937 0.454861 0.048611 0.014063
1 0.353516 0.466667 0.027778 0.008594
0 0.503906 0.461111 0.019444 0.007813
0 0.778516 0.476389 0.030556 0.008594
0 0.496094 0.452778 0.019444 0.007813
0 0.671875 0.446528 0.015278 0.007813
0 0.420312 0.455556 0.013889 0.007813
0 0.687500 0.438889 0.013889 0.007813
0 0.771094 0.463194 0.023611 0.007813
1 0.407031 0.443056 0.019444 0.007813
0 0.490625 0.447222 0.013889 0.007813
0 0.428906 0.450000 0.013889 0.007813
