1 0.331055 0.465820 0.022461 0.047526
1 0.312988 0.460286 0.017578 0.044271
1 0.114990 0.496745 0.029785 0.058594
2 0.283936 0.458333 0.014160 0.024740
2 0.251465 0.449870 0.012695 0.022135
2 0.217773 0.440104 0.009766 0.016927
2 0.203369 0.434570 0.008301 0.012370
2 0.192139 0.431641 0.006348 0.011719
2 0.182129 0.428060 0.005859 0.012370
2 0.114258 0.462240 0.012695 0.028646
2 0.113525 0.446615 0.010254 0.018229
2 0.176270 0.424805 0.004883 0.009766
2 0.166504 0.420247 0.004883 0.008464
2 0.172363 0.422852 0.004883 0.009766
