2 0.287598 0.544271 0.063802 0.034180
2 0.739990 0.483073 0.042969 0.023926
0 0.424805 0.469401 0.037760 0.023438
0 0.513916 0.444987 0.025391 0.011230
2 0.687012 0.450846 0.025391 0.013672
2 0.645020 0.431641 0.019531 0.010742
2 0.617676 0.420898 0.014974 0.008789
2 0.600342 0.414063 0.014323 0.008301
0 0.520508 0.418620 0.013021 0.005859
0 0.530518 0.430013 0.017578 0.009277
2 0.571289 0.401367 0.009766 0.004883
0 0.515137 0.413737 0.011068 0.005859
2 0.561523 0.400716 0.008464 0.004883
2 0.585938 0.405924 0.011068 0.007813
0 0.511475 0.407552 0.010417 0.006348
2 0.981689 0.653320 0.083984 0.034668
