1 0.174072 0.447591 0.038411 0.018066
1 0.212891 0.450846 0.020182 0.032227
0 0.363037 0.493490 0.041667 0.020020
2 0.774414 0.532878 0.054036 0.032227
0 0.513916 0.437826 0.024089 0.012207
2 0.735596 0.454102 0.026693 0.012207
1 0.395264 0.409180 0.020182 0.009277
1 0.444336 0.399740 0.014323 0.005859
0 0.621582 0.423828 0.016927 0.008789
0 0.702881 0.422526 0.013021 0.007324
2 0.775146 0.438802 0.016927 0.008301
2 0.839111 0.439128 0.014974 0.008301
2 0.836182 0.420247 0.011068 0.006348
2 0.878662 0.427409 0.011068 0.008301
2 0.896484 0.438151 0.014323 0.008789
0 0.768066 0.423503 0.011068 0.005859
0 0.753174 0.415039 0.009766 0.005371
0 0.647461 0.403320 0.008464 0.004883
2 0.679688 0.402995 0.007812 0.004883
2 0.911133 0.436198 0.010417 0.004883
2 0.910645 0.431641 0.006510 0.004883
2 0.868652 0.412109 0.006510 0.004883
0 0.789062 0.422201 0.008464 0.004883
2 0.787109 0.417969 0.006510 0.004883
2 0.795410 0.415365 0.007812 0.004883
2 0.756836 0.411133 0.007161 0.004883
0 0.699219 0.408203 0.006510 0.004883
2 0.707031 0.406576 0.007161 0.004883
2 0.424316 0.396810 0.008464 0.004883
2 0.429199 0.395833 0.010417 0.004883
0 0.434082 0.396810 0.009766 0.004883
