2 0.380859 0.492188 0.045573 0.024414
2 0.452393 0.427734 0.015625 0.008301
2 0.133301 0.720378 0.130859 0.075195
2 0.432129 0.444987 0.025391 0.015625
2 0.814941 0.582682 0.084635 0.047852
2 0.698730 0.464518 0.029297 0.017578
2 0.592285 0.444010 0.022135 0.012695
2 0.577393 0.432943 0.016927 0.009277
2 0.464111 0.417969 0.013021 0.007324
2 0.951660 0.435547 0.011719 0.007813
2 0.893799 0.434245 0.013021 0.008301
2 0.866455 0.439453 0.014323 0.009277
2 0.546875 0.413737 0.011068 0.004883
2 0.540039 0.409180 0.009766 0.004883
2 0.631836 0.427409 0.013672 0.006836
2 0.882080 0.451172 0.020833 0.012207
2 0.553467 0.418945 0.012370 0.005371
2 0.562500 0.411133 0.009766 0.004883
2 0.471680 0.412109 0.010417 0.004883
2 0.645020 0.415039 0.009766 0.004883
2 0.476563 0.408203 0.010417 0.004883
2 0.724609 0.422852 0.009766 0.004883
2 0.698242 0.405599 0.006510 0.004883
