0 0.079590 0.835938 0.125000 0.187500
2 0.779297 0.525716 0.032227 0.059245
0 0.372803 0.504232 0.026855 0.054036
2 0.669678 0.460938 0.016113 0.032552
0 0.417969 0.455404 0.017578 0.029297
2 0.639648 0.440755 0.012695 0.022135
2 0.793701 0.463867 0.018066 0.031901
0 0.439453 0.435872 0.013672 0.021484
0 0.494629 0.424479 0.010742 0.018229
0 0.586914 0.419922 0.009766 0.015625
2 0.720215 0.442708 0.012695 0.020833
2 0.666504 0.435872 0.010742 0.020182
0 0.820801 0.437500 0.007812 0.016927
0 0.938721 0.454753 0.011230 0.021484
2 0.983887 0.536458 0.031250 0.053385
0 0.696045 0.423828 0.007324 0.014323
