1 0.350000 0.451389 0.019792 0.060185
1 0.334115 0.541204 0.038021 0.106481
1 0.838021 0.550463 0.027083 0.091667
1 0.179688 0.668056 0.047917 0.143519
1 0.301823 0.426852 0.020313 0.053704
1 0.703125 0.413889 0.021875 0.051852
1 0.566667 0.366667 0.014583 0.042593
1 0.154167 0.390741 0.010417 0.029630
1 0.254427 0.407870 0.019271 0.037963
1 0.379167 0.342593 0.012500 0.024074
1 0.242448 0.351852 0.009896 0.022222
1 0.073177 0.393981 0.009896 0.025000
1 0.823698 0.359259 0.015104 0.029630
1 0.144271 0.356019 0.007292 0.019444
1 0.041667 0.375463 0.007292 0.017593
1 0.901823 0.375926 0.010937 0.027778
1 0.864323 0.354167 0.009896 0.021296
