0 0.235352 0.689779 0.065430 0.123047
2 0.699463 0.466146 0.016113 0.031250
0 0.430176 0.449870 0.011719 0.028646
0 0.458252 0.431966 0.009277 0.018880
2 0.662354 0.442708 0.012207 0.020833
0 0.530029 0.418945 0.006348 0.014974
0 0.597168 0.408529 0.005859 0.011068
2 0.668701 0.430013 0.006348 0.016276
2 0.689697 0.419271 0.007324 0.013021
2 0.707275 0.413411 0.007324 0.013021
2 0.734619 0.408529 0.006348 0.011068
0 0.708008 0.400391 0.004883 0.007813
2 0.764160 0.405273 0.005859 0.009766
2 0.800049 0.403971 0.005371 0.008464
0 0.650391 0.402344 0.004883 0.009115
2 0.841309 0.403646 0.004883 0.009115
0 0.794922 0.400391 0.004883 0.007813
1 0.734131 0.397135 0.006348 0.006510
2 0.873779 0.403971 0.005371 0.008464
0 0.746582 0.400065 0.004883 0.007161
0 0.846436 0.401693 0.005371 0.006510
