1 0.146354 0.599537 0.052083 0.112037
1 0.801042 0.661574 0.061458 0.132407
1 0.482812 0.368981 0.010417 0.028704
1 0.475781 0.362037 0.007812 0.025926
1 0.642448 0.348148 0.009896 0.012963
1 0.702083 0.392593 0.012500 0.033333
1 0.617188 0.346296 0.011458 0.012963
1 0.586979 0.342593 0.010417 0.011111
1 0.568229 0.337963 0.006250 0.018519
1 0.474479 0.332870 0.006250 0.015741
1 0.649479 0.330556 0.005208 0.012963
1 0.559375 0.322222 0.005208 0.012963
1 0.510938 0.324537 0.005208 0.015741
1 0.565625 0.321759 0.005208 0.013889
1 0.579167 0.316204 0.005208 0.010185
