0 0.426250 0.480574 0.062500 0.027500
0 0.595625 0.485642 0.065878 0.036250
0 0.750000 0.499155 0.103041 0.057500
0 0.301875 0.475507 0.055743 0.028750
2 0.250000 0.500000 0.101351 0.045000
0 0.136875 0.470439 0.035473 0.021250
2 0.107500 0.466216 0.030405 0.015000
0 0.173750 0.472128 0.048986 0.020000
0 0.201250 0.468750 0.035473 0.020000
2 0.228750 0.539696 0.157095 0.090000
0 0.391250 0.467905 0.016892 0.007500
0 0.376250 0.467061 0.018581 0.007500
0 0.361875 0.467905 0.020270 0.008750
2 0.012500 0.489865 0.081081 0.025000
0 0.335625 0.468750 0.025338 0.008750
2 0.061250 0.462838 0.020270 0.010000
0 0.370000 0.467905 0.016892 0.007500
