2 0.770752 0.549479 0.066406 0.035645
2 0.692383 0.462565 0.031901 0.017578
0 0.344482 0.482096 0.041016 0.022949
0 0.479492 0.443034 0.026693 0.015625
0 0.581787 0.423503 0.017578 0.008301
2 0.370361 0.425781 0.015625 0.019043
2 0.346191 0.423828 0.023438 0.012695
2 0.743164 0.438802 0.022135 0.012695
0 0.673340 0.419271 0.014323 0.006836
2 0.794678 0.434896 0.018229 0.010254
2 0.866699 0.437500 0.015625 0.007813
0 0.750244 0.421875 0.011719 0.006348
2 0.905273 0.427734 0.010417 0.006836
0 0.841309 0.426432 0.011719 0.004883
2 0.960205 0.440430 0.011068 0.008301
2 0.970703 0.438151 0.011719 0.006836
2 0.941650 0.440755 0.013021 0.008301
0 0.816162 0.427083 0.010417 0.007324
0 0.846680 0.424479 0.009115 0.004883
