0 0.591875 0.501563 0.115625 0.033750
0 0.396875 0.426563 0.078125 0.023750
0 0.275625 0.621875 0.156250 0.056250
0 0.438125 0.476562 0.109375 0.028750
2 0.459375 0.350000 0.056250 0.016250
2 0.381875 0.365625 0.062500 0.018750
0 0.585000 0.381250 0.062500 0.017500
0 0.365000 0.331250 0.043750 0.012500
0 0.569375 0.326562 0.040625 0.011250
2 0.557500 0.303125 0.043750 0.010000
2 0.545000 0.285938 0.028125 0.007500
0 0.675625 0.371875 0.081250 0.021250
2 0.416250 0.306250 0.037500 0.010000
2 0.532500 0.279687 0.028125 0.007500
0 0.391250 0.320312 0.040625 0.012500
2 0.688125 0.179688 0.071875 0.021250
2 0.466250 0.295312 0.028125 0.007500
0 0.521250 0.270313 0.021875 0.007500
0 0.406250 0.226562 0.028125 0.007500
2 0.507500 0.264062 0.028125 0.007500
2 0.462500 0.271875 0.025000 0.007500
