2 0.052500 0.826562 0.303125 0.095000
2 0.260000 0.612500 0.231250 0.077500
0 0.781875 0.823438 0.334375 0.108750
1 0.843750 0.678125 0.243750 0.110000
2 0.726250 0.507812 0.184375 0.057500
2 0.645625 0.292187 0.096875 0.028750
0 0.558750 0.282813 0.096875 0.025000
2 0.263750 0.448437 0.146875 0.037500
2 0.325625 0.265625 0.125000 0.033750
2 0.696250 0.325000 0.112500 0.030000
0 0.390625 0.285938 0.090625 0.023750
0 0.496250 0.248438 0.078125 0.020000
0 0.765625 0.420312 0.146875 0.038750
2 0.524375 0.267188 0.096875 0.026250
1 0.288125 0.309375 0.093750 0.028750
2 0.443750 0.201563 0.071875 0.017500
2 0.361875 0.282813 0.103125 0.021250
0 0.547500 0.034375 0.068750 0.017500
