1 0.370312 0.447222 0.059259 0.023958
1 0.961198 0.827315 0.204630 0.074479
1 0.051302 0.885648 0.228704 0.095312
1 0.674740 0.432407 0.051852 0.024479
1 0.427344 0.373148 0.031481 0.014063
1 0.445573 0.342593 0.020370 0.008854
1 0.579167 0.338889 0.025926 0.010417
1 0.616667 0.365741 0.031481 0.012500
1 0.550000 0.328704 0.018519 0.008333
1 0.387500 0.333333 0.016667 0.007292
1 0.421875 0.331944 0.017593 0.007292
1 0.449740 0.335185 0.022222 0.008854
1 0.247917 0.341667 0.014815 0.007292
1 0.344792 0.335185 0.016667 0.007292
1 0.259375 0.329167 0.013889 0.007292
1 0.514323 0.318981 0.017593 0.006771
