2 0.143750 0.543919 0.105000 0.148649
2 0.310000 0.512669 0.050000 0.089527
2 0.443750 0.500845 0.037500 0.069257
0 0.877500 0.530405 0.075000 0.114865
2 0.671875 0.494932 0.028750 0.050676
0 0.971875 0.503378 0.038750 0.067568
0 0.831875 0.506757 0.043750 0.077703
2 0.548750 0.497466 0.035000 0.059122
2 0.583125 0.480574 0.013750 0.021959
2 0.716875 0.483953 0.011250 0.021959
0 0.630625 0.482264 0.008750 0.018581
2 0.518125 0.479730 0.011250 0.020270
2 0.948125 0.494088 0.023750 0.042230
2 0.651875 0.483108 0.011250 0.020270
2 0.803750 0.488176 0.012500 0.023649
2 0.821250 0.493243 0.015000 0.043919
0 0.919375 0.492399 0.008750 0.015203
0 0.570000 0.482264 0.007500 0.015203
0 0.686875 0.484797 0.008750 0.016892
2 0.228750 0.472128 0.010000 0.018581
2 0.377500 0.475507 0.007500 0.018581
0 0.506250 0.480574 0.007500 0.018581
2 0.019375 0.467061 0.011250 0.018581
0 0.735000 0.487331 0.007500 0.015203
0 0.256875 0.473818 0.008750 0.015203
0 0.238750 0.469595 0.007500 0.016892
2 0.073125 0.467905 0.011250 0.016892
2 0.121250 0.467905 0.010000 0.016892
0 0.218750 0.472973 0.007500 0.010135
0 0.337500 0.475507 0.007500 0.011824
