2 0.614014 0.502279 0.044922 0.025879
2 0.572266 0.461589 0.027344 0.014648
2 0.391113 0.465820 0.029297 0.015625
2 0.100342 0.505859 0.040365 0.025879
2 0.466309 0.429036 0.016927 0.008789
2 0.431152 0.444987 0.020182 0.011719
2 0.175537 0.457682 0.022135 0.013184
2 0.165527 0.437500 0.011719 0.006836
2 0.367676 0.422201 0.012370 0.006836
2 0.542480 0.428060 0.014974 0.006836
2 0.334717 0.439779 0.020182 0.013184
2 0.333740 0.416341 0.012370 0.006348
2 0.206543 0.422201 0.012370 0.007813
2 0.534424 0.420898 0.013672 0.008301
2 0.479736 0.405924 0.009766 0.005371
2 0.040527 0.448893 0.014974 0.009766
2 0.194336 0.416667 0.009115 0.004883
2 0.477051 0.412760 0.009115 0.004883
2 0.258545 0.424479 0.011719 0.006348
