2 0.839844 0.555339 0.066406 0.041016
2 0.769043 0.498698 0.045573 0.025391
2 0.691895 0.429688 0.019531 0.010742
2 0.861328 0.450195 0.026693 0.015625
2 0.534912 0.448568 0.029948 0.016113
2 0.829590 0.427083 0.016927 0.010742
2 0.496582 0.471029 0.038411 0.020508
2 0.554688 0.433919 0.021484 0.012695
2 0.577148 0.421224 0.016927 0.009766
2 0.682129 0.415690 0.014974 0.006836
2 0.592285 0.410156 0.011719 0.006836
2 0.599854 0.405599 0.009115 0.005371
2 0.671143 0.405273 0.009766 0.005371
2 0.958252 0.424154 0.014974 0.010254
2 0.800537 0.412109 0.011719 0.006348
