0 0.362793 0.482422 0.022461 0.044271
0 0.421631 0.440755 0.013184 0.024740
0 0.111328 0.694336 0.067383 0.125651
2 0.643311 0.479818 0.023926 0.040365
2 0.925781 0.693685 0.070312 0.124349
2 0.586426 0.437500 0.014648 0.026042
2 0.565674 0.416667 0.009277 0.019531
2 0.624512 0.412109 0.010742 0.018229
2 0.800537 0.439453 0.014160 0.026042
0 0.447266 0.419596 0.008789 0.017578
2 0.555420 0.405924 0.008301 0.014974
2 0.677734 0.424805 0.010742 0.021484
0 0.790039 0.418294 0.009766 0.017578
2 0.596191 0.402018 0.007812 0.014974
2 0.934082 0.448568 0.015625 0.026042
0 0.939941 0.424479 0.010742 0.018229
0 0.881592 0.424154 0.010254 0.018880
0 0.730225 0.411458 0.009277 0.015625
0 0.686768 0.402018 0.007324 0.013672
0 0.454346 0.409505 0.005371 0.014323
0 0.462891 0.402018 0.006836 0.012370
2 0.547852 0.399414 0.005859 0.012370
2 0.584473 0.396159 0.005859 0.011068
0 0.469727 0.397461 0.004883 0.009766
2 0.574707 0.393555 0.004883 0.009766
0 0.618652 0.390625 0.004883 0.007812
0 0.659912 0.396159 0.005371 0.011068
0 0.490234 0.391927 0.004883 0.007812
2 0.543457 0.395833 0.004883 0.010417
2 0.540283 0.394206 0.005371 0.009766
2 0.565918 0.391276 0.004883 0.007812
2 0.551270 0.391602 0.004883 0.008464
2 0.537109 0.392253 0.004883 0.008464
0 0.472656 0.394531 0.004883 0.007812
0 0.642578 0.393555 0.004883 0.008464
0 0.638672 0.391927 0.004883 0.006510
2 0.571777 0.392253 0.004883 0.008464
0 0.528809 0.390951 0.004883 0.007161
