0 0.842500 0.592061 0.244932 0.172500
0 0.486875 0.538007 0.146959 0.088750
2 0.207500 0.510135 0.064189 0.040000
0 0.585625 0.519426 0.092905 0.051250
0 0.705000 0.507601 0.072635 0.037500
2 0.362500 0.504223 0.055743 0.030000
0 0.768125 0.500000 0.057432 0.033750
0 0.733750 0.489865 0.043919 0.022500
2 0.445625 0.490709 0.038851 0.018750
2 0.257500 0.495777 0.035473 0.017500
0 0.415625 0.488176 0.027027 0.011250
0 0.332500 0.492399 0.028716 0.015000
2 0.109375 0.501689 0.033784 0.021250
0 0.248750 0.491554 0.030405 0.012500
2 0.013750 0.535473 0.070946 0.027500
0 0.151875 0.496622 0.030405 0.016250
0 0.040000 0.503378 0.027027 0.015000
0 0.688125 0.486486 0.037162 0.021250
