2 0.621826 0.452474 0.031250 0.016113
2 0.716553 0.521159 0.056641 0.033691
0 0.344238 0.518555 0.054036 0.026367
0 0.431641 0.455078 0.020833 0.018555
2 0.871582 0.455404 0.025391 0.013672
2 0.721191 0.436849 0.023438 0.011719
1 0.659424 0.423828 0.015625 0.011230
2 0.591309 0.425130 0.019531 0.010742
2 0.620605 0.407227 0.014974 0.007812
0 0.458496 0.426758 0.021484 0.011719
2 0.575684 0.413737 0.013672 0.010742
0 0.718994 0.409505 0.016927 0.010254
2 0.567383 0.404297 0.013021 0.006836
2 0.605469 0.401042 0.011719 0.006836
0 0.841553 0.430664 0.020182 0.013184
0 0.770996 0.420573 0.020833 0.012695
0 0.666260 0.399089 0.011719 0.008301
2 0.561768 0.400391 0.010417 0.006348
0 0.466553 0.414062 0.014323 0.007324
0 0.475098 0.406901 0.013021 0.005859
0 0.958252 0.438151 0.016927 0.015137
2 0.583984 0.395833 0.006510 0.004883
0 0.689453 0.404297 0.009115 0.008789
2 0.557617 0.398112 0.011068 0.005859
0 0.484619 0.398438 0.011719 0.005371
2 0.589355 0.396159 0.009766 0.004883
2 0.595215 0.399089 0.006510 0.005859
2 0.566895 0.396810 0.011068 0.005859
2 0.553711 0.395508 0.009766 0.004883
