2 0.322510 0.559245 0.074219 0.042480
2 0.915527 0.656250 0.108073 0.067383
2 0.575684 0.423177 0.020833 0.012695
2 0.657227 0.469727 0.037109 0.021484
2 0.426514 0.449544 0.026693 0.014160
2 0.448975 0.430013 0.018880 0.009277
2 0.461914 0.420573 0.014323 0.007813
2 0.468018 0.414388 0.011068 0.005371
2 0.829590 0.436849 0.024740 0.014648
2 0.547363 0.413086 0.011068 0.004883
2 0.473633 0.410482 0.009766 0.004883
2 0.587891 0.415365 0.011719 0.006836
2 0.705811 0.412435 0.011068 0.006348
2 0.543945 0.410482 0.011068 0.004883
2 0.721680 0.410156 0.007813 0.004883
2 0.647461 0.406901 0.007813 0.004883
2 0.580078 0.409180 0.011068 0.004883
2 0.818115 0.417318 0.014323 0.009277
2 0.887451 0.414714 0.013021 0.006348
2 0.478027 0.407227 0.008464 0.004883
2 0.840576 0.414388 0.012370 0.007324
2 0.794922 0.409505 0.007813 0.004883
2 0.755615 0.408203 0.009115 0.005371
2 0.802979 0.411784 0.011068 0.005371
