0 0.294922 0.614583 0.051758 0.095052
0 0.542725 0.488607 0.022949 0.046224
2 0.869873 0.481120 0.019043 0.035156
0 0.567139 0.453451 0.016113 0.020182
2 0.845947 0.513997 0.026855 0.035807
2 0.751221 0.469727 0.012207 0.025391
2 0.703369 0.448242 0.010254 0.021484
0 0.576904 0.439453 0.009277 0.019531
0 0.850586 0.452148 0.010742 0.024089
2 0.793701 0.458333 0.013184 0.027344
0 0.930908 0.465820 0.013184 0.024089
2 0.668701 0.438151 0.012207 0.016927
2 0.692383 0.432617 0.007812 0.017578
2 0.716064 0.438477 0.008301 0.018880
2 0.748779 0.450521 0.012207 0.026042
2 0.643555 0.432292 0.007812 0.015625
