2 0.732500 0.564063 0.178125 0.057500
0 0.606875 0.368750 0.087500 0.023750
1 0.387500 0.423438 0.096875 0.030000
2 0.570625 0.307812 0.071875 0.018750
0 0.389375 0.354687 0.078125 0.021250
0 0.421875 0.295312 0.059375 0.013750
0 0.557500 0.253125 0.037500 0.010000
2 0.440625 0.251563 0.040625 0.008750
0 0.544375 0.267188 0.046875 0.011250
0 0.487500 0.223438 0.028125 0.007500
2 0.456250 0.234375 0.031250 0.007500
1 0.251250 0.410938 0.140625 0.040000
2 0.406250 0.240625 0.037500 0.007500
2 0.573750 0.240625 0.031250 0.010000
0 0.502500 0.226562 0.028125 0.007500
