2 0.099609 0.679036 0.066406 0.122396
2 0.752930 0.572591 0.050781 0.080078
2 0.414307 0.451497 0.019043 0.033203
2 0.620605 0.473307 0.017578 0.032552
2 0.568604 0.438477 0.009277 0.018880
2 0.447754 0.435872 0.008789 0.016276
2 0.557373 0.428060 0.008301 0.014974
2 0.363281 0.431315 0.007813 0.013672
2 0.274902 0.444661 0.010742 0.019531
2 0.548584 0.423177 0.007324 0.014323
2 0.499268 0.408203 0.005371 0.009115
2 0.443848 0.412109 0.004883 0.007813
2 0.023926 0.486328 0.022461 0.032552
2 0.051514 0.456380 0.012207 0.018229
2 0.537109 0.412109 0.004883 0.009115
2 0.018311 0.440430 0.007324 0.012370
2 0.389893 0.421875 0.005371 0.010417
2 0.418457 0.411784 0.004883 0.009766
2 0.530273 0.411133 0.004883 0.007161
2 0.448730 0.407227 0.004883 0.007161
2 0.115967 0.437174 0.010254 0.013672
2 0.095703 0.433594 0.010742 0.013021
2 0.544922 0.419596 0.005859 0.011068
2 0.466797 0.421875 0.005859 0.009115
2 0.213867 0.430664 0.007813 0.012370
