0 0.293457 0.545247 0.037109 0.063151
0 0.394775 0.468750 0.020020 0.033854
2 0.591553 0.444987 0.015137 0.026693
0 0.426758 0.443359 0.013672 0.026042
2 0.673096 0.490885 0.025879 0.045573
2 0.562988 0.427083 0.009766 0.016927
0 0.445313 0.425781 0.010742 0.018229
2 0.546875 0.416667 0.007813 0.014323
2 0.541260 0.409180 0.006348 0.014974
0 0.457275 0.416016 0.006348 0.014323
2 0.534912 0.403971 0.006348 0.011068
1 0.530518 0.398112 0.005371 0.013672
2 0.953857 0.693034 0.088379 0.139974
0 0.467041 0.409831 0.005371 0.011068
0 0.468994 0.405273 0.005371 0.009766
1 0.472168 0.398438 0.004883 0.014323
