2 0.163330 0.665690 0.071777 0.110026
2 0.384033 0.472982 0.021973 0.038411
2 0.563721 0.436849 0.011230 0.024740
2 0.592773 0.465820 0.019531 0.033203
2 0.435059 0.440430 0.010742 0.022786
2 0.472900 0.420247 0.005371 0.011068
2 0.462646 0.423503 0.007324 0.013672
2 0.551025 0.427734 0.007324 0.015625
2 0.542480 0.423177 0.005859 0.013021
2 0.357910 0.428711 0.007813 0.014974
2 0.487305 0.417643 0.004883 0.008464
2 0.534180 0.416992 0.004883 0.008464
2 0.222656 0.423828 0.004883 0.009115
2 0.167236 0.431315 0.006348 0.012370
2 0.026611 0.461914 0.013184 0.025391
2 0.186279 0.427734 0.005371 0.010417
2 0.110596 0.429362 0.005371 0.011068
2 0.335938 0.424479 0.004883 0.011719
2 0.411621 0.419922 0.004883 0.009115
2 0.290527 0.420247 0.004883 0.008464
2 0.173340 0.423177 0.004883 0.009115
2 0.274902 0.417643 0.004883 0.008464
2 0.387207 0.413737 0.004883 0.008464
2 0.481445 0.405924 0.004883 0.007161
2 0.250244 0.413737 0.005371 0.008464
2 0.212891 0.419271 0.004883 0.009115
2 0.297852 0.415039 0.004883 0.007161
2 0.326172 0.412760 0.004883 0.007813
