2 0.877686 0.620117 0.094401 0.060059
0 0.126465 0.604818 0.088542 0.055664
2 0.821045 0.447591 0.024089 0.012207
0 0.562012 0.438477 0.021484 0.011719
2 0.833008 0.478190 0.034505 0.017578
0 0.443604 0.472982 0.042318 0.020020
0 0.633789 0.428060 0.020182 0.009766
0 0.693115 0.423177 0.014323 0.007324
2 0.814941 0.434245 0.014323 0.007812
2 0.803467 0.424154 0.012370 0.007324
2 0.782959 0.411784 0.008464 0.005371
0 0.712402 0.417318 0.013021 0.005859
2 0.774658 0.404948 0.009115 0.005371
2 0.765625 0.401693 0.007812 0.004883
0 0.710938 0.411784 0.011068 0.004883
