2 0.337891 0.543945 0.041992 0.064453
2 0.867188 0.629232 0.051758 0.097005
2 0.437256 0.447591 0.015137 0.026693
2 0.656494 0.467448 0.019043 0.035156
2 0.833984 0.436523 0.011719 0.021484
2 0.583984 0.422201 0.008789 0.016276
2 0.558594 0.412760 0.006836 0.011719
2 0.598145 0.415365 0.007813 0.011719
2 0.459473 0.428711 0.008789 0.017578
2 0.473145 0.419271 0.004883 0.015625
2 0.850586 0.414388 0.004883 0.011068
2 0.715576 0.412760 0.006348 0.011719
2 0.485840 0.409505 0.004883 0.009115
2 0.480225 0.413737 0.006348 0.013672
2 0.555176 0.410482 0.005859 0.011068
