0 0.076875 0.815625 0.231250 0.078750
2 0.499375 0.473438 0.078125 0.038750
0 0.173125 0.542188 0.134375 0.048750
2 0.015625 0.484375 0.087500 0.028750
2 0.073750 0.415625 0.068750 0.025000
2 0.421875 0.481250 0.081250 0.046250
0 0.548750 0.173437 0.078125 0.020000
0 0.219375 0.412500 0.075000 0.023750
2 0.489375 0.398438 0.053125 0.021250
0 0.417500 0.428125 0.068750 0.022500
0 0.469375 0.268750 0.050000 0.013750
0 0.508125 0.375000 0.068750 0.016250
2 0.103750 0.371875 0.056250 0.017500
1 0.794375 0.351562 0.109375 0.026250
2 0.521875 0.281250 0.068750 0.023750
2 0.435000 0.264062 0.046875 0.012500
0 0.221875 0.332813 0.040625 0.013750
0 0.210000 0.356250 0.056250 0.015000
0 0.289375 0.301563 0.028125 0.008750
0 0.476250 0.346875 0.056250 0.015000
0 0.460000 0.339062 0.053125 0.015000
2 0.151250 0.317188 0.040625 0.015000
0 0.261875 0.304688 0.028125 0.008750
0 0.222500 0.376563 0.059375 0.020000
2 0.119375 0.323437 0.040625 0.013750
2 0.091250 0.354687 0.040625 0.010000
2 0.170625 0.306250 0.031250 0.008750
2 0.467500 0.110937 0.040625 0.015000
0 0.231250 0.309375 0.031250 0.007500
2 0.083125 0.353125 0.043750 0.008750
0 0.206250 0.326562 0.028125 0.007500
2 0.405000 0.443750 0.075000 0.035000
2 0.208750 0.298438 0.028125 0.007500
2 0.107500 0.334375 0.031250 0.010000
0 0.070625 0.312500 0.025000 0.008750
2 0.047500 0.329688 0.028125 0.007500
2 0.483125 0.378125 0.043750 0.023750
0 0.199375 0.323437 0.034375 0.008750
2 0.092500 0.310937 0.028125 0.007500
2 0.238750 0.295312 0.021875 0.007500
0 0.305000 0.293750 0.018750 0.007500
0 0.298750 0.287500 0.018750 0.007500
0 0.202500 0.296875 0.025000 0.007500
0 0.106250 0.303125 0.018750 0.007500
0 0.038750 0.323437 0.021875 0.007500
2 0.216250 0.293750 0.025000 0.007500
0 0.011875 0.335938 0.028125 0.008750
2 0.166250 0.295312 0.021875 0.007500
0 0.127500 0.301563 0.028125 0.007500
1 0.640000 0.348438 0.028125 0.015000
2 0.265000 0.287500 0.018750 0.007500
2 0.176875 0.293750 0.031250 0.008750
2 0.135000 0.300000 0.025000 0.007500
