1 0.198975 0.619792 0.074707 0.161458
1 0.850342 0.629883 0.089355 0.171224
2 0.687744 0.515951 0.032715 0.054036
0 0.316650 0.532552 0.034668 0.061198
2 0.611084 0.463542 0.019043 0.036458
0 0.388916 0.460612 0.019043 0.037109
2 0.543701 0.414388 0.009277 0.016276
2 0.533691 0.407227 0.007812 0.013672
2 0.560059 0.427409 0.013672 0.021484
0 0.427002 0.425130 0.013184 0.022135
0 0.441162 0.412760 0.009277 0.014323
1 0.046143 0.849609 0.091309 0.229167
2 0.524902 0.401042 0.004883 0.010417
0 0.451172 0.400716 0.004883 0.009766
2 0.520020 0.396810 0.004883 0.009766
2 0.518066 0.392578 0.004883 0.007812
0 0.457031 0.396484 0.004883 0.006510
1 0.969971 0.806966 0.059082 0.136068
0 0.446045 0.406901 0.006348 0.010417
