0 0.451416 0.431966 0.011230 0.021484
2 0.623779 0.428385 0.010254 0.016927
0 0.398193 0.488607 0.023926 0.042318
2 0.730957 0.487305 0.021484 0.043620
2 0.638184 0.440430 0.011719 0.021484
2 0.636230 0.421224 0.007813 0.014323
2 0.660400 0.413411 0.005371 0.011719
0 0.525146 0.414063 0.005371 0.013021
0 0.584473 0.406576 0.004883 0.011068
2 0.707031 0.405273 0.006836 0.012370
0 0.467041 0.421224 0.007324 0.015625
2 0.736328 0.403646 0.004883 0.009115
0 0.633789 0.401693 0.004883 0.009115
2 0.678955 0.409505 0.005371 0.010417
2 0.842285 0.402995 0.004883 0.009115
2 0.770996 0.401042 0.004883 0.010417
0 0.724609 0.398763 0.004883 0.007161
2 0.810059 0.402018 0.004883 0.007161
0 0.687988 0.397786 0.004883 0.006510
1 0.716309 0.397135 0.007813 0.006510
2 0.884277 0.404622 0.004883 0.008464
1 0.853516 0.400065 0.004883 0.009766
0 0.819824 0.401042 0.004883 0.006510
0 0.862305 0.402018 0.004883 0.007161
