2 0.171484 0.607639 0.025781 0.070833
0 0.260547 0.524306 0.008594 0.026389
2 0.378906 0.527778 0.009375 0.030556
0 0.367578 0.527083 0.010156 0.029167
2 0.469531 0.501389 0.007813 0.019444
0 0.461719 0.501389 0.007813 0.019444
0 0.385937 0.500694 0.007813 0.018056
0 0.501563 0.494444 0.007813 0.016667
2 0.588672 0.505556 0.008594 0.022222
2 0.509375 0.493056 0.007813 0.016667
0 0.435937 0.494444 0.007813 0.013889
2 0.575391 0.526389 0.010156 0.030556
0 0.528906 0.486111 0.007813 0.013889
2 0.816016 0.493056 0.008594 0.019444
