1 0.791927 0.416667 0.079630 0.027604
1 0.308333 0.409722 0.050926 0.018750
1 0.351042 0.368981 0.034259 0.012500
1 0.716406 0.406019 0.045370 0.018229
1 0.740885 0.370370 0.027778 0.014063
1 0.309635 0.361111 0.027778 0.010937
1 0.219010 0.367130 0.026852 0.009896
1 0.594271 0.343981 0.026852 0.008333
1 0.121875 0.390278 0.025000 0.009375
1 0.447135 0.325463 0.019444 0.007812
1 0.325781 0.329630 0.012963 0.005729
1 0.196875 0.350463 0.017593 0.009375
1 0.640104 0.316667 0.020370 0.008333
1 0.884635 0.393519 0.031481 0.011979
1 0.051823 0.387500 0.021296 0.006771
1 0.702604 0.321296 0.020370 0.008333
1 0.303385 0.319907 0.012037 0.005729
1 0.755469 0.320833 0.013889 0.006771
1 0.428125 0.303241 0.010185 0.005208
1 0.995052 0.466667 0.046296 0.008854
