1 0.139323 0.776389 0.180556 0.076563
1 0.660417 0.411111 0.050000 0.017708
1 0.705729 0.425000 0.029630 0.026042
1 0.777083 0.442130 0.032407 0.028125
1 0.836719 0.452778 0.040741 0.028646
1 0.458333 0.380093 0.043519 0.016667
1 0.553385 0.349537 0.032407 0.013021
1 0.642969 0.342593 0.029630 0.008854
1 0.793750 0.365741 0.025926 0.010417
1 0.775000 0.342593 0.022222 0.008333
1 0.652344 0.341667 0.022222 0.008854
1 0.668750 0.312037 0.011111 0.005208
1 0.759896 0.326852 0.009259 0.005208
1 0.683854 0.321759 0.017593 0.005208
1 0.672917 0.326852 0.016667 0.005208
