2 0.084961 0.474284 0.021484 0.013672
2 0.161621 0.514648 0.044922 0.030273
2 0.257813 0.475260 0.031250 0.019531
2 0.042725 0.490234 0.028646 0.019043
2 0.275391 0.458984 0.024740 0.015625
2 0.237793 0.446615 0.018229 0.011719
2 0.101807 0.458659 0.018880 0.012207
2 0.253906 0.452799 0.025391 0.013672
2 0.112305 0.450195 0.016276 0.008789
2 0.218262 0.436198 0.013021 0.007813
2 0.207764 0.430990 0.011719 0.006348
2 0.084229 0.451497 0.013672 0.008301
2 0.076416 0.439779 0.009766 0.006348
2 0.121582 0.442057 0.010417 0.006836
2 0.126953 0.436849 0.009115 0.005859
2 0.130859 0.430339 0.007813 0.004883
2 0.199707 0.427083 0.007813 0.004883
2 0.196289 0.425130 0.007813 0.005859
