0 0.371338 0.493164 0.044922 0.027832
2 0.850098 0.552409 0.065755 0.040039
0 0.456787 0.447591 0.025391 0.014160
2 0.685303 0.452799 0.025391 0.014160
2 0.626221 0.425130 0.018229 0.009277
0 0.494873 0.423828 0.016927 0.009277
0 0.513184 0.414714 0.010417 0.005859
1 0.516602 0.408854 0.016927 0.005859
2 0.600098 0.415365 0.011719 0.004883
2 0.588379 0.410156 0.009115 0.004883
2 0.584961 0.407878 0.008464 0.004883
1 0.597412 0.410482 0.017578 0.005371
1 0.520020 0.408529 0.012370 0.004883
0 0.524414 0.404948 0.007813 0.004883
0 0.543945 0.402344 0.006510 0.004883
