0 0.736250 0.589063 0.159375 0.047500
2 0.306250 0.545312 0.140625 0.040000
1 0.408125 0.398438 0.084375 0.023750
2 0.589375 0.403125 0.087500 0.026250
0 0.550000 0.360938 0.059375 0.015000
2 0.382500 0.357812 0.059375 0.017500
2 0.451875 0.307812 0.046875 0.013750
0 0.408750 0.285938 0.028125 0.015000
2 0.359375 0.303125 0.043750 0.011250
2 0.541875 0.298438 0.034375 0.013750
2 0.437500 0.273438 0.034375 0.007500
0 0.461250 0.267188 0.021875 0.007500
0 0.564375 0.251563 0.046875 0.011250
2 0.539375 0.268750 0.018750 0.011250
0 0.486250 0.259375 0.031250 0.007500
