2 0.360596 0.544271 0.034668 0.065104
2 0.422607 0.481445 0.020996 0.041016
2 0.444336 0.457031 0.014648 0.029948
2 0.499023 0.441081 0.010742 0.025391
2 0.563965 0.428060 0.011719 0.021484
2 0.716553 0.483398 0.017090 0.038411
2 0.689697 0.453125 0.017090 0.028646
2 0.622070 0.422526 0.008789 0.018229
2 0.696289 0.419596 0.008789 0.016276
2 0.801758 0.436523 0.014648 0.022786
2 0.776367 0.418945 0.008789 0.016276
2 0.994629 0.423828 0.009766 0.016927
2 0.958008 0.438151 0.014648 0.020833
2 0.859375 0.420573 0.009766 0.018229
1 0.590088 0.402344 0.005371 0.011719
