0 0.226250 0.550676 0.045000 0.091216
2 0.645000 0.418074 0.020000 0.038851
2 0.758750 0.472128 0.032500 0.059122
0 0.388125 0.428209 0.018750 0.038851
2 0.533750 0.402027 0.012500 0.027027
0 0.323125 0.410473 0.011250 0.030405
2 0.423125 0.397804 0.013750 0.021959
0 0.261875 0.407939 0.013750 0.025338
2 0.228750 0.395270 0.015000 0.023649
0 0.200000 0.407095 0.015000 0.027027
0 0.070625 0.407095 0.013750 0.020270
2 0.347500 0.396959 0.015000 0.023649
2 0.281875 0.395270 0.011250 0.020270
2 0.144375 0.396959 0.008750 0.013514
0 0.136250 0.405405 0.015000 0.027027
