1 0.174805 0.439453 0.009766 0.016927
1 0.237549 0.428060 0.006348 0.013672
1 0.203125 0.421875 0.005859 0.010417
1 0.272949 0.420898 0.004883 0.011068
1 0.072021 0.458984 0.015137 0.020833
1 0.083496 0.441406 0.009766 0.015625
1 0.154541 0.430013 0.007324 0.012370
1 0.237793 0.416992 0.006836 0.009766
1 0.262695 0.411458 0.004883 0.009115
1 0.300781 0.414714 0.005859 0.011719
1 0.311035 0.404297 0.004883 0.007813
1 0.319336 0.410807 0.005859 0.010417
1 0.341797 0.406250 0.004883 0.009115
1 0.328613 0.401042 0.004883 0.010417
1 0.357178 0.403971 0.005371 0.008464
1 0.324219 0.401042 0.004883 0.010417
1 0.368652 0.401042 0.004883 0.009115
2 0.340088 0.401693 0.005371 0.006510
0 0.380371 0.402344 0.004883 0.006510
1 0.291992 0.407878 0.004883 0.009766
2 0.352539 0.402018 0.004883 0.007161
1 0.372070 0.400716 0.004883 0.009766
0 0.387695 0.401693 0.004883 0.006510
