1 0.063802 0.701852 0.144444 0.053646
1 0.720833 0.401389 0.036111 0.014583
1 0.474740 0.362963 0.031481 0.010937
1 0.482812 0.370833 0.034259 0.013542
1 0.648438 0.348148 0.016667 0.013542
1 0.622135 0.344907 0.013889 0.011979
1 0.589844 0.339815 0.014815 0.011979
1 0.570312 0.337037 0.018519 0.009375
1 0.566146 0.317130 0.015741 0.005208
1 0.559375 0.319444 0.014815 0.005208
1 0.578125 0.312037 0.009259 0.005208
1 0.509635 0.318519 0.016667 0.006771
1 0.472396 0.328241 0.017593 0.007292
1 0.577083 0.303704 0.009259 0.005208
