2 0.524375 0.530405 0.209459 0.113750
0 0.704375 0.453547 0.042230 0.021250
0 0.635000 0.452703 0.033784 0.020000
0 0.810000 0.458615 0.045608 0.025000
0 0.664375 0.450169 0.035473 0.021250
0 0.889375 0.464527 0.064189 0.036250
0 0.721250 0.447635 0.030405 0.012500
0 0.759375 0.447635 0.030405 0.013750
2 0.396875 0.446791 0.028716 0.013750
2 0.570625 0.484797 0.114865 0.058750
2 0.175625 0.456081 0.027027 0.013750
2 0.448750 0.455236 0.042230 0.017500
2 0.244375 0.451014 0.027027 0.013750
2 0.330625 0.448480 0.025338 0.011250
0 0.341250 0.445946 0.020270 0.010000
2 0.096250 0.460304 0.025338 0.015000
0 0.037500 0.459459 0.027027 0.015000
0 0.156875 0.456081 0.023649 0.013750
2 0.221875 0.452703 0.020270 0.013750
0 0.276875 0.450169 0.021959 0.011250
0 0.743750 0.444257 0.023649 0.010000
0 0.686875 0.444257 0.023649 0.011250
0 0.768125 0.445946 0.027027 0.013750
