0 0.147949 0.665690 0.064453 0.110026
2 0.634277 0.479818 0.021484 0.044271
2 0.852783 0.657552 0.068848 0.108073
0 0.369141 0.483724 0.028320 0.042969
2 0.584229 0.433919 0.014160 0.024089
2 0.952881 0.481771 0.024902 0.042969
2 0.565430 0.417318 0.014648 0.022135
0 0.423584 0.438802 0.014160 0.026042
2 0.748535 0.450195 0.016602 0.029297
2 0.659912 0.428060 0.012207 0.021484
0 0.437500 0.422201 0.010742 0.018880
2 0.614990 0.412109 0.010254 0.018229
0 0.878662 0.437826 0.014160 0.022786
0 0.790527 0.425456 0.011719 0.020182
0 0.724854 0.412435 0.009277 0.016276
0 0.685303 0.403320 0.007324 0.013672
2 0.595459 0.402669 0.007324 0.013672
2 0.553223 0.407552 0.007812 0.015625
2 0.546875 0.402669 0.005859 0.012370
2 0.581055 0.399414 0.006836 0.011068
2 0.541504 0.399414 0.004883 0.011068
2 0.537109 0.397786 0.004883 0.010417
0 0.448486 0.410807 0.007324 0.014323
0 0.459717 0.404948 0.006348 0.013021
2 0.568359 0.396484 0.004883 0.009115
