2 0.500000 0.473438 0.042500 0.078125
2 0.420625 0.479687 0.041250 0.071875
1 0.794375 0.350000 0.031250 0.118750
0 0.076875 0.803125 0.068750 0.225000
0 0.175000 0.546875 0.045000 0.125000
0 0.365000 0.467187 0.040000 0.078125
2 0.408750 0.439063 0.035000 0.059375
0 0.219375 0.409375 0.021250 0.075000
0 0.548750 0.176563 0.017500 0.071875
2 0.470000 0.360938 0.015000 0.059375
0 0.509375 0.375000 0.016250 0.062500
2 0.523125 0.279687 0.016250 0.059375
0 0.470000 0.270313 0.012500 0.046875
2 0.073750 0.417187 0.022500 0.065625
2 0.102500 0.375000 0.017500 0.050000
2 0.486250 0.356250 0.022500 0.043750
0 0.211250 0.354687 0.012500 0.046875
2 0.151250 0.314063 0.012500 0.034375
2 0.435625 0.262500 0.013750 0.043750
2 0.015000 0.485938 0.025000 0.090625
2 0.120000 0.325000 0.012500 0.037500
0 0.230625 0.309375 0.008750 0.025000
0 0.223125 0.334375 0.013750 0.037500
0 0.262500 0.303125 0.007500 0.025000
2 0.090625 0.354687 0.011250 0.040625
0 0.199375 0.321875 0.008750 0.031250
2 0.171250 0.307812 0.010000 0.028125
0 0.206875 0.328125 0.008750 0.031250
2 0.107500 0.334375 0.012500 0.037500
2 0.046875 0.326562 0.008750 0.028125
0 0.223750 0.373437 0.017500 0.053125
0 0.290000 0.298438 0.007500 0.021875
2 0.085000 0.351562 0.010000 0.040625
2 0.208750 0.298438 0.007500 0.028125
2 0.091875 0.310937 0.008750 0.028125
2 0.135000 0.298438 0.007500 0.028125
2 0.216250 0.292187 0.007500 0.028125
0 0.265000 0.287500 0.007500 0.018750
0 0.305000 0.296875 0.007500 0.018750
0 0.128750 0.300000 0.007500 0.018750
0 0.459375 0.340625 0.013750 0.043750
0 0.071250 0.315625 0.007500 0.018750
2 0.466875 0.109375 0.011250 0.043750
0 0.298750 0.290625 0.007500 0.018750
0 0.012500 0.334375 0.007500 0.025000
0 0.105000 0.306250 0.007500 0.025000
2 0.238750 0.296875 0.007500 0.025000
2 0.176250 0.293750 0.007500 0.025000
0 0.202500 0.296875 0.007500 0.025000
0 0.041250 0.323437 0.007500 0.028125
2 0.166250 0.296875 0.007500 0.018750
2 0.231250 0.295312 0.007500 0.021875
0 0.306250 0.295312 0.007500 0.021875
