1 0.046094 0.851389 0.184259 0.078646
1 0.291667 0.653241 0.128704 0.057292
1 0.347917 0.496759 0.084259 0.034375
1 0.263021 0.418056 0.045370 0.017708
1 0.305729 0.447685 0.058333 0.026042
1 0.781510 0.460185 0.070370 0.026562
1 0.269531 0.347685 0.023148 0.008854
1 0.171354 0.387037 0.027778 0.011458
1 0.174479 0.348611 0.015741 0.007292
1 0.412240 0.345370 0.025926 0.009896
1 0.616146 0.387963 0.042593 0.016667
1 0.095573 0.383796 0.023148 0.008854
1 0.899740 0.385648 0.028704 0.015104
1 0.988281 0.409722 0.026852 0.010937
1 0.980469 0.702778 0.157407 0.034896
1 0.073958 0.362963 0.014815 0.006250
