0 0.077500 0.812500 0.231250 0.072500
0 0.173750 0.546875 0.131250 0.050000
2 0.500000 0.475000 0.075000 0.040000
2 0.421250 0.478125 0.075000 0.042500
0 0.550000 0.175000 0.075000 0.020000
0 0.219375 0.414062 0.078125 0.028750
2 0.484375 0.375000 0.050000 0.023750
2 0.071875 0.417187 0.065625 0.028750
2 0.014375 0.482812 0.090625 0.028750
0 0.510000 0.375000 0.068750 0.017500
2 0.104375 0.373437 0.053125 0.018750
1 0.793125 0.357812 0.109375 0.026250
0 0.470625 0.271875 0.056250 0.013750
2 0.523125 0.281250 0.062500 0.016250
0 0.223125 0.371875 0.062500 0.018750
0 0.223125 0.334375 0.043750 0.013750
2 0.409375 0.443750 0.056250 0.033750
0 0.393750 0.428125 0.056250 0.027500
2 0.468750 0.364063 0.059375 0.012500
2 0.089375 0.354687 0.040625 0.011250
0 0.230000 0.306250 0.031250 0.010000
2 0.435000 0.265625 0.043750 0.012500
2 0.171250 0.307812 0.028125 0.010000
2 0.150625 0.315625 0.031250 0.013750
0 0.210625 0.353125 0.043750 0.011250
0 0.261875 0.301563 0.028125 0.008750
2 0.120000 0.325000 0.037500 0.012500
2 0.107500 0.337500 0.037500 0.012500
2 0.045625 0.326562 0.034375 0.008750
2 0.468750 0.109375 0.043750 0.010000
0 0.290000 0.301563 0.028125 0.007500
0 0.200000 0.320312 0.034375 0.007500
0 0.207500 0.331250 0.037500 0.007500
0 0.217500 0.293750 0.018750 0.007500
0 0.306250 0.296875 0.025000 0.007500
2 0.209375 0.300000 0.025000 0.008750
0 0.128750 0.298438 0.021875 0.007500
2 0.085000 0.348438 0.040625 0.010000
2 0.091875 0.310937 0.021875 0.008750
0 0.011875 0.334375 0.025000 0.008750
0 0.105000 0.306250 0.025000 0.010000
0 0.202500 0.295312 0.028125 0.007500
0 0.456875 0.343750 0.043750 0.008750
0 0.071250 0.310937 0.021875 0.007500
2 0.238750 0.293750 0.025000 0.007500
2 0.177500 0.293750 0.025000 0.007500
0 0.298750 0.292187 0.021875 0.007500
0 0.038750 0.323437 0.021875 0.007500
2 0.136250 0.300000 0.018750 0.007500
0 0.166250 0.296875 0.018750 0.007500
