1 0.176758 0.439779 0.011719 0.017578
1 0.105225 0.438151 0.009277 0.015625
1 0.189209 0.424805 0.009277 0.013672
1 0.267578 0.423503 0.007813 0.013672
1 0.309570 0.416667 0.006836 0.011719
1 0.241943 0.417643 0.007324 0.011068
1 0.338867 0.414063 0.005859 0.010417
1 0.364990 0.410482 0.005371 0.008464
1 0.329102 0.408854 0.004883 0.009115
1 0.351074 0.405599 0.004883 0.006510
1 0.305664 0.411458 0.004883 0.009115
1 0.373535 0.403971 0.004883 0.008464
1 0.273682 0.414714 0.005371 0.010417
1 0.383301 0.407227 0.004883 0.008464
1 0.420898 0.402995 0.004883 0.006510
1 0.404297 0.405599 0.004883 0.006510
1 0.393555 0.401042 0.004883 0.006510
1 0.433105 0.400391 0.004883 0.006510
1 0.443848 0.399089 0.004883 0.006510
