1 0.309326 0.494466 0.036621 0.077474
1 0.338867 0.474284 0.031250 0.072266
1 0.668945 0.493164 0.038086 0.078776
0 0.217773 0.577799 0.043945 0.074870
2 0.742188 0.562174 0.049805 0.074870
1 0.642334 0.472005 0.030762 0.070313
2 0.596191 0.450521 0.014648 0.026042
0 0.386963 0.450846 0.017090 0.027995
0 0.413086 0.429362 0.009766 0.020182
2 0.566650 0.426432 0.013184 0.026042
0 0.437744 0.414388 0.006348 0.013672
0 0.462402 0.406901 0.004883 0.010417
2 0.538330 0.410482 0.006348 0.013672
2 0.537109 0.399740 0.004883 0.011719
0 0.481445 0.402018 0.004883 0.008464
0 0.528809 0.392578 0.004883 0.006510
2 0.552490 0.403971 0.005371 0.009766
0 0.479492 0.397461 0.004883 0.007161
0 0.471680 0.393880 0.004883 0.006510
