2 0.803955 0.552083 0.066406 0.043457
0 0.321533 0.526367 0.057943 0.038574
0 0.477295 0.421549 0.017578 0.008301
2 0.649902 0.444987 0.026693 0.014648
0 0.441895 0.443359 0.028646 0.014648
0 0.533447 0.414063 0.015625 0.009277
2 0.635010 0.426107 0.018880 0.009277
0 0.697266 0.411784 0.013672 0.006836
2 0.774658 0.423828 0.015625 0.008301
0 0.607422 0.410807 0.013021 0.006836
2 0.683594 0.420247 0.014974 0.009766
0 0.743896 0.412435 0.012370 0.006348
0 0.783691 0.414063 0.013021 0.007813
2 0.914551 0.429036 0.015625 0.010742
0 0.955322 0.422201 0.012370 0.008301
