2 0.298828 0.453125 0.028646 0.014648
0 0.260742 0.568034 0.072266 0.041016
2 0.155762 0.452148 0.016276 0.016602
2 0.483398 0.456706 0.034505 0.017578
0 0.176025 0.510417 0.029948 0.035645
2 0.828369 0.545247 0.073568 0.038574
0 0.096436 0.500000 0.040365 0.025879
2 0.621338 0.475260 0.041667 0.020020
2 0.869629 0.447591 0.027995 0.013672
2 0.068604 0.452148 0.021484 0.015137
0 0.940674 0.427083 0.019531 0.011230
2 0.808105 0.426758 0.017578 0.011719
2 0.769287 0.409505 0.015625 0.008301
2 0.751221 0.401367 0.016276 0.008301
0 0.892822 0.416016 0.016927 0.009277
2 0.729004 0.390625 0.009115 0.004883
2 0.723633 0.387370 0.007812 0.004883
0 0.857666 0.409831 0.011068 0.008301
0 0.831055 0.402018 0.011068 0.004883
0 0.793945 0.393229 0.009115 0.004883
0 0.811035 0.396810 0.011068 0.004883
0 0.781250 0.389648 0.008464 0.004883
0 0.769531 0.387370 0.006510 0.004883
0 0.758789 0.386393 0.007161 0.004883
2 0.738281 0.396484 0.009115 0.008789
2 0.717285 0.384766 0.006510 0.004883
