0 0.247266 0.587500 0.072222 0.032031
0 0.685937 0.527083 0.068056 0.023438
0 0.610938 0.478472 0.054167 0.017188
2 0.569141 0.452083 0.043056 0.016406
2 0.194531 0.484028 0.031944 0.012500
0 0.257422 0.498611 0.044444 0.016406
2 0.525391 0.411806 0.023611 0.010156
2 0.275781 0.441667 0.025000 0.009375
2 0.811719 0.390278 0.025000 0.012500
1 0.014844 0.532639 0.037500 0.010937
2 0.143750 0.457639 0.023611 0.007813
2 0.046094 0.496528 0.026389 0.009375
2 0.939844 0.424306 0.037500 0.014063
1 0.040625 0.527083 0.034722 0.012500
