1 0.203857 0.591797 0.065918 0.144531
1 0.056152 0.731445 0.112305 0.229818
1 0.907959 0.705404 0.112793 0.220703
1 0.789307 0.604818 0.072754 0.154948
2 0.667480 0.507813 0.031250 0.050781
0 0.314697 0.522135 0.029785 0.057292
0 0.386719 0.456055 0.019531 0.034505
2 0.600098 0.462891 0.021484 0.033854
2 0.557617 0.424805 0.011719 0.018880
2 0.543945 0.412435 0.008789 0.014974
0 0.427246 0.423177 0.011719 0.019531
2 0.534424 0.406250 0.007324 0.011719
0 0.454102 0.401042 0.004883 0.007813
0 0.447754 0.405273 0.004883 0.011068
0 0.442139 0.411784 0.006348 0.012370
2 0.526855 0.400065 0.004883 0.009766
2 0.520508 0.392253 0.004883 0.008464
0 0.460938 0.395508 0.004883 0.007161
0 0.463379 0.392904 0.004883 0.007161
2 0.522949 0.396159 0.004883 0.009766
