2 0.210000 0.843750 0.200000 0.110000
2 0.721875 0.770312 0.240625 0.078750
0 0.376875 0.498437 0.121875 0.041250
0 0.620000 0.456250 0.093750 0.030000
0 0.442500 0.371875 0.062500 0.017500
2 0.593750 0.376563 0.059375 0.020000
2 0.576250 0.320312 0.046875 0.012500
2 0.485000 0.303125 0.037500 0.010000
2 0.473750 0.320312 0.046875 0.012500
0 0.510000 0.293750 0.031250 0.007500
0 0.564375 0.300000 0.031250 0.011250
2 0.553750 0.276562 0.028125 0.007500
0 0.580000 0.296875 0.025000 0.007500
0 0.590000 0.292187 0.028125 0.007500
0 0.495000 0.282813 0.028125 0.007500
0 0.541250 0.262500 0.018750 0.007500
0 0.412500 0.287500 0.025000 0.007500
