2 0.506875 0.571791 0.187500 0.121250
2 0.201875 0.664696 0.400338 0.218750
2 0.595000 0.534628 0.106419 0.060000
0 0.933125 0.518581 0.084459 0.051250
0 0.810000 0.510980 0.065878 0.040000
0 0.683125 0.505068 0.057432 0.031250
2 0.450000 0.510135 0.064189 0.030000
2 0.405625 0.505068 0.054054 0.028750
2 0.372500 0.500000 0.043919 0.025000
2 0.331250 0.499155 0.042230 0.020000
0 0.621250 0.498311 0.050676 0.025000
0 0.561250 0.496622 0.043919 0.020000
2 0.287500 0.498311 0.037162 0.017500
2 0.243125 0.497466 0.032095 0.016250
2 0.158125 0.499155 0.025338 0.013750
2 0.129375 0.498311 0.023649 0.011250
2 0.120625 0.498311 0.027027 0.013750
2 0.067500 0.494932 0.023649 0.012500
