0 0.292969 0.555990 0.054688 0.035156
0 0.429688 0.494792 0.031250 0.017578
0 0.491211 0.477214 0.024740 0.011719
2 0.641113 0.555339 0.061198 0.036133
2 0.647461 0.501953 0.032552 0.019531
2 0.640137 0.477865 0.023438 0.012695
0 0.499023 0.473307 0.022135 0.009766
0 0.520508 0.460938 0.018229 0.007812
0 0.470703 0.451172 0.016927 0.007812
0 0.429688 0.442708 0.015625 0.005859
0 0.454102 0.434896 0.010417 0.005859
2 0.640137 0.461589 0.019531 0.010742
2 0.568359 0.449219 0.018229 0.009766
2 0.506836 0.437500 0.015625 0.007812
