2 0.044189 0.645833 0.102865 0.072754
2 0.278564 0.498698 0.045573 0.027832
2 0.250732 0.472656 0.033854 0.022949
2 0.365723 0.444661 0.026042 0.013672
2 0.593750 0.484375 0.042969 0.022461
2 0.544434 0.439779 0.027995 0.013672
2 0.395020 0.426758 0.020182 0.012695
2 0.228027 0.438477 0.018880 0.010742
2 0.418701 0.411458 0.014323 0.008301
2 0.522217 0.420247 0.017578 0.009277
2 0.514404 0.410807 0.015625 0.008301
2 0.334961 0.418945 0.017578 0.009766
2 0.266357 0.406250 0.011719 0.008301
2 0.139404 0.409505 0.013021 0.009277
2 0.440918 0.395833 0.007813 0.004883
2 0.507324 0.403646 0.011719 0.005859
2 0.500732 0.399089 0.009115 0.005371
2 0.498535 0.395833 0.007813 0.004883
2 0.427979 0.405599 0.011719 0.006348
2 0.408203 0.401042 0.010417 0.004883
2 0.449219 0.392578 0.006510 0.004883
2 0.169434 0.416341 0.014974 0.009766
2 0.006348 0.457682 0.020833 0.012695
2 0.021240 0.452799 0.021484 0.014160
2 0.032959 0.425130 0.014323 0.010254
2 0.122559 0.406576 0.009766 0.006836
2 0.180420 0.403646 0.010417 0.006348
