0 0.308105 0.512695 0.050130 0.025391
2 0.833740 0.573242 0.081380 0.042480
0 0.488525 0.458659 0.033203 0.018066
2 0.856201 0.488281 0.040365 0.020020
2 0.725830 0.475911 0.037760 0.020020
2 0.772949 0.458333 0.028646 0.014648
0 0.528320 0.438477 0.022786 0.010742
0 0.545410 0.430339 0.020833 0.009766
2 0.678223 0.448893 0.025391 0.010742
2 0.729248 0.442057 0.022135 0.013184
0 0.850342 0.452148 0.021484 0.010254
0 0.795166 0.442383 0.017578 0.010254
0 0.938965 0.470052 0.028646 0.012695
2 0.656738 0.435221 0.018880 0.008789
2 0.699463 0.437174 0.016276 0.008301
2 0.388428 0.420247 0.012370 0.010254
0 0.441650 0.419596 0.011068 0.007324
