0 0.145264 0.495117 0.037109 0.021973
0 0.206543 0.582031 0.074219 0.038086
2 0.358887 0.442708 0.023438 0.013672
2 0.881836 0.518880 0.053385 0.030273
2 0.659912 0.475260 0.029948 0.028809
2 0.495117 0.454102 0.031901 0.017578
2 0.337646 0.431966 0.018880 0.011230
0 0.141846 0.463216 0.020182 0.016113
0 0.171875 0.442383 0.018880 0.009766
0 0.285400 0.421549 0.014974 0.008301
2 0.423584 0.419271 0.011719 0.012207
0 0.225342 0.430013 0.016276 0.009277
2 0.499268 0.410156 0.016927 0.009277
2 0.612793 0.404622 0.013672 0.007812
0 0.481201 0.405924 0.008464 0.009277
0 0.378418 0.413086 0.013672 0.006836
2 0.727539 0.401693 0.013021 0.006836
0 0.606934 0.397786 0.010417 0.004883
