2 0.051270 0.699219 0.076172 0.119792
2 0.199219 0.503255 0.027344 0.046875
2 0.795898 0.618815 0.056641 0.090495
2 0.612305 0.467122 0.017578 0.033203
2 0.577881 0.438151 0.010254 0.020833
2 0.412109 0.439453 0.013672 0.026042
2 0.560303 0.424805 0.009277 0.016276
2 0.457275 0.418620 0.008301 0.014323
2 0.271240 0.423828 0.009277 0.015625
2 0.363770 0.415690 0.004883 0.012370
2 0.546143 0.416667 0.005371 0.011719
2 0.410400 0.412435 0.005371 0.011068
2 0.469971 0.414714 0.005371 0.010417
2 0.228516 0.416667 0.006836 0.016927
2 0.479248 0.407878 0.006348 0.012370
2 0.314941 0.406576 0.004883 0.008464
2 0.542480 0.413737 0.006836 0.012370
2 0.295410 0.412109 0.004883 0.010417
2 0.421387 0.408854 0.004883 0.009115
