2 0.941650 0.599935 0.087891 0.052246
2 0.710693 0.487305 0.048828 0.028809
2 0.599365 0.445313 0.029948 0.016113
0 0.235107 0.508464 0.046875 0.027832
2 0.494629 0.430990 0.024740 0.012695
0 0.173096 0.456706 0.027995 0.015137
0 0.260254 0.466146 0.032552 0.017578
2 0.393311 0.426432 0.023438 0.011230
2 0.311768 0.424805 0.017578 0.010254
2 0.217041 0.430339 0.019531 0.010254
2 0.108398 0.436523 0.016276 0.008789
2 0.116699 0.425130 0.014323 0.008789
2 0.172363 0.415039 0.012370 0.007813
0 0.029785 0.459635 0.023438 0.013672
2 0.260498 0.404948 0.011719 0.009277
2 0.062012 0.435872 0.014974 0.009766
0 0.051514 0.426758 0.011068 0.006348
2 0.411621 0.389974 0.009115 0.004883
0 0.331055 0.393229 0.007813 0.004883
0 0.250977 0.401367 0.008464 0.004883
0 0.146973 0.415039 0.008464 0.004883
1 0.344238 0.396159 0.009766 0.004883
2 0.478516 0.385091 0.008464 0.004883
0 0.498047 0.382161 0.006510 0.004883
1 0.519531 0.379557 0.010417 0.004883
2 0.531250 0.382161 0.007813 0.004883
0 0.378418 0.389323 0.007813 0.004883
1 0.512207 0.379557 0.010417 0.004883
1 0.543457 0.380534 0.011068 0.004883
1 0.178711 0.402669 0.009766 0.004883
2 0.596191 0.380534 0.007161 0.004883
