0 0.075625 0.810937 0.221875 0.078750
0 0.174375 0.543750 0.131250 0.048750
0 0.218125 0.417187 0.078125 0.026250
2 0.421250 0.481250 0.068750 0.042500
2 0.501875 0.470313 0.078125 0.041250
2 0.072500 0.415625 0.062500 0.020000
0 0.420625 0.420312 0.053125 0.023750
2 0.485000 0.378125 0.050000 0.025000
2 0.014375 0.485938 0.090625 0.026250
2 0.151875 0.317188 0.028125 0.008750
0 0.508750 0.376563 0.065625 0.015000
2 0.521250 0.276562 0.065625 0.015000
2 0.101875 0.370312 0.046875 0.016250
2 0.089375 0.351562 0.040625 0.008750
0 0.548125 0.175000 0.068750 0.018750
0 0.468125 0.270313 0.046875 0.011250
2 0.434375 0.264062 0.040625 0.011250
0 0.221875 0.368750 0.068750 0.018750
1 0.792500 0.354687 0.109375 0.027500
2 0.467500 0.110937 0.040625 0.012500
2 0.410000 0.442188 0.059375 0.035000
0 0.223125 0.332813 0.034375 0.011250
0 0.261875 0.301563 0.028125 0.008750
2 0.120625 0.326562 0.034375 0.011250
2 0.106250 0.334375 0.037500 0.010000
0 0.211250 0.351562 0.040625 0.012500
2 0.470000 0.359375 0.056250 0.012500
0 0.231250 0.309375 0.031250 0.007500
0 0.290000 0.300000 0.025000 0.007500
2 0.171250 0.307812 0.028125 0.007500
0 0.205625 0.328125 0.037500 0.008750
0 0.201250 0.321875 0.031250 0.007500
2 0.209375 0.298438 0.028125 0.008750
0 0.128750 0.303125 0.025000 0.007500
0 0.177500 0.293750 0.018750 0.007500
