0 0.676875 0.662500 0.056250 0.193750
2 0.403125 0.439063 0.033750 0.121875
0 0.556875 0.418750 0.023750 0.100000
0 0.891875 0.425000 0.043750 0.125000
2 0.314375 0.648438 0.068750 0.246875
0 0.419375 0.298438 0.013750 0.053125
0 0.483750 0.325000 0.015000 0.068750
2 0.359375 0.379688 0.023750 0.096875
2 0.290000 0.264062 0.012500 0.046875
2 0.285625 0.340625 0.018750 0.081250
2 0.811250 0.228125 0.010000 0.031250
2 0.260625 0.281250 0.013750 0.050000
2 0.745625 0.228125 0.013750 0.031250
0 0.878125 0.253125 0.016250 0.043750
0 0.382500 0.281250 0.012500 0.050000
2 0.873750 0.218750 0.007500 0.031250
2 0.690000 0.225000 0.007500 0.031250
2 0.631250 0.201563 0.012500 0.046875
2 0.348750 0.285938 0.015000 0.021875
2 0.553750 0.190625 0.010000 0.025000
1 0.975625 0.256250 0.008750 0.043750
2 0.952500 0.223438 0.007500 0.034375
0 0.743750 0.257812 0.017500 0.034375
2 0.661250 0.210938 0.007500 0.028125
1 0.981875 0.554688 0.033750 0.121875
0 0.338125 0.243750 0.008750 0.031250
