2 0.375732 0.494466 0.046224 0.025879
2 0.624756 0.451172 0.024740 0.014160
2 0.962402 0.568359 0.069010 0.041992
2 0.669189 0.483398 0.041016 0.024902
2 0.433838 0.441081 0.029297 0.014160
2 0.688965 0.436849 0.018229 0.009766
2 0.575439 0.423503 0.016276 0.008301
2 0.456055 0.424154 0.017578 0.010742
2 0.468506 0.412760 0.014323 0.006348
2 0.678711 0.421875 0.014323 0.007813
2 0.563721 0.414714 0.013021 0.007324
2 0.553955 0.407878 0.011068 0.005371
2 0.475342 0.405924 0.009766 0.005371
2 0.581787 0.410482 0.012370 0.007324
2 0.772949 0.424805 0.012370 0.006836
2 0.786865 0.425130 0.013021 0.007324
2 0.548828 0.403646 0.011719 0.004883
2 0.678711 0.404948 0.009115 0.004883
2 0.481934 0.400716 0.007161 0.004883
2 0.495117 0.395182 0.009115 0.004883
2 0.515137 0.393880 0.006510 0.004883
2 0.849609 0.413086 0.009766 0.004883
2 0.773682 0.406576 0.008464 0.005371
2 0.600098 0.391602 0.009766 0.004883
