2 0.336250 0.496875 0.075000 0.032500
0 0.851250 0.635938 0.146875 0.095000
0 0.775000 0.475000 0.100000 0.050000
2 0.668750 0.431250 0.093750 0.027500
2 0.418125 0.379688 0.059375 0.016250
0 0.600625 0.375000 0.062500 0.013750
2 0.435625 0.356250 0.050000 0.011250
2 0.345000 0.371875 0.062500 0.015000
0 0.545000 0.317188 0.034375 0.010000
0 0.380625 0.346875 0.043750 0.021250
0 0.653750 0.339062 0.040625 0.022500
0 0.403125 0.321875 0.025000 0.013750
2 0.558750 0.321875 0.031250 0.015000
2 0.442500 0.332813 0.040625 0.007500
2 0.575625 0.256250 0.043750 0.011250
1 0.537500 0.298438 0.034375 0.012500
0 0.430625 0.304688 0.028125 0.011250
2 0.451250 0.320312 0.034375 0.007500
