0 0.254688 0.515278 0.027778 0.009375
0 0.214453 0.535417 0.040278 0.016406
0 0.256641 0.545833 0.044444 0.014844
2 0.272266 0.547917 0.054167 0.016406
0 0.284766 0.509722 0.027778 0.008594
0 0.478125 0.497222 0.019444 0.007813
0 0.344531 0.502778 0.016667 0.007813
0 0.389844 0.497222 0.016667 0.007813
2 0.485156 0.497917 0.020833 0.007813
0 0.450000 0.488889 0.013889 0.007813
0 0.517188 0.487500 0.013889 0.007813
2 0.604688 0.498611 0.019444 0.007813
2 0.621875 0.513194 0.020833 0.007813
0 0.485938 0.479167 0.013889 0.007813
0 0.539063 0.479861 0.015278 0.007813
