1 0.079590 0.720052 0.094727 0.139323
1 0.714111 0.489583 0.025879 0.041667
1 0.626465 0.442057 0.014648 0.027344
1 0.364502 0.487630 0.026855 0.042969
1 0.425781 0.442057 0.014648 0.026042
1 0.569580 0.412109 0.008301 0.016927
1 0.586182 0.422526 0.011230 0.019531
1 0.457520 0.413086 0.007812 0.017578
1 0.445557 0.425781 0.010254 0.018229
1 0.547363 0.401042 0.005859 0.010417
1 0.556641 0.404948 0.006836 0.013021
1 0.541504 0.398112 0.004883 0.009766
1 0.465332 0.406901 0.004883 0.013021
1 0.478516 0.398763 0.004883 0.008464
1 0.535645 0.396810 0.004883 0.008464
1 0.973877 0.693685 0.050293 0.111328
