2 0.769375 0.542188 0.098750 0.271875
0 0.630000 0.345313 0.055000 0.178125
0 0.690625 0.292187 0.046250 0.153125
0 0.030625 0.464062 0.058750 0.234375
0 0.961875 0.821875 0.073750 0.350000
2 0.124375 0.259375 0.043750 0.143750
2 0.203750 0.192188 0.037500 0.128125
2 0.764375 0.223438 0.038750 0.128125
1 0.026250 0.351562 0.052500 0.190625
0 0.357500 0.164062 0.030000 0.109375
0 0.426875 0.151562 0.028750 0.103125
2 0.508125 0.135937 0.026250 0.096875
2 0.713125 0.125000 0.023750 0.093750
2 0.787500 0.193750 0.022500 0.118750
2 0.761250 0.162500 0.022500 0.106250
2 0.602500 0.110937 0.022500 0.084375
2 0.489375 0.109375 0.023750 0.093750
