1 0.167969 0.566204 0.043229 0.110185
1 0.347656 0.379630 0.020313 0.042593
1 0.724219 0.530093 0.045312 0.095370
1 0.366667 0.357870 0.015625 0.039815
1 0.601042 0.378704 0.017708 0.040741
1 0.546354 0.344444 0.012500 0.031481
1 0.234375 0.348611 0.009375 0.028704
1 0.289062 0.345370 0.010417 0.029630
1 0.336198 0.347222 0.010937 0.029630
1 0.415885 0.312037 0.008854 0.022222
1 0.114323 0.356944 0.008854 0.021296
1 0.494531 0.322685 0.011979 0.026852
1 0.274740 0.314352 0.009896 0.015741
1 0.685417 0.312963 0.007292 0.025926
1 0.572917 0.294444 0.005208 0.016667
1 0.667188 0.307870 0.009375 0.017593
1 0.011979 0.374074 0.007292 0.020370
1 0.647135 0.293981 0.006771 0.023148
1 0.705729 0.327778 0.008333 0.022222
1 0.563802 0.286111 0.005729 0.012963
1 0.042708 0.347222 0.009375 0.022222
1 0.607552 0.291204 0.005729 0.013889
1 0.156250 0.330093 0.006250 0.017593
1 0.791667 0.328704 0.005208 0.018519
1 0.770833 0.318981 0.005208 0.019444
1 0.759896 0.315278 0.005208 0.017593
1 0.726042 0.303241 0.005208 0.015741
0 0.740625 0.308796 0.005208 0.015741
1 0.780729 0.323148 0.005208 0.018519
1 0.625260 0.290741 0.010937 0.009259
