1 0.343490 0.387963 0.020313 0.046296
1 0.500521 0.323148 0.011458 0.024074
1 0.364583 0.365278 0.013542 0.041667
1 0.286198 0.352315 0.010937 0.034259
1 0.754167 0.569907 0.056250 0.126852
1 0.123177 0.617593 0.057813 0.144444
1 0.610938 0.387500 0.020833 0.050926
1 0.554167 0.350000 0.016667 0.040741
1 0.333333 0.352315 0.013542 0.030556
1 0.419271 0.313889 0.009375 0.025926
1 0.229948 0.353241 0.013021 0.032407
1 0.276302 0.317130 0.007812 0.019444
1 0.719271 0.330093 0.009375 0.019444
1 0.698177 0.313426 0.011979 0.028704
1 0.677604 0.309722 0.010417 0.015741
1 0.657552 0.295833 0.006771 0.021296
1 0.582031 0.296296 0.006771 0.018519
1 0.572135 0.287963 0.005729 0.014815
1 0.110937 0.361111 0.008333 0.022222
1 0.155990 0.334722 0.006771 0.019444
1 0.616667 0.292130 0.005208 0.015741
1 0.009115 0.379167 0.007812 0.023148
1 0.044010 0.352315 0.006771 0.019444
1 0.783854 0.321759 0.006250 0.019444
1 0.752604 0.311111 0.005208 0.014815
