0 0.219238 0.569010 0.062500 0.034180
2 0.652832 0.560547 0.058594 0.036133
2 0.576172 0.501302 0.036458 0.019531
2 0.541504 0.473307 0.024740 0.014648
0 0.301270 0.509766 0.035156 0.018555
0 0.348145 0.480469 0.026042 0.012695
0 0.383301 0.451172 0.014323 0.008789
0 0.369629 0.462240 0.020833 0.008789
2 0.517090 0.457682 0.019531 0.008789
2 0.499023 0.449870 0.014323 0.005859
2 0.488281 0.443359 0.011719 0.005859
0 0.391602 0.445312 0.010417 0.005859
2 0.478516 0.440755 0.011719 0.005859
2 0.464844 0.437500 0.010417 0.005859
1 0.946777 0.464844 0.018229 0.008789
0 0.128906 0.445964 0.011719 0.007812
0 0.401367 0.442057 0.011719 0.005859
0 0.410156 0.438802 0.007812 0.005859
