0 0.823750 0.659375 0.218750 0.082500
0 0.770000 0.404687 0.090625 0.050000
0 0.100000 0.643750 0.181250 0.067500
2 0.294375 0.439063 0.109375 0.038750
2 0.447500 0.290625 0.056250 0.012500
2 0.644375 0.328125 0.081250 0.021250
0 0.318125 0.345313 0.065625 0.021250
0 0.415625 0.321875 0.056250 0.021250
2 0.586250 0.246875 0.043750 0.015000
0 0.697500 0.226562 0.040625 0.012500
0 0.628125 0.275000 0.050000 0.013750
0 0.634375 0.214062 0.040625 0.013750
2 0.464375 0.267188 0.046875 0.011250
2 0.543750 0.225000 0.037500 0.007500
