0 0.834375 0.559122 0.118750 0.168919
0 0.639375 0.516892 0.048750 0.101351
0 0.427500 0.487331 0.020000 0.045608
0 0.557500 0.501689 0.035000 0.070946
0 0.489375 0.495777 0.028750 0.062500
0 0.345625 0.483108 0.018750 0.040541
0 0.268125 0.480574 0.018750 0.038851
2 0.023125 0.546453 0.046250 0.143581
2 0.163125 0.500000 0.036250 0.070946
2 0.130000 0.486486 0.030000 0.054054
0 0.206250 0.473818 0.017500 0.035473
0 0.303750 0.472973 0.015000 0.030405
1 0.285625 0.472973 0.013750 0.027027
2 0.035000 0.513514 0.045000 0.101351
2 0.066250 0.475507 0.025000 0.048986
