2 0.185547 0.520182 0.031250 0.049479
2 0.081543 0.486654 0.017578 0.027995
2 0.125977 0.468099 0.012695 0.028646
2 0.291992 0.475911 0.016602 0.035156
2 0.315430 0.458333 0.014648 0.024740
2 0.295166 0.450846 0.011230 0.022786
2 0.280273 0.441732 0.010742 0.017578
2 0.262695 0.431641 0.007813 0.014323
2 0.148193 0.452799 0.010254 0.017578
2 0.160400 0.444661 0.008301 0.014323
2 0.169922 0.435872 0.007813 0.012370
2 0.254395 0.427083 0.006836 0.013021
2 0.134521 0.444987 0.009277 0.012370
2 0.182129 0.425130 0.004883 0.009115
